-8.942850850760101125e-12
-1.085456932911179617e+00
-1.998582074796188834e+01
-2.114934553386515859e+01
-3.140019435961522554e+00
2.004416780636529005e-01
2.005293734444910936e-01
2.006273772540068945e-01
2.007357238883155925e-01
2.008544514668945125e-01
2.009836018744108055e-01
2.011232208068934046e-01
2.012733578223591113e-01
2.014340663960151045e-01
2.016054039801737918e-01
2.017874320690266066e-01
2.019802162684380953e-01
2.021838263709345995e-01
2.023983364360789905e-01
2.026238248764344885e-01
2.028603745493421928e-01
2.031080728547504100e-01
2.033670118393557935e-01
2.036372883073349072e-01
2.039190039379653874e-01
2.042122654104621127e-01
2.045171845363744911e-01
2.048338783999200940e-01
2.051624695066567028e-01
2.055030859409263111e-01
2.058558615325364882e-01
2.062209360331805075e-01
2.065984553031363080e-01
2.069885715088226885e-01
2.073914433318418959e-01
2.078072361901769083e-01
2.082361224722749926e-01
2.086782817847959992e-01
2.091339012148722976e-01
2.096031756077915975e-01
2.100863078610883949e-01
2.105835092361084959e-01
2.110949996881993918e-01
2.116210082167744033e-01
2.121617732366015974e-01
2.127175429717854949e-01
2.132885758740316884e-01
2.138751410669249009e-01
2.144775188181012038e-01
2.150960010413612011e-01
2.157308918309573942e-01
2.163825080304870863e-01
2.170511798390535041e-01
2.177372514575982021e-01
2.184410817785895076e-01
2.191630451225541065e-01
2.199035320252782921e-01
2.206629500798868992e-01
2.214417248384250025e-01
2.222403007780434925e-01
2.230591423374146953e-01
2.238987350295950085e-01
2.247595866382162133e-01
2.256422285046353893e-01
2.265472169145104908e-01
2.274751345932236879e-01
2.284265923206501014e-01
2.294022306769818997e-01
2.304027219327159925e-01
2.314287720974750884e-01
2.324811231441530068e-01
2.335605554269148953e-01
2.346678903139632899e-01
2.358039930586930122e-01
2.369697759359865874e-01
2.381662016740384025e-01
2.393942872162823921e-01
2.406551078528965104e-01
2.419498017670475010e-01
2.432795750477192986e-01
2.446457072287906986e-01
2.460495574232748894e-01
2.474925711325325905e-01
2.489762878232590904e-01
2.505023493804756085e-01
2.520725095632859736e-01
2.536886446123911010e-01
2.553527651852486868e-01
2.570670298274072008e-01
2.588337602283736216e-01
2.606554585592547046e-01
2.625348272497424196e-01
2.644747916369225016e-01
2.664785260119911237e-01
2.685494837087977205e-01
2.706914320274307895e-01
2.729084929768794132e-01
2.752051910665155865e-01
2.775865096955978939e-01
2.800579581090988923e-01
2.826256514438680867e-01
2.852964071340888808e-01
2.880778619557793907e-01
2.909786153796101726e-01
2.940084068389242078e-01
2.971783372642591847e-01
2.987770505714150149e-01
2.992294997082599051e-01
2.996564851765163850e-01
3.000857999819924737e-01
3.005349124642563985e-01
3.010040469691809273e-01
3.014934399733597004e-01
3.020033405062140797e-01
3.025340106014499097e-01
3.030857257798040272e-01
3.036587755651944942e-01
3.042534640365843757e-01
3.048701104180812083e-01
3.055090497100350078e-01
3.061706333641519007e-01
3.068552300059336213e-01
3.075300389998821826e-01
3.082047847902110171e-01
3.089028882160403944e-01
3.096247474807686806e-01
3.103707801685542944e-01
3.111414241722746943e-01
3.119371386889795983e-01
3.127584052884809784e-01
3.136057290612975779e-01
3.144796398528336145e-01
3.153806935914040266e-01
3.163094737185375149e-01
3.172665927309272771e-01
3.182526938444379949e-01
3.192684527917674098e-01
3.203145797667028005e-01
3.213918215294302994e-01
3.225009636890993070e-01
3.236428331818086979e-01
3.248183009644475816e-01
3.260282849474159805e-01
3.272737531922145782e-01
3.285557274033326092e-01
3.298752867478069728e-01
3.312335720404190886e-01
3.326317903378204766e-01
3.340648767823509169e-01
3.355137053006977954e-01
3.370054668257027042e-01
3.385416181838105110e-01
3.401237075410492028e-01
3.417533821135230188e-01
3.434323967441995085e-01
3.451626234675330140e-01
3.469460622041771747e-01
3.487848527529164855e-01
3.506812882769801964e-01
3.526378305183591744e-01
3.546571270181879121e-01
3.567420306757682069e-01
3.588956220460173263e-01
3.611212348585489118e-01
3.634224853457179161e-01
3.658033060979450912e-01
3.682679853304575146e-01
3.708212126572731915e-01
3.734489072743701898e-01
3.761558327864377160e-01
3.789658052548378064e-01
3.818854706214541150e-01
3.849222182544553839e-01
3.880843014458983942e-01
3.913809842638352743e-01
3.948227221676081089e-01
3.984213863907518083e-01
4.021905458013417811e-01
4.061458253356000081e-01
4.103053680867280173e-01
4.146904402393787881e-01
4.193262368625115810e-01
4.218633611671849803e-01
4.240292130322507735e-01
4.261254406852637011e-01
4.282759353900945087e-01
4.304998290124369964e-01
4.328004401313869098e-01
4.351813603030244004e-01
4.376464854463537058e-01
4.401187141259361724e-01
4.426789986425384016e-01
4.453327387765610990e-01
4.467464430653830809e-01
4.480712324255075041e-01
4.494435517223590026e-01
4.508646726772616020e-01
4.523359451225453798e-01
4.538588027944884806e-01
4.549603303976824109e-01
4.559891200287299884e-01
4.570600642993730145e-01
4.581740383114327186e-01
4.593319694700070954e-01
4.604114948880340119e-01
4.614684033021506093e-01
4.625685264144929199e-01
4.636568435517092190e-01
4.646795505445547869e-01
4.656454050446381943e-01
4.665931440166509736e-01
4.675827494073598878e-01
4.686150157009630890e-01
4.696907858397201818e-01
4.708109540330093767e-01
4.719242787749486912e-01
4.730582320115662154e-01
4.742380267204647781e-01
4.754646898650150000e-01
4.767393112112868203e-01
4.780630474629031790e-01
4.794371267953029814e-01
4.808628538353579840e-01
4.823416151387899253e-01
4.838748852254174948e-01
4.854642332411391870e-01
4.871113303259714256e-01
4.887930935743117211e-01
4.904879545729681767e-01
4.922440451322593891e-01
4.940633709319645073e-01
4.959480761621091194e-01
4.979004558658001733e-01
4.999229697793847182e-01
5.020182578961379649e-01
5.041891580213788693e-01
5.064387256376996493e-01
5.087307306851396316e-01
5.110520313476580867e-01
5.134585788535029893e-01
5.159165377161525345e-01
5.184171858420125734e-01
5.210114178806309893e-01
5.237037547375500424e-01
5.264991259650895206e-01
5.294029215241646824e-01
5.324210523643736481e-01
5.355600217305279687e-01
5.388270096124296860e-01
5.422299734265524362e-01
5.457777689154483802e-01
5.494802964628869857e-01
5.533486796815176856e-01
5.572622402573493838e-01
5.608782773709433123e-01
5.646537968289397913e-01
5.685407903331434198e-01
5.721041040976466707e-01
5.758232958991229555e-01
5.796452311613500274e-01
5.836096051759611658e-01
5.840862127612973520e-01
5.816912829977760602e-01
5.793866869869280789e-01
5.771689473066771159e-01
5.750348437018039105e-01
5.729813891493961142e-01
5.710058087844749330e-01
5.691055212816419351e-01
5.672781223546257134e-01
5.655213700894945461e-01
5.638331718715360319e-01
5.622115727022772846e-01
5.606547447333595224e-01
5.591609778691571941e-01
5.577286713110931604e-01
5.563563259342904077e-01
5.550425374021302760e-01
5.537859899369015348e-01
5.525854506754848128e-01
5.514397645481573518e-01
5.503478496264493369e-01
5.493086928927178869e-01
5.483213463898962692e-01
5.473849237149042146e-01
5.464985968235404057e-01
5.456615931184750634e-01
5.448731927952492615e-01
5.441327264240869432e-01
5.434395727478592564e-01
5.427931566787772555e-01
5.421929474783658831e-01
5.416384571070225196e-01
5.411292387310266960e-01
5.406648853762604512e-01
5.402450287191477019e-01
5.398693380064530922e-01
5.395375190965939760e-01
5.392493136160630973e-01
5.368539803862032445e-01
5.333577761399304062e-01
5.300031556552585732e-01
5.267815245232971844e-01
5.236851529534750638e-01
5.207070603424991395e-01
5.178409189959161107e-01
5.150809732549346265e-01
5.124219711184930803e-01
5.098591060790917950e-01
5.073879673677667013e-01
5.050044971689844342e-01
5.027049536488066295e-01
5.004858788600852204e-01
4.983440707617681764e-01
4.962765587266858014e-01
4.942805820217578971e-01
4.923535708325432192e-01
4.904931294751725956e-01
4.886970214965392079e-01
4.869631564108884980e-01
4.852895778598178000e-01
4.836744530147973897e-01
4.821160630679746095e-01
4.806127946792438932e-01
4.791631322661817904e-01
4.777656510390865252e-01
4.764190106965878191e-01
4.751219497084909760e-01
4.738732801220333912e-01
4.726718828358836832e-01
4.715167032931584790e-01
4.704067475507270890e-01
4.693410786872284080e-01
4.683188135166798105e-01
4.673391195784246110e-01
4.664012123775307939e-01
4.655043528526690011e-01
4.646478450510749814e-01
4.638310339924371917e-01
4.630533037055246104e-01
4.603705190730351116e-01
4.572196221203205790e-01
4.541896815873042725e-01
4.512735635667953216e-01
4.484648213872841072e-01
4.457576075314071962e-01
4.431465995886791909e-01
4.406269376022620143e-01
4.381941707374287232e-01
4.358442116308192116e-01
4.335732971105323852e-01
4.313779542333612826e-01
4.292549707855368157e-01
4.272013695508241060e-01
4.252143857746863986e-01
4.232914473529326149e-01
4.214301573534354195e-01
4.196282785443103958e-01
4.178837196547168786e-01
4.161945231375742127e-01
4.145588542389970210e-01
4.129749912085692864e-01
4.114413165089654822e-01
4.099563089037304153e-01
4.085185363190776964e-01
4.071266493898857974e-01
4.057793756121770845e-01
4.044755140346258937e-01
4.032139304303635208e-01
4.019935528978174077e-01
4.008133678456857751e-01
3.996724163226533233e-01
3.985697906571675775e-01
3.975046313766968931e-01
3.956424251832565964e-01
3.931687536164550911e-01
3.907722854872642815e-01
3.884560575053286891e-01
3.862162415982877128e-01
3.840493113269684011e-01
3.819520103565495761e-01
3.799213250539129061e-01
3.779544605701745108e-01
3.760488198818922045e-01
3.742019853559748754e-01
3.724117024769743045e-01
3.706758654350494897e-01
3.689925043214490885e-01
3.673597737181051870e-01
3.657759425006517073e-01
3.642393847012426744e-01
3.623222428399304751e-01
3.594769535333592891e-01
3.567379416609302023e-01
3.540747090551706888e-01
3.514363767810398942e-01
3.488921147868471184e-01
3.464202729563909955e-01
3.439966533884318833e-01
3.416553011590779954e-01
3.393919304896890754e-01
3.372026145474608105e-01
3.350837453746522976e-01
3.330319993953135826e-01
3.310443075793919054e-01
3.291178295183010971e-01
3.272239613759500010e-01
3.253732516079033132e-01
3.235779517750170808e-01
3.218358256738014789e-01
3.201447866778941997e-01
3.185028845371611905e-01
3.169082936423266994e-01
3.153593025613755096e-01
3.138543046835411965e-01
3.123917898311762142e-01
3.109703367201748780e-01
3.095886061666215938e-01
3.082453349516262042e-01
3.069393302683269820e-01
3.056694646852138875e-01
3.044346715685575799e-01
3.032036538014082905e-01
3.020005997079452942e-01
3.008306494216638760e-01
2.996928914297093960e-01
2.985864606211646732e-01
2.975105353480921866e-01
2.964643347270565776e-01
2.954471161577595928e-01
2.944581730380722018e-01
2.934589877845037997e-01
2.924818163550038097e-01
2.915318792481627064e-01
2.906085489237119068e-01
2.897112272297485136e-01
2.888393437912795125e-01
2.879923545163142751e-01
2.871697402094480767e-01
2.863710052838872033e-01
2.855956765637648886e-01
2.848433021693889122e-01
2.841134504787742876e-01
2.834057091594398003e-01
2.827167639377385910e-01
2.820120714741748968e-01
2.813289530455518883e-01
2.806670351247355089e-01
2.800259607746319879e-01
2.794053889198273022e-01
2.787653080402209271e-01
2.781387260744366818e-01
2.773590544250468803e-01
2.765324133943586893e-01
2.756880587152460982e-01
2.748465200503313888e-01
2.739106560068523821e-01
2.729402887065894845e-01
2.719959121204754138e-01
2.710769074405185997e-01
2.701826845151958922e-01
2.693126802592600844e-01
2.684663571794861925e-01
2.676432020063861938e-01
2.668258092796695902e-01
2.660217613209572840e-01
2.652399389826818887e-01
2.644395597309516788e-01
2.636329919156643053e-01
2.628485553798524110e-01
2.620857974539896884e-01
2.613442852873565925e-01
2.606236048748727940e-01
2.599233601488860068e-01
2.592431721308848802e-01
2.585826781385702766e-01
2.579415310441275921e-01
2.573193985799163142e-01
2.567159626881239110e-01
2.561309189112339069e-01
2.555639758204278911e-01
2.550148544792849026e-01
2.544832879403662873e-01
2.539690207724704107e-01
2.534718086165295148e-01
2.529914177682806020e-01
2.525276247859964962e-01
2.520802161217011728e-01
2.516489877744134129e-01
2.512190241900199017e-01
2.507892635266608106e-01
2.503754133659283898e-01
2.499772888995298870e-01
2.495947138842573021e-01
2.492275203732758904e-01
2.488755484635555015e-01
2.485386460585576884e-01
2.482166686453665116e-01
2.479094790855040920e-01
2.476169474187364938e-01
2.473389506792272874e-01
2.470271205562749872e-01
2.465991556077412050e-01
2.461867909487854000e-01
2.457898440316506061e-01
2.454081406664465892e-01
2.450415147581065933e-01
2.446898080590002023e-01
2.443528699363518020e-01
2.440305571536648954e-01
2.437227336654234910e-01
2.434292704243914973e-01
2.431500452008845126e-01
2.428849424134350010e-01
2.426338529703180869e-01
2.423966741214440002e-01
2.421733093201617892e-01
2.419603723581607024e-01
2.417377547086894118e-01
2.415288249536974019e-01
2.413334989722497048e-01
2.411516984638777117e-01
2.409833508468172125e-01
2.408283891643301089e-01
2.406867519988415971e-01
2.405583833936492943e-01
2.404292030966400928e-01
2.403103861902917970e-01
2.402047419722637134e-01
2.401022850764125971e-01
2.399887482083767065e-01
2.398798315602032882e-01
2.397804341314704879e-01
2.396855773359050923e-01
2.396013521412674874e-01
2.395233789721356032e-01
2.394528953760484968e-01
2.393833908979829950e-01
2.393155463753127987e-01
2.392606939279917078e-01
2.392151912247348911e-01
2.391773373982090112e-01
2.391524317265061039e-01
2.391350014682278036e-01
2.391252479900617955e-01
2.391197975009141108e-01
2.391224010573843872e-01
2.391328103766273139e-01
2.391497824904139924e-01
2.391764538965484022e-01
2.392102244942526934e-01
2.392513084692380887e-01
2.393009181565342036e-01
2.393574939900922072e-01
2.394270676133156972e-01
2.395096661134600013e-01
2.395966026885451017e-01
2.396949046632700087e-01
2.398063143837018962e-01
2.399308755064354926e-01
2.400686369664628006e-01
2.402196530386780937e-01
2.403839834064256109e-01
2.405616932372829919e-01
2.407496783512141914e-01
2.409490133316528060e-01
2.411619293370937944e-01
2.413885120712297994e-01
2.416288531742432077e-01
2.418622781284771872e-01
2.420342259541770902e-01
2.422197072073050128e-01
2.424187961771147037e-01
2.426315729349196870e-01
2.428581234386250065e-01
2.430985396457930048e-01
2.433497189466378996e-01
2.436094648233990134e-01
2.438833317227410979e-01
2.441714329000584938e-01
2.444573262639000988e-01
2.447520915804740904e-01
2.450613011065652935e-01
2.453802650492520887e-01
2.457104123082735903e-01
2.460553454947506935e-01
2.459090169832605088e-01
2.445534122626220053e-01
2.432338011742739003e-01
2.419489305094454090e-01
2.406976184370278049e-01
2.394787491680470115e-01
2.382912681228276097e-01
2.371341775443203959e-01
2.360065325084295951e-01
2.349074372884407125e-01
2.338360420360384995e-01
2.327915397459963120e-01
2.317731634755985093e-01
2.307801837932799138e-01
2.298119064339320949e-01
2.288676701409063097e-01
2.279468446769815082e-01
2.270488289885261024e-01
2.261730495087934945e-01
2.253189585877913015e-01
2.244860330374877921e-01
2.236737727822770971e-01
2.228816996056522948e-01
2.221093559849462995e-01
2.213563040067982879e-01
2.206221243567227930e-01
2.199064153767927021e-01
2.192087921860124133e-01
2.185288858584623906e-01
2.178663426547531867e-01
2.172208233027227986e-01
2.165920023236863057e-01
2.159795674008614108e-01
2.153832187868967019e-01
2.148026687476886076e-01
2.142376410399146058e-01
2.136878704199250134e-01
2.131531021818321991e-01
2.126330917228134998e-01
2.121276041338031049e-01
2.116364138138971951e-01
2.111593041069269039e-01
2.106960669587772950e-01
2.102465025941382126e-01
2.098104192114776945e-01
2.093876326951155942e-01
2.089779663433669887e-01
2.085812506117925014e-01
2.081973228706751056e-01
2.078260271758954891e-01
2.074672140524531916e-01
2.071207402899191974e-01
2.067864687491703934e-01
2.064642681797969059e-01
2.061540130476157973e-01
2.058555833717684025e-01
2.055688645709138063e-01
2.052937473180649064e-01
2.050301274036457899e-01
2.047779056063812886e-01
2.045369875716520069e-01
2.043072836969797024e-01
2.040887090243284907e-01
2.038811831389295004e-01
2.036846300743606064e-01
2.034989782236286127e-01
2.033241602560240946e-01
2.031601130395326027e-01
2.030067775686048015e-01
2.028640988971024128e-01
2.027320260762524029e-01
2.026105120974555918e-01
2.024995138398072991e-01
2.023989920222031003e-01
2.023089111599138956e-01
2.022292395255227970e-01
2.021599491141347071e-01
2.021010156127704127e-01
2.020524183738768020e-01
2.020141403928890078e-01
2.019861682897904909e-01
2.019684922946307915e-01
2.019611062369627008e-01
2.019640075391798961e-01
2.019771972137328064e-01
2.020006798642224877e-01
2.020344636903710911e-01
2.020785604968813043e-01
2.021329857062066915e-01
2.021977583752616880e-01
2.022729012161101902e-01
2.023584406206820896e-01
2.024544066895768990e-01
2.025608332650195020e-01
2.026777579680505981e-01
2.028052222400374971e-01
2.029432713886065998e-01
2.030919546381088070e-01
2.032513251847399005e-01
2.034214402564523960e-01
2.036023611778068898e-01
2.037941534399226040e-01
2.039968867757077919e-01
2.042106352405571867e-01
2.044354772987251878e-01
2.046714959156006042e-01
2.049187786561220970e-01
2.051774177895993034e-01
2.054475104012191133e-01
2.057291585105417986e-01
2.060224691973135958e-01
2.063275547349494032e-01
2.066445327320619030e-01
2.069735262824470012e-01
2.073146641239637933e-01
2.076680808067800921e-01
2.080339168714923914e-01
2.084123190376672985e-01
2.088034404033919100e-01
2.092074406564690126e-01
2.096244862979372015e-01
2.100547508786574091e-01
2.104984152497539895e-01
2.109556678277736963e-01
2.114267048754835954e-01
2.119117307993101940e-01
2.124109584645020032e-01
2.129246095291837948e-01
2.134529147985712028e-01
2.139961146007204051e-01
2.145544591852991956e-01
2.151282091470022029e-01
2.157176358753629120e-01
2.163230220328793973e-01
2.169446620635323009e-01
2.175828627339672916e-01
2.182379437098155017e-01
2.189102381698593003e-01
2.196000934610013999e-01
2.203078717972730138e-01
2.210339510064376900e-01
2.217787253280819049e-01
2.225426062674800975e-01
2.233260235099485957e-01
2.241294259008795031e-01
2.249532824971955947e-01
2.257980836965602922e-01
2.266643424513601901e-01
2.275525955752424889e-01
2.284634051508463992e-01
2.293973600483454889e-01
2.303550775655091032e-01
2.313372052012533098e-01
2.323444225760550874e-01
2.333774435142335901e-01
2.344370183049384881e-01
2.355239361608049975e-01
2.366390278956538029e-01
2.377831688454085934e-01
2.389572820596161107e-01
2.401623417946787964e-01
2.413993773442232038e-01
2.426694772470530947e-01
2.439737939189950966e-01
2.453135487618126886e-01
2.466900378104243952e-01
2.481046379891788944e-01
2.495588140591878945e-01
2.510541263520931765e-01
2.525922394016034134e-01
2.541749316032327899e-01
2.558041060556909829e-01
2.574818027651730734e-01
2.592102124275917907e-01
2.609916920450687239e-01
2.628287826836906982e-01
2.647242297421641966e-01
2.666810061788316144e-01
2.687023392418999013e-01
2.707917413704191145e-01
2.729530460892494736e-01
2.751904499204351762e-01
2.775085615903304936e-01
2.799124601462695261e-01
2.824077640361185026e-01
2.850007137878203256e-01
2.876982717101105869e-01
2.905082431015919009e-01
2.934394249240364072e-01
2.965017899487288888e-01
2.997067173001620732e-01
3.030672845346866762e-01
3.065986425992938136e-01
3.103185043599716031e-01
3.142477917974706991e-01
3.182711389732627016e-01
3.225277674386335947e-01
3.270602381013090754e-01
3.319084228008065129e-01
3.371226329817091916e-01
3.427678899914172739e-01
3.489307434898711868e-01
3.557307866597717028e-01
3.601032365506002808e-01
3.601704137728283239e-01
3.602608168459150995e-01
3.603744934529756749e-01
3.605115036627826730e-01
3.606719200372623946e-01
3.608558277618533761e-01
3.610633247992547923e-01
3.612945220671825997e-01
3.615495436408588947e-01
3.618285269810633809e-01
3.621316231886960169e-01
3.624589972869122212e-01
3.628108285320300053e-01
3.631873107545376955e-01
3.635886527316884997e-01
3.640150785933193855e-01
3.644668282627158140e-01
3.649441579345185094e-01
3.654473405918899909e-01
3.659766665653670925e-01
3.665324441360851004e-01
3.671150001863144885e-01
3.677246809005623729e-01
3.683618525208020023e-01
3.690269021597673005e-01
3.697202386766397786e-01
3.704422936199023852e-01
3.711935222426235859e-01
3.719744045959880174e-01
3.727854467074921962e-01
3.736271818509179776e-01
3.745001719159520848e-01
3.754050088861837775e-01
3.763423164351785144e-01
3.773127516514115931e-01
3.783170069040747152e-01
3.793558118631628062e-01
3.804299356888198869e-01
3.815401894067229072e-01
3.826874284883157173e-01
3.838725556570510844e-01
3.850965239444539834e-01
3.863603400229003726e-01
3.876650678455219046e-01
3.890118326277253735e-01
3.904018252095203256e-01
3.917364735521493002e-01
3.908160860036611894e-01
3.899292099071302031e-01
3.890752273920007887e-01
3.882535527518051754e-01
3.874636308599109791e-01
3.867049357034137991e-01
3.811713461261506120e-01
3.708635050683073975e-01
3.621262197475794142e-01
3.544848170963604828e-01
3.476636472665768918e-01
3.414858024796683100e-01
3.358297345096299957e-01
3.306076780412494087e-01
3.257538147865585154e-01
3.212172887138722843e-01
3.168977923938280927e-01
3.128135889761535227e-01
3.089552009398432997e-01
3.052990560721440261e-01
3.018253527281204995e-01
2.985172684758577999e-01
2.953603702099334982e-01
2.923421663842615814e-01
2.894517616328963205e-01
2.866795865428798940e-01
2.840171835123475041e-01
2.814570350931394072e-01
2.789924249511203103e-01
2.766173241762137081e-01
2.743150934301000765e-01
2.720583668709082859e-01
2.698789623031581097e-01
2.677725647436516865e-01
2.657352365612298817e-01
2.637633734290256160e-01
2.618536666669336044e-01
2.600030708771703947e-01
2.582087759916614211e-01
2.564681830182887756e-01
2.547788829052982096e-01
2.531386380479155873e-01
2.515453660447390938e-01
2.499971253785467085e-01
2.484921027503277924e-01
2.470286018393801908e-01
2.456050332982940010e-01
2.442199058212080054e-01
2.428718181481324956e-01
2.415594518883905917e-01
2.402815650631056899e-01
2.390369862808001122e-01
2.378246094720418979e-01
2.366433891191020988e-01
2.354923359250800097e-01
2.343705128741634947e-01
2.332770316408536992e-01
2.322110493112568008e-01
2.311717653840565934e-01
2.301584190226980131e-01
2.291702865336575912e-01
2.282066790486058927e-01
2.272669403907912888e-01
2.263504451081831959e-01
2.254565966578327973e-01
2.245848257275998017e-01
2.237345886828630004e-01
2.229053661271374887e-01
2.220966615666634947e-01
2.213080001700384880e-01
2.205389276148632116e-01
2.197890090141607078e-01
2.190578279160307063e-01
2.183449853706311006e-01
2.176500990591309082e-01
2.169728024797820953e-01
2.163127441867024048e-01
2.156695870773538970e-01
2.150430077250745919e-01
2.144326957533246869e-01
2.138383532486126948e-01
2.132596942093235026e-01
2.126964440279011104e-01
2.121483390040619088e-01
2.116151258868985974e-01
2.110965614439143101e-01
2.105924120551840861e-01
2.101024533309862052e-01
2.096264697513736119e-01
2.091642543262831888e-01
2.087156082748775066e-01
2.082803407229275872e-01
2.078582684171247086e-01
2.074492154552980971e-01
2.070530130315932915e-01
2.066694991957306049e-01
2.062985186255333059e-01
2.059399224119710936e-01
2.055935678560200930e-01
2.052593182766893898e-01
2.049370428296150015e-01
2.046266163356579015e-01
2.043279191189900090e-01
2.040408368541830053e-01
2.037652604218515018e-01
2.035010857724333933e-01
2.032482137977204006e-01
2.030065502097755936e-01
2.027760054269056866e-01
2.025564944663751921e-01
2.023479368435724957e-01
2.021502564773622890e-01
2.019633816013708949e-01
2.017872446809788889e-01
2.016217823358039951e-01
2.014669352674773040e-01
2.013226481925333988e-01
2.011888697802436954e-01
2.010655525952415035e-01
2.009526530447953985e-01
2.008501313306073899e-01
2.007579514050124025e-01
2.006760809314817873e-01
2.006044912493288868e-01
2.005431573425391911e-01
2.004920578126482000e-01
2.004511748556034867e-01
2.004204942425573122e-01
2.004000053045456031e-01
2.003897009210162117e-01
2.003895775121805889e-01
2.003996350351713862e-01
2.004198769839961869e-01
2.004503103932878949e-01
2.004909458458611904e-01
2.005417974840902895e-01
2.006028830251375128e-01
2.006742237800649975e-01
2.007558446768769878e-01
2.008477742875444949e-01
2.009500448590769983e-01
2.010626923487146001e-01
2.011857564633229012e-01
2.013192807030869114e-01
2.014633124096054106e-01
2.016179028185065003e-01
2.017831071167081047e-01
2.019209262262758042e-01
2.018653427794457056e-01
2.018200748418113866e-01
2.017851065894692986e-01
2.017604258104860881e-01
2.017460238916982951e-01
2.017418958094099879e-01
2.017480401239745980e-01
2.017644589782403020e-01
2.017911580998628940e-01
2.018281468074852869e-01
2.018754380208016008e-01
2.018868864928266005e-01
2.018449439590487005e-01
2.018132993069683967e-01
2.017919414869663031e-01
2.017808630460362074e-01
2.017800601197390076e-01
2.017895324280331026e-01
2.018092832749726062e-01
2.018393195522718009e-01
2.018796517467439100e-01
2.019302939516336992e-01
2.019912638818671113e-01
2.020625828932554047e-01
2.021442760057000909e-01
2.022363719304506036e-01
2.023389031014808104e-01
2.024519057110583942e-01
2.025754197495922004e-01
2.027094890498531976e-01
2.028541613356744933e-01
2.030094882752506991e-01
2.031755255391654025e-01
2.033523328632907134e-01
2.035399741167152887e-01
2.037385173748705036e-01
2.039480349980405116e-01
2.041686037154570033e-01
2.044003047151966013e-01
2.046432237401135945e-01
2.048974511900648054e-01
2.051630822306974022e-01
2.054402169090956964e-01
2.057289602766046999e-01
2.060294225191706130e-01
2.063417190955680880e-01
2.066659708839078957e-01
2.070023043368527105e-01
2.073508516459977025e-01
2.077117509159095987e-01
2.079504738270988862e-01
2.076739784027447910e-01
2.073714215256232951e-01
2.070784821477922866e-01
2.067972896510923975e-01
2.065277368319231033e-01
2.062697215881287016e-01
2.059750971081918958e-01
2.056325306099320016e-01
2.053020367676881008e-01
2.049834864882728036e-01
2.046767562969155907e-01
2.043817281781225015e-01
2.040982894254013968e-01
2.038263324994185055e-01
2.035623315701163005e-01
2.033058854319327868e-01
2.030606756844443028e-01
2.028266112693601908e-01
2.026036057599547024e-01
2.023915772582267902e-01
2.021904482983271079e-01
2.020001457559952029e-01
2.018206007637723121e-01
2.016517486317707941e-01
2.014935287737960878e-01
2.013374221302220990e-01
2.011911178526578081e-01
2.010553211837156906e-01
2.009299839636977114e-01
2.008150618799695863e-01
2.007105144179398004e-01
2.006082849733027973e-01
2.005122093494079993e-01
2.004264361383986115e-01
2.003509353146329941e-01
2.002856804990215123e-01
2.002306489304223058e-01
2.001858214410308090e-01
2.001511824357044000e-01
2.001267198751754961e-01
2.001124252631134026e-01
2.001082936370038035e-01
2.001143235628264905e-01
2.001305171335178990e-01
2.001568799712150071e-01
2.001934212332859009e-01
2.002401536221621037e-01
2.002970933989917934e-01
2.003642604011519890e-01
