-6.187451509631739431e-12
-1.047456012787195023e+00
-1.969335107828646159e+01
-2.082151110839276953e+01
-3.137757181558524788e+00
1.640000000000000069e-01
1.640000000000000069e-01
1.640000000000000069e-01
1.640000000000000069e-01
1.640000000000000069e-01
1.640000000000000069e-01
1.640000000000000069e-01
1.640000000000000069e-01
1.640000000000000069e-01
1.640000000000000069e-01
1.640000000000000069e-01
1.640000000000000069e-01
1.640000000000000069e-01
1.640000000000000069e-01
1.640000000000000069e-01
1.640000000000000069e-01
1.640000000000000069e-01
1.640000000000000069e-01
1.640000000000000069e-01
1.640000000000000069e-01
1.640000000000000069e-01
1.640000000000000069e-01
1.640000000000000069e-01
1.640000000000000069e-01
1.640000000000000069e-01
1.640000000000000069e-01
1.640000000000000069e-01
1.640000000000000069e-01
1.640000000000000069e-01
1.640000000000000069e-01
1.640000000000000069e-01
1.640000000000000069e-01
1.640000000000000069e-01
1.640000000000000069e-01
1.640000000000000069e-01
1.640000000000000069e-01
1.640000000000000069e-01
1.640000000000000069e-01
1.640000000000000069e-01
1.640000000000000069e-01
1.640000000000000069e-01
1.640000000000000069e-01
1.640000000000000069e-01
1.640000000000000069e-01
1.640000000000000069e-01
1.640000000000000069e-01
1.640000000000000069e-01
1.640000000000000069e-01
1.640000000000000069e-01
1.640000000000000069e-01
1.640000000000000069e-01
1.640000000000000069e-01
1.645805644149168079e-01
1.652396851627840890e-01
1.659134141775150950e-01
1.666020873720928108e-01
1.673060543114862908e-01
1.680256789192391964e-01
1.687613402321180012e-01
1.695134332068178040e-01
1.702823695831297002e-01
1.710685788084148062e-01
1.718725090287333002e-01
1.726946281525315041e-01
1.735354249934230042e-01
1.743954104993001020e-01
1.752751190758115030e-01
1.761751100131379866e-01
1.766402351456418107e-01
1.770157749424270122e-01
1.774018192700310137e-01
1.777985092216178009e-01
1.782044083407159918e-01
1.786085399346339919e-01
1.790235945629136960e-01
1.794497280679107076e-01
1.798871021109550994e-01
1.803309106865378930e-01
1.807749027683994980e-01
1.812304341417076969e-01
1.816976825754967051e-01
1.821768324789811988e-01
1.826680751571946038e-01
1.831716090808996888e-01
1.836876401716956986e-01
1.842163821033132032e-01
1.847580566201734997e-01
1.853128938743703047e-01
1.858582596339772020e-01
1.864097327760554090e-01
1.869746000689340992e-01
1.875531072016307921e-01
1.881455093106328136e-01
1.887520713975497921e-01
1.893730687721242867e-01
1.900087875224431011e-01
1.906595250143525988e-01
1.913255904222606052e-01
1.920073052937006086e-01
1.927050041502569033e-01
1.934190351276829090e-01
1.941497606583144908e-01
1.948975581991780892e-01
1.956628210095107956e-01
1.964415966917003875e-01
1.972281160155932023e-01
1.980330380930153122e-01
1.988568119574500026e-01
1.996999063090265925e-01
2.005628106212437867e-01
2.014460363298387902e-01
2.023501181113045999e-01
2.032756152593586940e-01
2.042231131686133017e-01
2.051932249357283911e-01
2.061865930895248888e-01
2.072038914628822892e-01
2.082458272207748928e-01
2.093131430605534027e-01
2.104066196025758950e-01
2.113927468853022129e-01
2.123591617352608985e-01
2.133488268202931026e-01
2.143623987091876071e-01
2.154005660187210125e-01
2.164640514895264933e-01
2.175536142384583982e-01
2.186700522060228968e-01
2.198142048197934961e-01
2.209869558974411896e-01
2.221892368161084985e-01
2.234220299784701880e-01
2.246863726099719016e-01
2.259833609265916865e-01
2.273141547180995981e-01
2.286799823983858004e-01
2.300821465821658030e-01
2.315220302564625909e-01
2.330011036260299095e-01
2.345209317246174929e-01
2.360831828991679093e-01
2.376896382921671047e-01
2.393422024691682082e-01
2.410429153647644096e-01
2.427939657521571981e-01
2.445977064802292988e-01
2.464566717695688136e-01
2.483735969173767044e-01
2.503514408337034758e-01
2.523934119218387839e-01
2.545029979291483779e-01
2.566840005380930934e-01
2.589405756498983080e-01
2.612772805480231830e-01
2.636991294326017088e-01
2.662116592145767902e-01
2.688210079832927257e-01
2.715340092623647061e-01
2.743583061155381864e-01
2.764282102908544037e-01
2.776859239841559801e-01
2.789560959060254919e-01
2.802579560583893792e-01
2.815731376103448036e-01
2.829227996675526824e-01
2.843085503727060814e-01
2.857315822671838146e-01
2.871931568852730821e-01
2.886946101625600947e-01
2.902373584037439835e-01
2.918229048819828142e-01
2.934528471531526184e-01
2.951288851816962766e-01
2.968528303906164956e-01
2.986266157670525723e-01
3.004523071775829779e-01
3.023321160747100000e-01
3.042684138090429036e-01
3.062637478019217263e-01
3.083208598823871105e-01
3.104427071528700899e-01
3.126324858227497727e-01
3.148936585419934153e-01
3.169780925698110208e-01
3.174455146720613907e-01
3.179334318356059064e-01
3.184420770910301735e-01
3.189716955532503895e-01
3.195225448366066923e-01
3.200948954978375949e-01
3.206890315087336796e-01
3.213052507604298724e-01
3.219438656014755873e-01
3.226052034120079903e-01
3.232896072165677981e-01
3.239974363383321121e-01
3.247290670977872051e-01
3.254848935591581061e-01
3.262653283282154759e-01
3.270708034054312097e-01
3.279017710988409995e-01
3.287587050013918155e-01
3.296421010380397032e-01
3.305524785883776073e-01
3.314903816911825007e-01
3.324563803379187998e-01
3.334510718629818959e-01
3.344750824393009081e-01
3.355290686888529050e-01
3.366137194186912818e-01
3.377297574942949021e-01
3.388779418633725005e-01
3.400590697448012123e-01
3.412739789991043882e-01
3.425235506988424938e-01
3.438087119195590846e-01
3.451304387744866808e-01
3.464897597191816114e-01
3.478877591556504001e-01
3.493255813694505774e-01
3.508044348377697963e-01
3.523255969517424258e-01
3.538904192023575868e-01
3.555003328864350109e-01
3.571568553974613924e-01
3.588615971758656875e-01
3.606162694048198891e-01
3.624226925512735176e-01
3.642828058680898096e-01
3.661986779924227831e-01
3.681725187985293024e-01
3.702066926909295952e-01
3.723037335573153861e-01
3.744663616412365892e-01
3.766975026441802266e-01
3.790003094274659867e-01
3.813781867594233099e-01
3.838348196464425044e-01
3.863742059028520970e-01
3.890006937609464810e-01
3.917190255079450178e-01
3.945343883734968027e-01
3.974524741963157970e-01
4.004795497946985194e-01
4.036225404853178156e-01
4.068891298832592041e-01
4.102878800388871094e-01
4.138283772182798081e-01
4.175214103528865905e-01
4.213791915794573018e-01
4.254156316817478967e-01
4.296466881272577032e-01
4.340908105554819874e-01
4.387695193084893974e-01
4.437081690629987030e-01
4.489369755664280870e-01
4.544924255955923864e-01
4.604192610223942772e-01
4.667733516092674728e-01
4.736259978735882781e-01
4.810706445275746979e-01
4.892338951351594134e-01
4.982947699864597735e-01
5.085212988189667938e-01
5.203484796497770404e-01
5.345750047999591192e-01
5.530238160963357741e-01
5.829321168087325811e-01
6.137923992499768611e-01
6.160922826879222658e-01
6.184785321785634116e-01
6.209543675887816416e-01
6.235232547629484534e-01
6.261889304639380871e-01
6.235318431755408897e-01
6.173737466536628471e-01
6.115977604198168383e-01
6.061604136550895472e-01
6.010259947524771995e-01
5.961647418195104020e-01
5.915515427517852309e-01
5.871649796576051683e-01
5.829866122418171370e-01
5.790004308937388711e-01
5.751924327732558240e-01
5.715502886668346605e-01
5.680630779179544065e-01
5.647210751557537600e-01
5.615155769563859867e-01
5.584387596576585455e-01
5.554835617426787664e-01
5.526435857932302520e-01
5.499130161738869926e-01
5.472865494679853837e-01
5.447593353316584341e-01
5.423269259211528359e-01
5.399852324230739464e-01
5.377304875065627154e-01
5.355592127419681603e-01
5.334681902078332039e-01
5.314544376483559818e-01
5.295151866554219655e-01
5.263345986003241661e-01
5.223470891780853664e-01
5.185238163545813350e-01
5.148527359527721448e-01
5.112181607902116509e-01
5.077249359392375094e-01
4.999286449572858948e-01
4.902307238301836789e-01
4.813876743442134787e-01
4.734376516275869973e-01
4.661989560573046032e-01
4.595440896739438896e-01
4.533795042051140811e-01
4.476341515768724744e-01
4.422525680501748768e-01
4.371904734508081924e-01
4.324118502955321963e-01
4.278869364277723131e-01
4.235908044378713933e-01
4.195023308867992240e-01
4.156034320439324081e-01
4.118784864494048903e-01
4.083138913318032914e-01
4.048977167978154990e-01
4.016194326733834030e-01
3.984696901660295110e-01
3.954401454705627761e-01
3.925233158702641778e-01
3.897124613026516915e-01
3.870014860892899144e-01
3.843848567859113885e-01
3.818027897401083948e-01
3.792067260698490094e-01
3.765472002988560773e-01
3.739795255231662119e-01
3.714988177977867068e-01
3.690787625337887956e-01
3.666982726535522041e-01
3.643953493030011037e-01
3.617979686240915260e-01
3.591761610474776267e-01
3.566440549368918855e-01
3.541968631508849996e-01
3.518302070398727777e-01
3.495400699569263248e-01
3.473227573590154105e-01
3.451748623919795866e-01
3.430932360656834823e-01
3.410359225483677870e-01
3.376249042617388008e-01
3.343585876023059122e-01
3.312261447833912964e-01
3.282180083104155877e-01
3.253256760168674044e-01
3.225415532228961268e-01
3.198588237278673918e-01
3.172713434504019769e-01
3.147735520394164266e-01
3.123603988797479247e-01
3.100272807278025011e-01
3.077699888190353894e-01
3.055846637469614158e-01
3.034677567627310224e-01
3.014159964133530933e-01
2.994263596457019116e-01
2.974960466672360027e-01
2.956224589836755068e-01
2.938031801367319007e-01
2.920359587473387863e-01
2.902039962262855100e-01
2.862721032775438768e-01
2.825512875190318018e-01
2.790202827068433145e-01
2.756610917802440053e-01
2.724583267465688907e-01
2.693987105207779065e-01
2.664706946631407170e-01
2.636641616792509968e-01
2.609701900916593931e-01
2.583808668322734037e-01
2.558891358070797817e-01
2.534886744613951137e-01
2.511737922695626013e-01
2.489393465720504961e-01
2.467806722708096867e-01
2.446652110769524102e-01
2.425901669551037976e-01
2.405823105602938883e-01
2.386381157324624913e-01
2.367543430489099932e-01
2.349280087159771047e-01
2.331563576592484976e-01
2.314368401405614006e-01
2.297670913534791137e-01
2.281449135468391065e-01
2.265682603042940002e-01
2.250352226707703074e-01
2.235440168677793049e-01
2.220929733810582118e-01
2.206805272380275018e-01
2.193052093205493935e-01
2.179656385816219899e-01
2.166605150538933877e-01
2.153886135539384017e-01
2.141393465090387915e-01
2.129137853415654091e-01
2.117187236786446936e-01
2.105531522501697950e-01
2.094161152217859923e-01
2.083067064836882087e-01
2.072240662637583886e-01
2.061673780311845117e-01
2.051358656608049946e-01
2.041287908319492084e-01
2.031454506386131120e-01
2.021851753904531923e-01
2.012473265864055949e-01
2.003312950447375951e-01
1.994364991751158001e-01
1.985623833798081106e-01
1.977084165724997122e-01
1.968740908043994930e-01
1.960589199883616129e-01
1.952624387126851990e-01
1.944842011370777890e-01
1.937101873830965881e-01
1.929503153676364879e-01
1.922078141903920123e-01
1.914822909451384947e-01
1.907733685708143945e-01
1.900806850682598137e-01
1.894038927669539907e-01
1.887426576379611087e-01
1.880966586496362891e-01
1.874655871629452020e-01
1.868491463635134076e-01
1.862470507277795007e-01
1.856590255208342977e-01
1.850848063237370000e-01
1.845241385882779028e-01
1.839767772173186988e-01
1.834424861689979980e-01
1.829210380832144989e-01
1.824122139289373057e-01
1.818674378608824971e-01
1.813352267533704099e-01
1.808020013730267939e-01
1.802784188906352003e-01
1.797673744937665907e-01
1.792686558430700017e-01
1.787820583040274081e-01
1.783073846459239942e-01
1.778444447570304010e-01
1.773930553749981098e-01
1.769530398315380948e-01
1.765242278105288998e-01
1.761064551187520033e-01
1.756995634685180885e-01
1.753034002714936868e-01
1.749178184430902061e-01
1.745426762168187096e-01
1.741778369680561933e-01
1.738231690467076929e-01
1.734785456182799113e-01
1.731438445129220016e-01
1.728189480820070956e-01
1.725037430618696910e-01
1.721981204443288060e-01
1.719019753536563111e-01
1.716073070115217980e-01
1.713216518751796980e-01
1.710452509420271883e-01
1.707780115399595011e-01
1.704916535310032066e-01
1.701871241492363962e-01
1.698919543064900950e-01
1.695863226428526993e-01
1.692876540769585048e-01
1.689982437355214973e-01
1.687179940172696957e-01
1.684468110892891057e-01
1.681846047862146920e-01
1.679312885144458867e-01
1.676867791611537095e-01
1.674509970078678078e-01
1.672189402364273048e-01
1.669772275668190975e-01
1.667441822884385971e-01
1.665197291220616993e-01
1.663037959846770941e-01
1.660963139170607006e-01
1.658972170151206960e-01
1.657064423648622886e-01
1.655131793667075080e-01
1.653223402583939017e-01
1.651397420487953072e-01
1.649653276452749118e-01
1.647990427620510123e-01
1.646408358683711937e-01
1.644906581396700096e-01
1.643484634116093024e-01
1.642142081369064033e-01
1.640531674256245909e-01
1.640000000000000069e-01
1.640000000000000069e-01
1.640000000000000069e-01
1.640000000000000069e-01
1.640000000000000069e-01
1.640000000000000069e-01
1.640000000000000069e-01
1.640000000000000069e-01
1.640000000000000069e-01
1.640000000000000069e-01
1.640000000000000069e-01
1.640000000000000069e-01
1.640000000000000069e-01
1.640000000000000069e-01
1.640000000000000069e-01
1.640000000000000069e-01
1.640000000000000069e-01
1.640000000000000069e-01
1.640000000000000069e-01
1.640000000000000069e-01
1.640000000000000069e-01
1.640000000000000069e-01
1.640000000000000069e-01
1.640000000000000069e-01
1.640000000000000069e-01
1.640000000000000069e-01
1.640000000000000069e-01
1.640000000000000069e-01
1.640000000000000069e-01
1.640000000000000069e-01
1.640000000000000069e-01
1.640000000000000069e-01
1.640000000000000069e-01
1.640000000000000069e-01
1.640000000000000069e-01
1.640000000000000069e-01
1.640000000000000069e-01
1.640000000000000069e-01
1.640000000000000069e-01
1.640000000000000069e-01
1.640000000000000069e-01
1.640000000000000069e-01
1.640000000000000069e-01
1.640000000000000069e-01
1.640000000000000069e-01
1.640000000000000069e-01
1.640000000000000069e-01
1.640000000000000069e-01
1.640000000000000069e-01
1.640000000000000069e-01
1.640000000000000069e-01
1.640000000000000069e-01
1.640000000000000069e-01
1.640000000000000069e-01
1.640000000000000069e-01
1.640000000000000069e-01
1.640000000000000069e-01
1.640000000000000069e-01
1.640000000000000069e-01
1.640000000000000069e-01
1.640000000000000069e-01
1.640000000000000069e-01
1.640000000000000069e-01
1.640000000000000069e-01
1.640000000000000069e-01
1.640000000000000069e-01
1.640000000000000069e-01
1.640000000000000069e-01
1.640000000000000069e-01
1.640000000000000069e-01
1.640000000000000069e-01
1.640000000000000069e-01
1.640000000000000069e-01
1.640000000000000069e-01
1.640000000000000069e-01
1.640000000000000069e-01
1.640000000000000069e-01
1.640000000000000069e-01
1.640000000000000069e-01
1.640000000000000069e-01
1.640000000000000069e-01
1.640000000000000069e-01
1.640000000000000069e-01
1.640000000000000069e-01
1.640000000000000069e-01
1.640000000000000069e-01
1.640000000000000069e-01
1.640000000000000069e-01
1.640000000000000069e-01
1.640000000000000069e-01
1.640000000000000069e-01
1.640000000000000069e-01
1.640000000000000069e-01
1.640000000000000069e-01
1.640000000000000069e-01
1.640000000000000069e-01
1.640000000000000069e-01
1.640000000000000069e-01
1.640000000000000069e-01
1.640000000000000069e-01
1.640000000000000069e-01
1.640000000000000069e-01
1.640000000000000069e-01
1.640000000000000069e-01
1.640000000000000069e-01
1.640000000000000069e-01
1.640000000000000069e-01
1.640000000000000069e-01
1.640000000000000069e-01
1.640000000000000069e-01
1.640000000000000069e-01
1.640000000000000069e-01
1.640000000000000069e-01
1.640000000000000069e-01
1.640000000000000069e-01
1.640000000000000069e-01
1.640000000000000069e-01
1.640000000000000069e-01
1.640000000000000069e-01
1.640000000000000069e-01
1.640000000000000069e-01
1.640000000000000069e-01
1.640000000000000069e-01
1.640000000000000069e-01
1.640000000000000069e-01
1.640000000000000069e-01
1.640000000000000069e-01
1.640000000000000069e-01
1.640000000000000069e-01
1.640000000000000069e-01
1.640000000000000069e-01
1.640000000000000069e-01
1.640000000000000069e-01
1.640000000000000069e-01
1.640000000000000069e-01
1.640000000000000069e-01
1.640000000000000069e-01
1.640000000000000069e-01
1.640000000000000069e-01
1.640000000000000069e-01
1.640000000000000069e-01
1.640000000000000069e-01
1.640000000000000069e-01
1.640000000000000069e-01
1.640000000000000069e-01
1.640000000000000069e-01
1.640000000000000069e-01
1.640000000000000069e-01
1.640000000000000069e-01
1.640000000000000069e-01
1.640000000000000069e-01
1.640000000000000069e-01
1.640000000000000069e-01
1.640000000000000069e-01
1.640000000000000069e-01
1.640000000000000069e-01
1.640000000000000069e-01
1.640000000000000069e-01
1.640000000000000069e-01
1.640000000000000069e-01
1.640000000000000069e-01
1.640000000000000069e-01
1.640000000000000069e-01
1.640000000000000069e-01
1.640000000000000069e-01
1.646212756226556884e-01
1.652959774654055025e-01
1.659856246957961967e-01
1.666905679952642994e-01
1.674111724611618002e-01
1.681478183658076941e-01
1.689009019679764967e-01
1.696708363812624021e-01
1.704580525042103945e-01
1.712630000176074974e-01
1.720861484548966980e-01
1.729279883523081873e-01
1.737890324860114077e-01
1.746698172044086894e-01
1.755709038645806019e-01
1.764928803829380888e-01
1.774363629112878926e-01
1.780758957804245979e-01
1.787207381804508943e-01
1.793804070613790880e-01
1.800552241072141957e-01
1.807455239954023907e-01
1.814516550492903113e-01
1.821739799341179911e-01
1.829128764000929053e-01
1.836687380764256972e-01
1.844419753206074097e-01
1.852330161276287968e-01
1.860423071043242893e-01
1.868703145145698963e-01
1.877175254016524020e-01
1.885844487948246107e-01
1.894716170078067086e-01
1.903795870378723054e-01
1.913089420751120096e-01
1.922549616354549962e-01
1.931874128269467916e-01
1.941419680456130115e-01
1.951192692252025074e-01
1.961199898423162946e-01
1.971448369874680973e-01
1.981945536140972131e-01
1.992699209844752128e-01
2.003717613338570902e-01
2.015009407770375904e-01
2.026583724846746926e-01
2.038450201604815881e-01
2.050619018546966932e-01
2.063100941542888034e-01
2.075907367961981886e-01
2.088926359697489132e-01
2.102185826031814087e-01
2.115798939607808071e-01
2.129779557645730126e-01
2.144142427787736893e-01
2.158903267481893928e-01
2.174078852662481021e-01
2.189687117089030022e-01
2.205747263948762138e-01
2.222279891620329018e-01
2.239307135853723929e-01
2.256852831057840070e-01
2.274942693924280057e-01
2.293604533280808044e-01
2.312868490895501061e-01
2.332767318990368044e-01
2.353336701533025876e-01
2.374615628041260029e-01
2.396646830771347880e-01
2.419477298923685127e-01
2.443074341469327893e-01
2.467188527880500026e-01
2.492238818966749925e-01
2.518292158401060910e-01
2.545201262154495048e-01
2.572991121003715964e-01
2.601993531109195734e-01
2.632310654254013116e-01
2.664059250157143066e-01
2.697373745950193968e-01
2.732410187320178929e-01
2.769351401923798028e-01
2.808413862969603159e-01
2.849856991377791027e-01
2.893996046713743775e-01
2.941220458988781927e-01
2.992020701408787953e-01
3.035569271038596750e-01
3.070241608892589902e-01
3.106732662426329727e-01
3.145239421993911155e-01
3.185116916886195915e-01
3.208373639780808251e-01
3.230077818304432080e-01
3.252486867783647151e-01
3.275637082666513211e-01
3.299567930390233106e-01
3.324322445978201146e-01
3.349947692018500067e-01
3.376495297764172121e-01
3.404022094644298946e-01
3.432590870125366012e-01
3.462271268018666248e-01
3.493140871569578865e-01
3.525286516825827943e-01
3.558805899096788017e-01
3.593809556628352886e-01
3.630423345737487928e-01
3.668791564945412254e-01
3.709080949057063092e-01
3.751485848955273816e-01
3.796235058005532070e-01
3.843600973979292013e-01
3.893912154422605743e-01
3.947570941247363074e-01
3.968696380581901995e-01
3.989166983319059057e-01
4.010317618754600244e-01
4.032178650898199934e-01
4.054782883955239114e-01
4.078165836499355046e-01
4.102366056766840186e-01
4.127181496222590007e-01
4.152452385049442141e-01
4.178639790015871158e-01
4.205794746711328247e-01
4.233973307547483911e-01
4.263237247492380755e-01
4.293401768417350883e-01
4.319215499900022071e-01
4.345770637973030981e-01
4.373313904318941736e-01
4.401902134505278896e-01
4.431597958615379196e-01
4.069572759219383107e-01
3.864884894547400140e-01
3.717427637580267841e-01
3.603641330446136770e-01
3.509117597529646804e-01
3.427473889570056831e-01
3.355215598568648261e-01
3.290183024764786746e-01
3.230931061959251838e-01
3.176436579816794836e-01
3.125943899972981055e-01
3.078548052656753242e-01
3.032975552255420260e-01
2.990205175509321744e-01
2.949906051501938742e-01
2.911806597994571200e-01
2.875680677625579995e-01
2.841337650193584974e-01
2.808615059409765857e-01
2.777373148617173770e-01
2.747133010255514152e-01
2.717471566207771971e-01
2.689052898030209193e-01
2.661784663001872109e-01
2.635585094041191789e-01
2.610381390748710007e-01
2.586108411730748124e-01
2.562707602023422959e-01
2.540126105957539182e-01
2.518316027742668051e-01
2.497233810793225983e-01
2.476839713305283019e-01
2.457097362459405021e-01
2.437973373315495129e-01
2.419437021292419054e-01
2.401459959310285885e-01
2.384015972376996029e-01
2.367080763739727034e-01
2.350631767782417891e-01
2.334647985696060024e-01
2.319109840627562036e-01
2.303897359124822963e-01
2.288711975642793994e-01
2.273940342090972899e-01
2.259566149360517084e-01
2.245574102066046074e-01
2.231949834983464886e-01
2.218679838118597092e-01
2.205751389343817981e-01
2.193152493691072069e-01
2.180871828516615096e-01
2.168898693859737936e-01
2.157127792288957013e-01
2.145338607313569956e-01
2.133840851970144059e-01
2.122625210341625990e-01
2.111682848003041124e-01
2.101005379503201043e-01
2.090584838614898133e-01
2.080413651072048065e-01
2.070484609545470978e-01
2.060790850637699012e-01
2.051325833702269952e-01
2.041772591076765897e-01
2.032331090298729881e-01
2.023111099389534873e-01
2.014106673565597139e-01
2.005312136339487128e-01
1.996722064078461090e-01
1.988331271693073998e-01
1.980134799357196052e-01
1.972127900170801973e-01
1.964306028685728900e-01
1.956642636135872970e-01
1.948428800238947989e-01
1.940404060528460040e-01
1.932563830562676888e-01
1.924903716961521016e-01
1.917419509259224997e-01
1.910107170440593916e-01
1.902962828106017912e-01
1.895982766215597026e-01
1.889163417367309972e-01
1.882501355568169943e-01
1.875993289461123092e-01
1.869636055973595001e-01
1.863426614356704925e-01
1.857362040586708896e-01
1.851439522102777124e-01
1.845656352857260873e-01
1.840009928656693994e-01
1.834497742773466000e-01
1.829117381809809983e-01
1.823866521797120888e-01
1.818742924515099058e-01
1.813744434016238971e-01
1.808868973342512010e-01
1.804114541421923956e-01
1.799479210133662910e-01
1.794961121531357950e-01
1.790558485214737983e-01
1.786269575840735979e-01
1.782092730765663102e-01
1.778026347810769958e-01
1.774068883143951891e-01
1.770218849270979999e-01
1.766474813129995936e-01
1.762835394283532864e-01
1.759299263202659946e-01
1.755865139638219108e-01
1.752531791074533052e-01
1.749298031261151964e-01
1.746162718818627946e-01
1.743124755914484958e-01
1.740183087005842122e-01
1.737336697645379957e-01
1.734584613347542048e-01
1.731925898512071960e-01
1.729359655402183948e-01
1.726885023174823952e-01
1.722888263054238867e-01
1.714301646430791137e-01
1.705906212214622908e-01
1.697696845080186867e-01
1.689668651519259934e-01
1.681816947497113135e-01
1.674137246976938886e-01
1.666625251239668981e-01
1.659276838933335940e-01
1.652088056792541948e-01
1.645055110974200097e-01
1.640000000000000069e-01
1.640000000000000069e-01
1.640000000000000069e-01
1.640000000000000069e-01
1.640000000000000069e-01
1.640000000000000069e-01
1.640000000000000069e-01
1.640000000000000069e-01
1.640000000000000069e-01
1.640000000000000069e-01
1.640000000000000069e-01
1.640000000000000069e-01
1.640000000000000069e-01
1.640000000000000069e-01
1.640000000000000069e-01
1.640000000000000069e-01
1.640000000000000069e-01
1.640000000000000069e-01
1.640000000000000069e-01
1.640000000000000069e-01
1.640000000000000069e-01
1.640000000000000069e-01
1.640000000000000069e-01
1.640000000000000069e-01
1.640000000000000069e-01
1.640000000000000069e-01
1.640000000000000069e-01
1.640000000000000069e-01
1.640000000000000069e-01
1.640000000000000069e-01
1.640000000000000069e-01
1.640000000000000069e-01
1.640000000000000069e-01
1.640000000000000069e-01
1.640000000000000069e-01
1.640000000000000069e-01
1.640000000000000069e-01
1.640000000000000069e-01
1.640000000000000069e-01
1.640000000000000069e-01
1.640000000000000069e-01
1.640000000000000069e-01
1.640000000000000069e-01
1.640000000000000069e-01
1.640000000000000069e-01
1.640000000000000069e-01
1.640000000000000069e-01
1.640000000000000069e-01
1.640000000000000069e-01
1.640000000000000069e-01
1.640000000000000069e-01
1.640000000000000069e-01
1.640000000000000069e-01
1.640000000000000069e-01
1.640000000000000069e-01
1.640000000000000069e-01
1.640000000000000069e-01
1.640000000000000069e-01
1.640000000000000069e-01
1.640000000000000069e-01
1.640000000000000069e-01
1.640000000000000069e-01
1.640000000000000069e-01
1.640000000000000069e-01
1.640000000000000069e-01
1.640000000000000069e-01
1.640000000000000069e-01
1.640000000000000069e-01
1.640000000000000069e-01
1.640000000000000069e-01
1.640000000000000069e-01
1.640000000000000069e-01
1.640000000000000069e-01
1.640000000000000069e-01
1.640000000000000069e-01
1.640000000000000069e-01
1.640000000000000069e-01
1.640000000000000069e-01
1.640000000000000069e-01
1.640000000000000069e-01
1.640000000000000069e-01
1.640000000000000069e-01
1.640000000000000069e-01
1.640000000000000069e-01
1.640000000000000069e-01
1.640000000000000069e-01
1.640000000000000069e-01
1.640000000000000069e-01
1.640000000000000069e-01
1.640000000000000069e-01
1.640000000000000069e-01
1.640000000000000069e-01
1.640000000000000069e-01
1.640000000000000069e-01
1.640000000000000069e-01
1.640000000000000069e-01
1.640000000000000069e-01
1.640000000000000069e-01
1.640000000000000069e-01
1.640000000000000069e-01
1.640000000000000069e-01
1.640000000000000069e-01
1.640000000000000069e-01
1.640000000000000069e-01
1.640000000000000069e-01
1.640000000000000069e-01
1.640000000000000069e-01
1.640000000000000069e-01
1.640000000000000069e-01
1.640000000000000069e-01
1.640000000000000069e-01
1.640000000000000069e-01
1.640000000000000069e-01
1.640000000000000069e-01
1.640000000000000069e-01
1.640000000000000069e-01
1.640000000000000069e-01
1.640000000000000069e-01
1.640000000000000069e-01
1.640000000000000069e-01
1.640000000000000069e-01
1.640000000000000069e-01
1.640000000000000069e-01
1.640000000000000069e-01
1.640000000000000069e-01
1.640000000000000069e-01
1.640000000000000069e-01
1.640000000000000069e-01
1.640000000000000069e-01
1.640000000000000069e-01
1.640000000000000069e-01
1.640000000000000069e-01
1.640000000000000069e-01
1.640000000000000069e-01
1.640000000000000069e-01
1.640000000000000069e-01
1.640000000000000069e-01
1.640000000000000069e-01
1.640000000000000069e-01
1.640000000000000069e-01
1.640000000000000069e-01
1.640000000000000069e-01
1.640000000000000069e-01
1.640000000000000069e-01
1.640000000000000069e-01
