-8.942850850760101125e-12
-1.085456932911179617e+00
-1.999830370200427510e+01
-2.117280207082976773e+01
-3.140993912115788156e+00
1.200000000000000000e+01
1.941163094919630960e-01
1.966053387174604983e-01
1.961359419215834010e-01
1.981550542646509927e-01
1.995265995941780945e-01
1.956422651614559971e-01
1.923151939214468864e-01
1.967976479053444028e-01
1.988301397466465947e-01
1.949356099304548062e-01
1.954936585802659055e-01
1.983967220104047025e-01
1.996364286689454870e-01
1.994089037068856041e-01
1.987877738907598002e-01
1.977474082542416967e-01
1.970437093212757951e-01
2.021791115369893921e-01
1.994398155900352909e-01
2.013764473201752059e-01
2.010042799502337052e-01
2.002189017068402022e-01
2.037367220316206040e-01
1.989818007043402948e-01
2.035641241900018883e-01
2.024380210598361041e-01
2.045408053125110925e-01
2.059877094438329059e-01
2.044016791275838907e-01
2.043395559341001089e-01
2.033805937633424987e-01
2.073094821031891966e-01
2.046630640702742920e-01
2.061992403851646005e-01
2.055082672261792087e-01
2.068206169815111906e-01
2.104019635294769042e-01
2.105154681520663984e-01
2.121617732366032905e-01
2.115374828120001882e-01
2.103942662898695970e-01
2.095242734070330015e-01
2.109171420049092138e-01
2.133933728211369063e-01
2.137371553834941096e-01
2.120473145744719012e-01
2.129969355268946929e-01
2.123917606920772971e-01
2.185536320039780933e-01
2.140168420977162089e-01
2.148491829152908983e-01
2.208159549009006961e-01
2.210965093045129948e-01
2.211911910226389000e-01
2.200236884087025946e-01
2.236002509205967104e-01
2.205846161864611910e-01
2.221120887374309072e-01
2.234188925237851897e-01
2.231275824813460096e-01
2.258830713901479881e-01
2.237205621686688128e-01
2.308399258484807870e-01
2.301401863471944087e-01
2.322868458003299053e-01
2.280497082472894010e-01
2.352782966231400097e-01
2.337386284936285030e-01
2.374245374551456900e-01
2.353294697033002925e-01
2.344983787474425874e-01
2.397167929922980889e-01
2.419498017670524137e-01
2.413517539815021040e-01
2.427798413360570118e-01
2.451866518426694119e-01
2.427774376270681878e-01
2.494616097135421984e-01
2.494808108601102026e-01
2.504653256405481865e-01
2.520047651887497020e-01
2.533921266126645810e-01
2.556861114562953841e-01
2.622624512692185994e-01
2.605092016622458928e-01
2.633147896961872125e-01
2.630957500007798933e-01
2.657415566693048792e-01
2.681144335976329840e-01
2.735299252583837104e-01
2.731948912251779826e-01
2.743159552627461029e-01
2.779597853590348167e-01
2.836441911657421877e-01
2.807374652245691049e-01
2.852964071340994834e-01
2.901650775595847054e-01
2.952486099709690226e-01
2.940223927383233127e-01
2.935746035734194126e-01
2.977782093368063210e-01
2.944247981520974888e-01
2.991807646933751785e-01
2.987933103283541003e-01
2.962381486417161036e-01
2.968120956815412104e-01
2.995884470539518230e-01
2.989971065939540096e-01
2.970838253958004160e-01
3.019302222997019003e-01
2.978904103090255773e-01
3.017364646414860130e-01
3.016097402946580908e-01
3.040320974700880807e-01
3.048344212252089847e-01
3.066188057894450036e-01
3.064543949197762185e-01
3.075012057255918085e-01
3.049607352671206972e-01
3.017965892400980010e-01
3.075333496360735941e-01
3.087131902960739138e-01
3.086711157034269792e-01
3.127584052884858079e-01
3.087797247105856235e-01
3.130450875609008810e-01
3.088074654626182802e-01
3.149395746974121835e-01
3.138661393476713801e-01
3.150520133320562910e-01
3.190692194735252896e-01
3.175804636215239785e-01
3.203478501903950781e-01
3.208865390929220851e-01
3.215336944322161883e-01
3.190412685259422232e-01
3.227681188079650765e-01
3.263579934860703080e-01
3.235625628232289830e-01
3.253680521341317244e-01
3.301622865464919898e-01
3.275867500757331796e-01
3.305846225648266801e-01
3.330473729254850856e-01
3.326976009888263919e-01
3.366515813221683251e-01
3.389998699003626825e-01
3.374890891254396230e-01
3.393275424277266139e-01
3.414931180046631987e-01
3.425275175486036106e-01
3.429329132309020811e-01
3.469229380404367791e-01
3.489344801040908939e-01
3.499202414424442131e-01
3.568077806497506055e-01
3.556665675861720999e-01
3.606985882255341891e-01
3.642109123452672015e-01
3.632833770516137872e-01
3.548161618587178934e-01
3.704935042885474927e-01
3.677983444407522118e-01
3.757161849272278031e-01
3.735011540885057046e-01
3.809564921871235743e-01
3.813640391464853119e-01
3.854130963925894160e-01
3.907050493195124985e-01
3.938733526587959166e-01
3.941181485376689109e-01
3.959652841864532147e-01
4.031761917058180877e-01
4.090750016515837806e-01
4.102596610867210725e-01
4.161574104826039067e-01
4.182329530713245758e-01
4.170103538579931768e-01
4.232406064173822036e-01
4.246025543591664952e-01
4.283418332212551860e-01
4.307277335376069050e-01
4.321574931749784798e-01
4.341778618587264771e-01
4.396376459563189898e-01
4.373227313478245115e-01
4.363160506656056925e-01
4.429621038765600982e-01
4.453649419954059940e-01
4.460038125102698814e-01
4.480723373170302226e-01
4.486796090734851972e-01
4.465244341835579167e-01
4.511300627072667990e-01
4.508179733408738121e-01
4.514485079465473949e-01
4.523829659203292830e-01
4.541090455939367221e-01
4.556971675456527038e-01
4.597283300891226165e-01
4.554666109380299810e-01
4.595356101224081780e-01
4.609914495098592080e-01
4.644610333823681048e-01
4.632754733664046221e-01
4.650243035898988242e-01
4.649510141073368019e-01
4.673659855216887871e-01
4.713213540713201977e-01
4.689232671374639061e-01
4.669519971178348050e-01
4.727524710559402044e-01
4.706356650888772752e-01
4.708247184564421928e-01
4.774920442588401204e-01
4.786657735470826736e-01
4.758858837135068742e-01
4.779157607399626140e-01
4.822197711638009920e-01
4.845179568978567053e-01
4.830996522856014774e-01
4.854826919073914060e-01
4.851707823607466219e-01
4.890104211670325829e-01
4.876617691661260801e-01
4.931321869225748222e-01
4.933649185453137798e-01
4.953864043302081965e-01
5.010597327011027113e-01
5.017519242912977795e-01
5.025280015790678512e-01
5.093986238098723307e-01
5.064883698734662376e-01
5.057684997687377226e-01
5.159165377159642407e-01
5.150912409272637715e-01
5.132423054132843054e-01
5.183800432018479398e-01
5.207057946317593666e-01
5.249517314685202551e-01
5.270301073329963781e-01
5.336556747346197227e-01
5.378097611614061080e-01
5.410772501694688374e-01
5.375783077556843814e-01
5.459575687488706919e-01
5.498194649990286731e-01
5.562956482147066728e-01
5.565185681777848892e-01
5.619492877474184800e-01
5.639127834579509280e-01
5.699274008316157492e-01
5.742503007046941832e-01
5.784521806111330156e-01
5.771890686533196480e-01
5.811015562537843460e-01
5.786461009662108301e-01
5.845134680013825967e-01
5.772928658440589222e-01
5.733173969225613398e-01
5.760070511224727463e-01
5.727350578927917768e-01
5.723243767198658016e-01
5.696068596419574526e-01
5.655213700894804463e-01
5.634648664423821396e-01
5.614065763048380342e-01
5.606547447333471990e-01
5.547406547259917664e-01
5.580681125165214418e-01
5.583172746851395862e-01
5.518068730553220558e-01
5.574045262766093023e-01
5.481143208939235345e-01
5.504887211344752229e-01
5.503478496264408992e-01
5.498353283813374182e-01
5.512969835435608257e-01
5.474006091596951284e-01
5.408882335681812759e-01
5.412785493313907459e-01
5.495412924950375810e-01
5.429392519152109742e-01
5.422506071705868180e-01
5.408874170493739308e-01
5.427328063415296500e-01
5.360981998285414551e-01
5.374836980815790310e-01
5.406648853762580087e-01
5.387138200154276690e-01
5.361232611710228246e-01
5.274988733909210525e-01
5.135394844386281799e-01
5.017535859692440203e-01
4.897228580205315041e-01
4.874061543240466032e-01
4.803747126026562952e-01
4.737440328986466942e-01
4.614733293075056753e-01
4.605970361088335130e-01
4.596254231487946762e-01
4.556471571541015897e-01
4.465778569029973943e-01
4.399582096103182849e-01
4.403627845469715862e-01
4.367207589321407957e-01
4.326391268840846793e-01
4.270580471845880077e-01
4.240978422049793140e-01
4.194810602116924025e-01
4.212439837934321973e-01
4.135348559494291809e-01
4.086494100081123904e-01
4.086376725407335209e-01
4.048552579498098103e-01
4.048247585295177142e-01
4.002367904653231778e-01
3.983516058616702882e-01
3.943608382619984143e-01
3.920783062350620130e-01
3.937000364787148765e-01
3.943928928794740996e-01
3.816035734048878747e-01
3.871861065630944898e-01
3.887504216391434730e-01
3.820467420959268723e-01
3.782827990561536957e-01
3.795541880459237793e-01
3.741019789257438166e-01
3.743932983112219781e-01
3.727758899695378103e-01
3.695782642591162181e-01
3.755756698765458923e-01
3.696034529128148782e-01
3.684437428612593046e-01
3.668259333184754056e-01
3.685057626168550260e-01
3.675447575520818799e-01
3.613826949417265899e-01
3.602376451708113048e-01
3.621537504378034011e-01
3.623852454240119036e-01
3.597694646594286061e-01
3.537207370505441872e-01
3.570053320914214900e-01
3.524671231958799167e-01
3.511067500771644090e-01
3.519673747324766899e-01
3.510090581636519103e-01
3.480401290479869791e-01
3.489862874074505794e-01
3.434914105573427801e-01
3.439123453996558166e-01
3.423108340263337768e-01
3.425666439386784168e-01
3.386550699802337028e-01
3.429348051103022210e-01
3.390969020876362094e-01
3.368819960575137884e-01
3.378234731478796937e-01
3.372988910119790740e-01
3.370772768444521006e-01
3.374018082642852856e-01
3.321084830631960139e-01
3.299400295099945146e-01
3.277409646722198033e-01
3.234047721037420775e-01
3.316790083017470137e-01
3.283319578535150995e-01
3.300986896758555944e-01
3.293495338889108059e-01
3.293681635474001723e-01
3.250486980277206839e-01
3.199668325367002741e-01
3.254958793902494874e-01
3.271609947461980861e-01
3.235932811584258939e-01
3.224252089463208737e-01
3.242487642111964163e-01
3.257378723816392041e-01
3.211851239303366023e-01
3.232187472666963046e-01
3.222569537949210861e-01
3.198382304078669081e-01
3.179495254926839043e-01
3.156009792928278768e-01
3.192491942478506983e-01
3.231115974748132169e-01
3.198999296431020989e-01
3.168271847296683097e-01
3.164137061157805131e-01
3.184858928841661774e-01
3.212565813637052181e-01
3.176296023942168922e-01
3.156211597602194829e-01
3.181243001967982154e-01
3.175538836198529835e-01
3.136262994872927035e-01
3.137888777847568922e-01
3.151969302521940852e-01
3.165491006350161785e-01
3.208885071075183171e-01
3.100966369738555883e-01
3.169762168053358864e-01
3.154570640683524996e-01
3.121907633407990934e-01
3.118370527524451097e-01
3.110327162548968127e-01
3.089782260547220827e-01
3.106429486021298758e-01
3.095168012995082041e-01
3.051490071238203150e-01
3.028915891885440859e-01
3.016653578806127167e-01
3.037536703718781150e-01
3.013492899273744752e-01
3.018149176125626276e-01
2.993713880567981933e-01
2.942322576813088952e-01
2.976378235686102935e-01
2.945863556726793786e-01
2.933939498099740750e-01
2.940977360780884786e-01
2.928460142025468005e-01
2.911044990086392170e-01
2.914793322765403261e-01
2.885474511307203893e-01
2.862301839821762006e-01
2.880996003156334750e-01
2.857274702581741876e-01
2.868531200621314836e-01
2.792682249235023950e-01
2.808696733176104798e-01
2.816991615691171735e-01
2.826012172750030915e-01
2.807107782552000774e-01
2.763883678496142915e-01
2.796931178842205212e-01
2.774134598226299930e-01
2.802662486654959872e-01
2.781873597716499891e-01
2.769275084179025903e-01
2.769986303218918144e-01
2.768215823989326752e-01
2.742280598670419067e-01
2.735562493055820887e-01
2.721058189229034752e-01
2.696342388502150911e-01
2.659082532746062100e-01
2.673039149277753879e-01
2.693202438276153798e-01
2.700542292236678965e-01
2.676551667664672229e-01
2.632809058250129008e-01
2.674547896869817198e-01
2.624463761698239139e-01
2.650584367102293837e-01
2.637248643588652186e-01
2.631680307043688938e-01
2.588313151600574735e-01
2.597587293636651751e-01
2.576326952680235149e-01
2.604786744983448865e-01
2.613065049102851201e-01
2.572094981901963950e-01
2.595902859514686023e-01
2.580853255508012145e-01
2.561642511505355935e-01
2.555473589268700829e-01
2.542731983195757883e-01
2.540793672883761012e-01
2.524251743235839118e-01
2.529713733661614894e-01
2.515907569509359121e-01
2.510003966377469253e-01
2.518478091665851126e-01
2.503919641345915825e-01
2.435535777254065892e-01
2.504174158890272728e-01
2.508472823600549906e-01
2.485858228458054930e-01
2.511694248195763812e-01
2.472928355720195037e-01
2.487102475579064942e-01
2.471888169353785025e-01
2.458628633399438934e-01
2.439120720946633125e-01
2.416984439168828047e-01
2.428898220284846921e-01
2.456537433756458000e-01
2.436958993977487997e-01
2.452608959076084949e-01
2.434715112000226944e-01
2.441876696046045014e-01
2.449149697347028920e-01
2.383929240705333075e-01
2.422635754421414989e-01
2.383430626975369115e-01
2.390980275562367974e-01
2.386148665782895084e-01
2.403155571400439894e-01
2.405886186319133868e-01
2.380303209473063897e-01
2.411875634885650987e-01
2.379452296334503003e-01
2.374077122778062987e-01
2.377831757928187961e-01
2.384674043709563984e-01
2.379363554359285871e-01
2.379513506925743926e-01
2.379452073968233994e-01
2.381662301501820123e-01
2.377715205446173929e-01
2.341387664379311895e-01
2.361612394382383018e-01
2.361711829444539945e-01
2.367835979548358061e-01
2.349983890800310116e-01
2.339885774423259013e-01
2.367155850029009911e-01
2.354265471087768902e-01
2.347010676691488884e-01
2.353810571943613927e-01
2.331038929847379093e-01
2.317350146316914938e-01
2.327029744376027942e-01
2.340018546064764060e-01
2.330820300564556968e-01
2.336798279483593976e-01
2.340042790790962113e-01
2.360508121370890056e-01
2.300565571232051076e-01
2.363100949558764041e-01
2.335034368791644999e-01
2.345757500875307877e-01
2.338110333349610881e-01
2.304144770193062020e-01
2.347843619077789878e-01
2.349243093684887929e-01
1.200000000000000000e+01
1.200000000000000000e+01
1.200000000000000000e+01
1.200000000000000000e+01
1.200000000000000000e+01
1.200000000000000000e+01
1.200000000000000000e+01
1.200000000000000000e+01
1.200000000000000000e+01
1.200000000000000000e+01
1.200000000000000000e+01
1.200000000000000000e+01
1.200000000000000000e+01
1.200000000000000000e+01
1.200000000000000000e+01
1.200000000000000000e+01
1.200000000000000000e+01
1.200000000000000000e+01
1.200000000000000000e+01
1.200000000000000000e+01
1.200000000000000000e+01
1.200000000000000000e+01
1.200000000000000000e+01
1.200000000000000000e+01
1.200000000000000000e+01
1.200000000000000000e+01
1.200000000000000000e+01
1.200000000000000000e+01
1.200000000000000000e+01
1.200000000000000000e+01
1.200000000000000000e+01
1.200000000000000000e+01
1.200000000000000000e+01
1.200000000000000000e+01
1.200000000000000000e+01
1.200000000000000000e+01
1.200000000000000000e+01
1.200000000000000000e+01
1.200000000000000000e+01
1.200000000000000000e+01
1.200000000000000000e+01
1.200000000000000000e+01
1.200000000000000000e+01
1.200000000000000000e+01
1.200000000000000000e+01
1.200000000000000000e+01
1.200000000000000000e+01
1.200000000000000000e+01
1.200000000000000000e+01
1.200000000000000000e+01
1.200000000000000000e+01
1.200000000000000000e+01
1.200000000000000000e+01
1.200000000000000000e+01
1.200000000000000000e+01
1.200000000000000000e+01
1.200000000000000000e+01
1.200000000000000000e+01
1.200000000000000000e+01
1.200000000000000000e+01
1.200000000000000000e+01
1.200000000000000000e+01
1.200000000000000000e+01
1.200000000000000000e+01
1.200000000000000000e+01
1.200000000000000000e+01
1.200000000000000000e+01
1.200000000000000000e+01
1.200000000000000000e+01
1.200000000000000000e+01
1.200000000000000000e+01
1.200000000000000000e+01
1.200000000000000000e+01
1.200000000000000000e+01
1.200000000000000000e+01
1.200000000000000000e+01
1.200000000000000000e+01
1.200000000000000000e+01
1.200000000000000000e+01
1.200000000000000000e+01
1.200000000000000000e+01
1.200000000000000000e+01
1.200000000000000000e+01
1.200000000000000000e+01
1.200000000000000000e+01
1.200000000000000000e+01
1.200000000000000000e+01
1.200000000000000000e+01
1.200000000000000000e+01
1.200000000000000000e+01
1.200000000000000000e+01
1.200000000000000000e+01
1.200000000000000000e+01
1.200000000000000000e+01
1.200000000000000000e+01
1.200000000000000000e+01
1.200000000000000000e+01
1.200000000000000000e+01
1.200000000000000000e+01
1.200000000000000000e+01
1.200000000000000000e+01
1.200000000000000000e+01
1.200000000000000000e+01
1.200000000000000000e+01
1.200000000000000000e+01
1.200000000000000000e+01
1.200000000000000000e+01
1.200000000000000000e+01
1.200000000000000000e+01
1.200000000000000000e+01
1.200000000000000000e+01
1.200000000000000000e+01
1.200000000000000000e+01
1.200000000000000000e+01
1.200000000000000000e+01
1.200000000000000000e+01
1.200000000000000000e+01
1.200000000000000000e+01
1.200000000000000000e+01
1.200000000000000000e+01
1.200000000000000000e+01
1.200000000000000000e+01
1.200000000000000000e+01
1.200000000000000000e+01
1.200000000000000000e+01
1.200000000000000000e+01
1.200000000000000000e+01
1.200000000000000000e+01
1.200000000000000000e+01
1.200000000000000000e+01
1.200000000000000000e+01
1.200000000000000000e+01
1.200000000000000000e+01
1.200000000000000000e+01
1.200000000000000000e+01
1.200000000000000000e+01
1.200000000000000000e+01
1.200000000000000000e+01
1.200000000000000000e+01
1.200000000000000000e+01
1.200000000000000000e+01
1.200000000000000000e+01
1.200000000000000000e+01
1.200000000000000000e+01
1.200000000000000000e+01
1.200000000000000000e+01
1.200000000000000000e+01
1.200000000000000000e+01
1.200000000000000000e+01
1.200000000000000000e+01
1.200000000000000000e+01
1.200000000000000000e+01
1.200000000000000000e+01
1.200000000000000000e+01
1.200000000000000000e+01
1.200000000000000000e+01
1.200000000000000000e+01
1.200000000000000000e+01
1.200000000000000000e+01
1.200000000000000000e+01
1.200000000000000000e+01
1.200000000000000000e+01
1.200000000000000000e+01
1.200000000000000000e+01
1.200000000000000000e+01
1.200000000000000000e+01
1.200000000000000000e+01
1.200000000000000000e+01
1.200000000000000000e+01
1.200000000000000000e+01
1.200000000000000000e+01
1.200000000000000000e+01
1.200000000000000000e+01
1.200000000000000000e+01
1.200000000000000000e+01
1.200000000000000000e+01
1.200000000000000000e+01
1.200000000000000000e+01
1.200000000000000000e+01
1.200000000000000000e+01
1.200000000000000000e+01
1.200000000000000000e+01
1.200000000000000000e+01
1.200000000000000000e+01
1.200000000000000000e+01
1.200000000000000000e+01
1.200000000000000000e+01
1.200000000000000000e+01
1.200000000000000000e+01
1.200000000000000000e+01
1.200000000000000000e+01
1.200000000000000000e+01
1.200000000000000000e+01
1.200000000000000000e+01
1.200000000000000000e+01
1.200000000000000000e+01
1.200000000000000000e+01
1.200000000000000000e+01
1.200000000000000000e+01
1.200000000000000000e+01
1.200000000000000000e+01
1.200000000000000000e+01
1.200000000000000000e+01
1.200000000000000000e+01
1.200000000000000000e+01
1.200000000000000000e+01
1.200000000000000000e+01
1.200000000000000000e+01
1.200000000000000000e+01
1.200000000000000000e+01
1.200000000000000000e+01
1.200000000000000000e+01
1.200000000000000000e+01
1.200000000000000000e+01
1.200000000000000000e+01
1.200000000000000000e+01
1.200000000000000000e+01
1.200000000000000000e+01
1.200000000000000000e+01
1.200000000000000000e+01
1.200000000000000000e+01
1.200000000000000000e+01
1.200000000000000000e+01
1.200000000000000000e+01
1.200000000000000000e+01
1.200000000000000000e+01
1.200000000000000000e+01
1.200000000000000000e+01
1.200000000000000000e+01
1.200000000000000000e+01
1.200000000000000000e+01
1.200000000000000000e+01
1.200000000000000000e+01
1.200000000000000000e+01
1.200000000000000000e+01
1.200000000000000000e+01
1.200000000000000000e+01
1.200000000000000000e+01
1.200000000000000000e+01
1.200000000000000000e+01
1.200000000000000000e+01
1.200000000000000000e+01
1.200000000000000000e+01
1.200000000000000000e+01
1.200000000000000000e+01
1.200000000000000000e+01
1.200000000000000000e+01
1.200000000000000000e+01
1.200000000000000000e+01
1.200000000000000000e+01
1.200000000000000000e+01
1.200000000000000000e+01
1.200000000000000000e+01
1.200000000000000000e+01
1.200000000000000000e+01
1.200000000000000000e+01
1.200000000000000000e+01
1.200000000000000000e+01
1.200000000000000000e+01
1.200000000000000000e+01
1.200000000000000000e+01
1.200000000000000000e+01
1.200000000000000000e+01
1.200000000000000000e+01
1.200000000000000000e+01
1.200000000000000000e+01
1.200000000000000000e+01
1.200000000000000000e+01
1.200000000000000000e+01
1.200000000000000000e+01
1.200000000000000000e+01
1.200000000000000000e+01
1.200000000000000000e+01
1.200000000000000000e+01
1.200000000000000000e+01
1.200000000000000000e+01
1.200000000000000000e+01
1.200000000000000000e+01
1.200000000000000000e+01
1.200000000000000000e+01
1.200000000000000000e+01
1.200000000000000000e+01
1.200000000000000000e+01
1.200000000000000000e+01
1.200000000000000000e+01
1.200000000000000000e+01
1.200000000000000000e+01
1.200000000000000000e+01
1.200000000000000000e+01
1.200000000000000000e+01
1.200000000000000000e+01
1.200000000000000000e+01
1.200000000000000000e+01
1.200000000000000000e+01
1.200000000000000000e+01
1.200000000000000000e+01
1.200000000000000000e+01
1.200000000000000000e+01
1.200000000000000000e+01
1.200000000000000000e+01
1.200000000000000000e+01
1.200000000000000000e+01
1.200000000000000000e+01
1.200000000000000000e+01
1.200000000000000000e+01
1.200000000000000000e+01
1.200000000000000000e+01
1.200000000000000000e+01
1.200000000000000000e+01
1.200000000000000000e+01
1.200000000000000000e+01
1.200000000000000000e+01
1.200000000000000000e+01
1.200000000000000000e+01
1.200000000000000000e+01
1.200000000000000000e+01
1.200000000000000000e+01
1.200000000000000000e+01
1.200000000000000000e+01
1.200000000000000000e+01
1.200000000000000000e+01
1.200000000000000000e+01
1.200000000000000000e+01
1.200000000000000000e+01
1.200000000000000000e+01
1.200000000000000000e+01
1.200000000000000000e+01
1.200000000000000000e+01
1.200000000000000000e+01
1.200000000000000000e+01
1.200000000000000000e+01
1.200000000000000000e+01
1.200000000000000000e+01
1.200000000000000000e+01
1.200000000000000000e+01
1.200000000000000000e+01
1.200000000000000000e+01
1.200000000000000000e+01
1.200000000000000000e+01
1.200000000000000000e+01
1.200000000000000000e+01
1.200000000000000000e+01
1.200000000000000000e+01
1.200000000000000000e+01
1.200000000000000000e+01
1.200000000000000000e+01
1.200000000000000000e+01
1.200000000000000000e+01
1.200000000000000000e+01
1.200000000000000000e+01
1.200000000000000000e+01
1.200000000000000000e+01
1.200000000000000000e+01
1.200000000000000000e+01
1.200000000000000000e+01
1.200000000000000000e+01
1.200000000000000000e+01
1.200000000000000000e+01
1.200000000000000000e+01
1.200000000000000000e+01
1.200000000000000000e+01
1.200000000000000000e+01
1.200000000000000000e+01
1.200000000000000000e+01
1.200000000000000000e+01
1.200000000000000000e+01
1.200000000000000000e+01
1.200000000000000000e+01
1.200000000000000000e+01
1.200000000000000000e+01
1.200000000000000000e+01
1.200000000000000000e+01
1.200000000000000000e+01
1.200000000000000000e+01
1.200000000000000000e+01
1.200000000000000000e+01
1.200000000000000000e+01
1.200000000000000000e+01
1.200000000000000000e+01
1.200000000000000000e+01
1.200000000000000000e+01
1.200000000000000000e+01
1.200000000000000000e+01
1.200000000000000000e+01
1.200000000000000000e+01
1.200000000000000000e+01
1.200000000000000000e+01
1.200000000000000000e+01
1.200000000000000000e+01
1.200000000000000000e+01
1.200000000000000000e+01
1.200000000000000000e+01
1.200000000000000000e+01
1.200000000000000000e+01
1.200000000000000000e+01
1.200000000000000000e+01
1.200000000000000000e+01
1.200000000000000000e+01
1.200000000000000000e+01
1.200000000000000000e+01
1.200000000000000000e+01
1.200000000000000000e+01
1.200000000000000000e+01
1.200000000000000000e+01
1.200000000000000000e+01
1.200000000000000000e+01
1.200000000000000000e+01
1.200000000000000000e+01
1.200000000000000000e+01
1.200000000000000000e+01
1.200000000000000000e+01
1.200000000000000000e+01
1.200000000000000000e+01
1.200000000000000000e+01
1.200000000000000000e+01
1.200000000000000000e+01
1.200000000000000000e+01
1.200000000000000000e+01
1.200000000000000000e+01
1.200000000000000000e+01
1.200000000000000000e+01
1.200000000000000000e+01
1.200000000000000000e+01
1.200000000000000000e+01
1.200000000000000000e+01
1.200000000000000000e+01
1.200000000000000000e+01
1.200000000000000000e+01
1.200000000000000000e+01
1.200000000000000000e+01
1.200000000000000000e+01
1.200000000000000000e+01
1.200000000000000000e+01
1.200000000000000000e+01
1.200000000000000000e+01
1.200000000000000000e+01
1.200000000000000000e+01
1.200000000000000000e+01
1.200000000000000000e+01
1.200000000000000000e+01
1.200000000000000000e+01
1.200000000000000000e+01
1.200000000000000000e+01
1.200000000000000000e+01
1.200000000000000000e+01
1.200000000000000000e+01
1.200000000000000000e+01
1.200000000000000000e+01
1.200000000000000000e+01
1.200000000000000000e+01
1.200000000000000000e+01
1.200000000000000000e+01
1.200000000000000000e+01
1.200000000000000000e+01
1.200000000000000000e+01
1.200000000000000000e+01
1.200000000000000000e+01
1.200000000000000000e+01
1.200000000000000000e+01
1.200000000000000000e+01
1.200000000000000000e+01
1.200000000000000000e+01
1.200000000000000000e+01
1.200000000000000000e+01
1.200000000000000000e+01
1.200000000000000000e+01
1.200000000000000000e+01
1.200000000000000000e+01
1.200000000000000000e+01
1.200000000000000000e+01
1.200000000000000000e+01
1.200000000000000000e+01
1.200000000000000000e+01
1.200000000000000000e+01
1.200000000000000000e+01
1.200000000000000000e+01
1.200000000000000000e+01
1.200000000000000000e+01
1.200000000000000000e+01
1.200000000000000000e+01
1.200000000000000000e+01
1.200000000000000000e+01
1.200000000000000000e+01
1.200000000000000000e+01
1.200000000000000000e+01
1.200000000000000000e+01
1.200000000000000000e+01
1.200000000000000000e+01
1.200000000000000000e+01
1.200000000000000000e+01
1.200000000000000000e+01
1.200000000000000000e+01
1.200000000000000000e+01
1.200000000000000000e+01
1.200000000000000000e+01
1.200000000000000000e+01
1.200000000000000000e+01
1.200000000000000000e+01
1.200000000000000000e+01
1.200000000000000000e+01
1.200000000000000000e+01
1.200000000000000000e+01
1.200000000000000000e+01
1.200000000000000000e+01
1.200000000000000000e+01
1.200000000000000000e+01
1.200000000000000000e+01
1.200000000000000000e+01
1.200000000000000000e+01
1.200000000000000000e+01
1.200000000000000000e+01
1.200000000000000000e+01
1.200000000000000000e+01
1.200000000000000000e+01
1.200000000000000000e+01
1.200000000000000000e+01
1.200000000000000000e+01
1.200000000000000000e+01
1.200000000000000000e+01
1.200000000000000000e+01
1.200000000000000000e+01
1.200000000000000000e+01
1.200000000000000000e+01
1.200000000000000000e+01
1.200000000000000000e+01
1.200000000000000000e+01
1.200000000000000000e+01
1.200000000000000000e+01
1.200000000000000000e+01
1.200000000000000000e+01
1.200000000000000000e+01
1.200000000000000000e+01
1.200000000000000000e+01
1.200000000000000000e+01
1.200000000000000000e+01
1.200000000000000000e+01
1.200000000000000000e+01
1.200000000000000000e+01
1.200000000000000000e+01
1.200000000000000000e+01
