2.927373707784742818e-01
1.399999999711337706e+00
1.316778612688292327e+01
1.330588915025641050e+01
3.141592653589793116e+00
1.740941592531140225e+00
1.717241809460269497e+00
1.807634065593311190e+00
1.765089543956823936e+00
1.736161504457661930e+00
1.713317488234606500e+00
1.801324067711905563e+00
1.761232301907796005e+00
1.733197117466138248e+00
1.820730103407284028e+00
1.772164604578622349e+00
1.741373485703818558e+00
1.717524536116585843e+00
1.697727316978293821e+00
1.610590312851700068e+00
1.560252851398960638e+00
1.530163123058836838e+00
1.507128078650182168e+00
1.488084635668580402e+00
1.722208752532070841e+00
1.678352861561513309e+00
1.649348453170757844e+00
1.626617975234795788e+00
1.607633601640965582e+00
1.591229225542114323e+00
1.576751183390828093e+00
1.563788911803347892e+00
1.552064340003432186e+00
1.541378715792612208e+00
1.531584125329093604e+00
1.827565541152464057e+00
1.775451759760085846e+00
1.743758381467267915e+00
1.719443615815004378e+00
1.699348016280686435e+00
1.618493563040327654e+00
1.563440225998696365e+00
1.532426810215912427e+00
1.508935777781747367e+00
1.489606322725422816e+00
1.473035367223890502e+00
1.458475736991333926e+00
1.510576227416430717e+00
1.440859827390136738e+00
1.443701149800743710e+00
1.446814292839800453e+00
1.450209377985168357e+00
1.453897913448202406e+00
1.457892988264730905e+00
1.654320900119402804e+00
1.659193941497282054e+00
1.626736969659615006e+00
1.639511235702871828e+00
1.617803981079095843e+00
1.607690384143019680e+00
1.647279258656630496e+00
1.599745759910814247e+00
1.663012319095312996e+00
1.596146374367428900e+00
1.583712995728513429e+00
1.616406486425073785e+00
1.635597230611756991e+00
1.705454427146908314e+00
1.663289264366817566e+00
1.655270852202110898e+00
1.788180831735653786e+00
1.752673536828889711e+00
1.726535446148086628e+00
1.793554452694849255e+00
1.756217080631634397e+00
1.729284937235011421e+00
1.800024397672618903e+00
1.760274272251951766e+00
1.864315287671092891e+00
1.786160086236866062e+00
1.751081507911772084e+00
1.792789651314400157e+00
1.755350602926294412e+00
1.800649284716745235e+00
1.760139044063566027e+00
1.806759442951345607e+00
1.763525968210842398e+00
1.802520642548144369e+00
1.760823048477303310e+00
1.809991131158896094e+00
1.764893847601707977e+00
1.817598874886840798e+00
1.768594520360915023e+00
1.828156874299095236e+00
1.773167927624680784e+00
1.840863839739443009e+00
1.777397339486512573e+00
1.832877296366139941e+00
1.774296868133973915e+00
1.852091089850173011e+00
1.779384440279259572e+00
1.744690741573530879e+00
1.784178771315801937e+00
2.191168624623653916e+00
2.201813912693998176e+00
2.139516602413776170e+00
2.155928344948289777e+00
2.114122373725265014e+00
2.149346151457760090e+00
2.109065971296400388e+00
2.160668645634704177e+00
2.115238740584885146e+00
2.087024218526605690e+00
2.072080496298810193e+00
2.094131757093881330e+00
2.187373065950981577e+00
2.127043693633070109e+00
2.091761222297053191e+00
2.071597031670568079e+00
2.141636447387508912e+00
2.101085803005279029e+00
2.071873301434021819e+00
2.192854597286631790e+00
2.126815431297468972e+00
2.090513559817055445e+00
2.063232030443938658e+00
2.173844247968753418e+00
2.117936313477819965e+00
2.083675958417605667e+00
2.057416496751708124e+00
2.139482280386708180e+00
2.098011656125952307e+00
2.068427412851265412e+00
2.044743019220790714e+00
2.024803306993929297e+00
2.007534912644258984e+00
2.063390371814244784e+00
2.197289499692272940e+00
2.124193597388098098e+00
2.086975528819268177e+00
2.059268496697156170e+00
2.151934845958278331e+00
2.104215872379239016e+00
2.072326673639162564e+00
2.047336364663104202e+00
2.149761787365223942e+00
2.102642477049740499e+00
2.070957090323634731e+00
2.046080309694799926e+00
2.143713112775667451e+00
2.098740118881474714e+00
2.067812630794676920e+00
2.055420207442168579e+00
2.138715019113233584e+00
2.095412673073637322e+00
2.065114551636713092e+00
2.051837485964597363e+00
2.062387378282100059e+00
2.048376463552969096e+00
2.062097141310923476e+00
2.172174643093934154e+00
2.112332188796104848e+00
2.077222980135459807e+00
2.050548246519880546e+00
2.164829812194978942e+00
2.108664684116066113e+00
2.074385012136033879e+00
2.048131779695926191e+00
2.157521227402984465e+00
2.104654916372564077e+00
2.071229462080495853e+00
2.045421236635716067e+00
2.129684733282380726e+00
2.088253747216660461e+00
2.058711497077732488e+00
2.035062973598066538e+00
2.125447206245193676e+00
2.085238149213358039e+00
2.056209076818539039e+00
2.032864507495116602e+00
2.120892597700044124e+00
2.081909893352594576e+00
2.092910177838271935e+00
2.200116743180887013e+00
2.117034137569474339e+00
2.117328288277320780e+00
2.051013582173982996e+00
2.078511833266841080e+00
2.021660918502733661e+00
2.075899798187399004e+00
2.048333022132172054e+00
2.144922667716941067e+00
2.095673585458500021e+00
2.063328788339379383e+00
2.068518636607941996e+00
2.023299577113308878e+00
2.081429395487890854e+00
2.106980492193935461e+00
2.132764276521038838e+00
2.087767074730326744e+00
2.196428684446026569e+00
2.111986065756019215e+00
2.110664496449140337e+00
2.141648420668444075e+00
2.091626449525997078e+00
2.152797355635247989e+00
2.096157883009508005e+00
2.136458838249841730e+00
2.180932646053296509e+00
2.177191158967610729e+00
2.142711493819225321e+00
2.097562872053198024e+00
2.057996883712422509e+00
2.029308731299125146e+00
2.015948114141454361e+00
1.986668533549821092e+00
1.969871137591256760e+00
1.979677000144744792e+00
1.942699830269258410e+00
2.007640406444094250e+00
1.953061627734480110e+00
1.929670117383242456e+00
1.974349433532577081e+00
1.949535205002744798e+00
1.935070707191488104e+00
1.950108873998864789e+00
1.938847088396808305e+00
1.968315539931446922e+00
1.932318599072726073e+00
1.928856925995464877e+00
1.944369291494588703e+00
1.948891315359272403e+00
1.963776043918672443e+00
1.928483641492625633e+00
1.966705139868030416e+00
1.948596511107241636e+00
1.945928460900447243e+00
1.958206508321290062e+00
1.957445506839473603e+00
1.955262319909170987e+00
1.962173733734982939e+00
1.971912976453001010e+00
2.049012429458629381e+00
1.988371490846344347e+00
1.953766781866650426e+00
2.018880052647515466e+00
1.972363588002674417e+00
1.941339094589080494e+00
1.996259164098119543e+00
1.957185466866601109e+00
2.017643764478076918e+00
1.968867147626172764e+00
1.941803099982772007e+00
1.995167583706180414e+00
1.954475643087972836e+00
2.042663278475227884e+00
1.976071712179980011e+00
1.940601439313370813e+00
2.009627385337363403e+00
1.960336862281655934e+00
1.931682179513276809e+00
1.986610766454013577e+00
1.945530970861061970e+00
2.012201892235249368e+00
1.958499206351394406e+00
1.925512670179578389e+00
1.988013361268540002e+00
1.944207377374324475e+00
1.914199204665180787e+00
1.968429716798664408e+00
1.930573037475804110e+00
1.990467119072110380e+00
1.942962536626425596e+00
1.911738956759249985e+00
1.970162074686542697e+00
1.929758662212448073e+00
2.022393754266781585e+00
1.952752247599937263e+00
1.917060074379540291e+00
1.989286854673947502e+00
1.938073523970579970e+00
2.010135262266101286e+00
1.946122201994942014e+00
1.911207409152912762e+00
1.979968457986164498e+00
1.931017804939193283e+00
1.899412111836763506e+00
1.947221604959896935e+00
1.910071133762520024e+00
1.949700238511610895e+00
1.987100704175831956e+00
1.929724013605832900e+00
1.945964894975992010e+00
2.008665456653663473e+00
1.943420134625336804e+00
1.901360485735690498e+00
1.872126204289876084e+00
1.848898843637777567e+00
1.829394288505246324e+00
1.912305953297689598e+00
1.834707809328157913e+00
1.799250758493109892e+00
1.773013961547305284e+00
1.781028493759984954e+00
1.805095611414325285e+00
1.765191661344601259e+00
1.775282449952229280e+00
1.814680898155990763e+00
1.769139475065633516e+00
1.728111266969986071e+00
1.706303819379354714e+00
1.705019057057715948e+00
1.699458420896446720e+00
1.700468786805871435e+00
1.702708869217299803e+00
1.695515944259828878e+00
1.697502048094578608e+00
1.699812460502621247e+00
1.693090983695711094e+00
1.695149562544985500e+00
1.695054049269441698e+00
1.690089302443849917e+00
1.692214442820935805e+00
1.688876522268111691e+00
1.680726012649221612e+00
1.682125453224434075e+00
1.683833312715619090e+00
1.685855449715744081e+00
1.687965861843742088e+00
1.680863536033152084e+00
1.682951670790339582e+00
1.681851854844655270e+00
1.678981294587552187e+00
1.681216680705523103e+00
1.672968708318689934e+00
1.661231160859025557e+00
1.662373146785780742e+00
1.663813596850665544e+00
1.765372795276382911e+00
1.770294824745017648e+00
1.740733208959895695e+00
1.734922165096514313e+00
1.656708411583056595e+00
1.641311302689121288e+00
1.630321657304476313e+00
1.639073144322813924e+00
1.611041287593440563e+00
1.602535935724438421e+00
1.624602027971878915e+00
1.587411861044677686e+00
1.580680451336035075e+00
1.613450685219063097e+00
1.573558102139504200e+00
1.663604970707418751e+00
1.592165256936076023e+00
1.597238227788380094e+00
1.638443274198897903e+00
1.604935516845462207e+00
1.627450585704959707e+00
1.628167621206946691e+00
1.576255505981033700e+00
1.635636050310233847e+00
1.600500436317836561e+00
1.568842918951612875e+00
1.612707994966535274e+00
1.589723780137659581e+00
1.631235297356439018e+00
1.584872064937434599e+00
1.639567568136213183e+00
1.588635188825514799e+00
1.644502513004169053e+00
1.600343109299784405e+00
1.580130361574791253e+00
1.621106984221953207e+00
1.605650593185917518e+00
1.614735932327026502e+00
1.624620373155040376e+00
1.635418569357834695e+00
1.650531127453434221e+00
1.660403252006465102e+00
1.675068361868855771e+00
1.691684815161565769e+00
1.710901342585976037e+00
1.733864438455338330e+00
1.763016852403486601e+00
1.806250291751309689e+00
1.848630489986212710e+00
1.812209723014577278e+00
1.792645468395412722e+00
1.787051846162158952e+00
1.789007706268905595e+00
1.608987913387249113e+00
1.554596821086474900e+00
1.529465946408922195e+00
1.581223682453098078e+00
1.540116675805780488e+00
1.608351825473592900e+00
1.551754900510710078e+00
1.520572430308084089e+00
1.577623204625118181e+00
1.536510727212304861e+00
1.837821533787036721e+00
1.801356655545116814e+00
1.774667998842040406e+00
1.753050342550976470e+00
1.734703932744326327e+00
1.718708674287466875e+00
1.704518170945937383e+00
1.691776163796527177e+00
1.680234949723484306e+00
1.669714021411195182e+00
1.660077044870634566e+00
1.651218112847811170e+00
1.643053074599016394e+00
1.635513821276756818e+00
1.628544380624603605e+00
1.622098166175503398e+00
1.616135989332583511e+00
1.610624590851629234e+00
1.605535535233836297e+00
1.600844364511628815e+00
1.596529941208312930e+00
1.595183237382682861e+00
1.588960396046455559e+00
1.585675457976891689e+00
1.582707039459076093e+00
1.580044643884170874e+00
1.606673984214868067e+00
1.575602813763635757e+00
1.573808856449855131e+00
1.572291661060653434e+00
1.571046547064137933e+00
1.570069736715548503e+00
1.569358305618427707e+00
1.568860620487604995e+00
1.567040840252673206e+00
1.565496260897245806e+00
1.564222137743679575e+00
1.563214622910024110e+00
1.562470715146232481e+00
1.561988221613449523e+00
1.561765730457479906e+00
1.561802593372396464e+00
1.586031545145199839e+00
1.562655567503252740e+00
1.563474174656915627e+00
1.564557158582023044e+00
1.565907756885392965e+00
1.567530066795176591e+00
1.569429098985259952e+00
1.571610845428951686e+00
1.568816572770935558e+00
1.557100498470162631e+00
1.559810241844752365e+00
1.536634417317543910e+00
1.527623844508443796e+00
1.544192257771671128e+00
1.539064492625247693e+00
1.588943182324940029e+00
1.543730262360039074e+00
1.576021227602490971e+00
1.527849570107132626e+00
1.492989215048460494e+00
1.475613237361837582e+00
1.471016497210504648e+00
1.466757596093515081e+00
1.462819826829206082e+00
1.459188553113373921e+00
1.455850926634777665e+00
1.457812966756345530e+00
1.439277020066787038e+00
1.466334668297267552e+00
1.473024935998825002e+00
1.418326786589442889e+00
1.412277969734463623e+00
1.426580360106637801e+00
1.401376883450718314e+00
1.441726125003769177e+00
1.404372194908615201e+00
1.457599804777401253e+00
1.450042683702883917e+00
1.391438343019768098e+00
1.433530260879990248e+00
1.396736183052108338e+00
1.447975307302786563e+00
1.411361042975618485e+00
1.450096705655299578e+00
1.424545285604218892e+00
1.388743551140187993e+00
1.437341667249760091e+00
1.447408803690838353e+00
1.432543641993571537e+00
1.404870143489223233e+00
1.380478762003555682e+00
1.426160514814826419e+00
1.389029004844532400e+00
1.458031202373158974e+00
1.395526841824319408e+00
1.384609417886480731e+00
1.414775075163720475e+00
1.458289086201580931e+00
1.437064614541362362e+00
1.356445096606271106e+00
1.359872851092503554e+00
1.397080053055833160e+00
1.364147274868322324e+00
1.406369599540808979e+00
1.376464383159117011e+00
1.449347035731763711e+00
1.398976319236870491e+00
1.433732355539175218e+00
1.374869904293223311e+00
1.381617535778112194e+00
1.422111917331800868e+00
1.385406228403538886e+00
1.389487566273061914e+00
1.393876854046899094e+00
1.415568944644554294e+00
1.416352821580222354e+00
1.409074170051748176e+00
1.414890994664523394e+00
1.348567621472024358e+00
1.372168942953319926e+00
1.412055437561112958e+00
1.423093203831277798e+00
1.429575099955566975e+00
1.436536162703391906e+00
1.444021692857106576e+00
1.452086117660302156e+00
1.460795719164938777e+00
1.470232525330915418e+00
1.480500035186609553e+00
1.491070106513905813e+00
1.502262876989618023e+00
1.514589634202364810e+00
1.528291507775780378e+00
1.543717143820012794e+00
1.561405317738741916e+00
1.582273743314548398e+00
1.608152967323772220e+00
1.644043745569430337e+00
1.251060630225726333e+00
1.239900796277509709e+00
1.198958137386519684e+00
1.173285903873255931e+00
1.155584081236842087e+00
1.221916270259468584e+00
1.188899380949640427e+00
1.165736319941157006e+00
1.147199832189165214e+00
1.131518751912977683e+00
1.213021559078499845e+00
1.228115832305231248e+00
1.192622002096190847e+00
1.168571772480719417e+00
1.242987473867661397e+00
1.247506733490253428e+00
1.202451902496074698e+00
1.175819524922811166e+00
1.155439248600377500e+00
1.247329623331860926e+00
1.202376416832089179e+00
1.175765309422398763e+00
1.155395592553905226e+00
1.235187953521255100e+00
1.196549927119568757e+00
1.232398479680412384e+00
1.195043743208445530e+00
1.170390875647834061e+00
1.151032312132691304e+00
1.134809824342307705e+00
1.120732524487903392e+00
1.222890383754958732e+00
1.189500336692197902e+00
1.166197159842681685e+00
1.827565541152244011e+00
1.775451759759981041e+00
1.743758381467184426e+00
1.719443615814939541e+00
1.699348016280628926e+00
1.618493563040044103e+00
1.827490631198408488e+00
1.775417328009419204e+00
1.743733492634430782e+00
1.719423583819083223e+00
1.831475234926120077e+00
1.777191902966205106e+00
1.789670696896311641e+00
1.753676786431179080e+00
1.727322526571833272e+00
1.705965891707748039e+00
1.687831439247047705e+00
1.577650092480519906e+00
1.542067380344310568e+00
1.516531069367551110e+00
1.817989110136047026e+00
1.770736229931505257e+00
1.831775773826562981e+00
1.777320962888486955e+00
1.745103619418394869e+00
1.720524483083369693e+00
1.700261246915219182e+00
1.623807069476060905e+00
1.565293660420401967e+00
1.800048245991672902e+00
1.760398804624371039e+00
1.788477025356195238e+00
1.752873706682529065e+00
1.726692671477066066e+00
1.705440277515056335e+00
1.687377798977750754e+00
1.576445928315715506e+00
1.541285075406992888e+00
1.515923404254752693e+00
1.518607441325849683e+00
1.532791264627353600e+00
1.548837300079457524e+00
1.567371568670898885e+00
1.589503330171659012e+00
1.617606992308174174e+00
1.659449059257317449e+00
1.406984648830150952e+00
1.409619549098749980e+00
1.412396108963800190e+00
1.406087315314544783e+00
1.436249606279926372e+00
1.403262905796343052e+00
1.378620197299476491e+00
1.358146692012959678e+00
1.794683137345504331e+00
1.756983662436478744e+00
1.729900037341244090e+00
1.708110287376217951e+00
1.689678876794213247e+00
1.582735272509029123e+00
1.545292350541052739e+00
1.519018756457620301e+00
1.498028896227325157e+00
1.480317473616578505e+00
1.587915365922922151e+00
1.523328542886593029e+00
1.491399898391383649e+00
1.546114353208086101e+00
1.505886253726315127e+00
1.478793043544345265e+00
1.457425551074402748e+00
1.586502523729454106e+00
1.522992294388670897e+00
1.491167695413517125e+00
1.467408305402370328e+00
1.562388493876642581e+00
1.523863999884775167e+00
1.497277346760609307e+00
1.547926369541406943e+00
1.536553620167438794e+00
1.569064913790235272e+00
1.635934389149228174e+00
1.440049508583800097e+00
1.424449547361184232e+00
1.410647959551388331e+00
1.398259931826088209e+00
1.387024500998728094e+00
1.395582312256346880e+00
1.394019399357403266e+00
1.358589381875511037e+00
1.528952854662158911e+00
1.600038032346722483e+00
1.525361878550706818e+00
1.492793943983366178e+00
1.468694331976764467e+00
1.449052129671409395e+00
1.837821533787034500e+00
1.801356655545119256e+00
1.774667998842038630e+00
1.753050342550977803e+00
1.734703932744324550e+00
1.718708674287467097e+00
1.704518170945937383e+00
1.691776163796527399e+00
1.680234949723484972e+00
1.669714021411195182e+00
1.660077044870634566e+00
1.651218112847811170e+00
1.643053074599017505e+00
1.635513821276755708e+00
1.628544380624603605e+00
1.622098166175503176e+00
1.616135989332583511e+00
1.610624590851628568e+00
1.605535535233836075e+00
1.600844364511628815e+00
1.596529941208312930e+00
1.592573931772703677e+00
1.588960396046455559e+00
1.585675457976891689e+00
1.582707039459076093e+00
1.580044643884170874e+00
1.577679179329164905e+00
1.575602813763635757e+00
1.648232789852030589e+00
1.685494807490082625e+00
1.624873258139992949e+00
1.590394578538991910e+00
1.569358305618427707e+00
1.568860620487604995e+00
1.659727428258621185e+00
1.641690286655471676e+00
1.600966249140662212e+00
1.573303481922546432e+00
1.562470715146232481e+00
1.636014142695406237e+00
1.691521061701428241e+00
1.693834562773731012e+00
1.621387894715284439e+00
1.646013722679233515e+00
1.603438293305758933e+00
1.649507711244188490e+00
1.605352683287297522e+00
1.576586898956007898e+00
1.642335704863592927e+00
1.601342269388221773e+00
1.744197601979166068e+00
1.688912130385062049e+00
1.657049494218272301e+00
1.632842728672542432e+00
1.647855930139760394e+00
1.604457240858373490e+00
1.580838378319533000e+00
1.567463607149311100e+00
1.555398373407562485e+00
1.548439134386962568e+00
1.534380652215250773e+00
1.721805999483498217e+00
1.678092456351865991e+00
1.744703549115522501e+00
1.688893803124274839e+00
1.656934474662892010e+00
1.731431493091972307e+00
1.682774041140479016e+00
1.652398394926904324e+00
1.628943981893603565e+00
1.609491739987508607e+00
1.592751504332352575e+00
1.578016169654691492e+00
1.757502878155323689e+00
1.691633232537184561e+00
1.658232373984301899e+00
1.633294188522695256e+00
1.747514277873712496e+00
1.766793067432477216e+00
1.695672633056222400e+00
1.715287305882967406e+00
1.740405984647041437e+00
1.684798044431020880e+00
1.752699763302189018e+00
1.781601143352043115e+00
1.761054688982949923e+00
1.750674100415973156e+00
1.694151668052667814e+00
1.662031530451366423e+00
1.705896247001836175e+00
1.666293437094980012e+00
1.638773222368862470e+00
1.616875178850380346e+00
1.702295071111048497e+00
1.663751049176939167e+00
1.636635359647611754e+00
1.614969179440709279e+00
1.596697404109276297e+00
1.580816334587647143e+00
1.566745417924075179e+00
1.735596560296482460e+00
1.680147046838628810e+00
1.648308060618090209e+00
1.624133351447547557e+00
1.604233703625718155e+00
1.587180803034030641e+00
1.572210420643807893e+00
1.558856224752772413e+00
1.725069699779416155e+00
1.674575421729336711e+00
1.643797361650316091e+00
1.620157304884967120e+00
1.600597265610951947e+00
1.583786134538334833e+00
1.569000049381601647e+00
1.555792896309605267e+00
1.696005048819817951e+00
1.657818618586111015e+00
1.698074284800333178e+00
1.624039425037026030e+00
1.639057564379207133e+00
1.599026321272294160e+00
1.627289940642834498e+00
1.592016720040349220e+00
1.718517026504151390e+00
1.688472944220556160e+00
1.686124332041170959e+00
1.704545009185424176e+00
1.700007177146106052e+00
1.686004755213338369e+00
1.691300723819601171e+00
1.722141573015031124e+00
1.709185629654240479e+00
1.696378702038402242e+00
1.655807888206181522e+00
1.718498019103245511e+00
1.683115790286364710e+00
1.656751553477604721e+00
1.730778366645862043e+00
1.674771727959517120e+00
1.642865409195271686e+00
1.664577366009590387e+00
1.692348004645489068e+00
1.682171418635240556e+00
1.647266333896107771e+00
1.753797243500446301e+00
1.682324277341597396e+00
1.705924780086734760e+00
1.726743476315154568e+00
1.741775239556598631e+00
1.740395531062829626e+00
1.690372039826651518e+00
1.652432229348412385e+00
1.739947858523873903e+00
1.682758256906091265e+00
1.676165269417652981e+00
1.672452536468766793e+00
1.841394143514440751e+00
1.760798309962849917e+00
1.793093380366826084e+00
1.775764808617038781e+00
1.758230087585047396e+00
1.745664090746475106e+00
1.738469140223924292e+00
1.697266206380518394e+00
1.710877148248158175e+00
1.744777650880765973e+00
1.735999583938957924e+00
1.759744962386683653e+00
1.716411536011409167e+00
1.774869353650466497e+00
1.678364745264907310e+00
1.754118303190750572e+00
1.754491828633266026e+00
1.677199576814236481e+00
1.662507949938255125e+00
1.749245544538626573e+00
1.724030558622066778e+00
1.731951839332863896e+00
1.714580925429517011e+00
1.767705160295302447e+00
1.723687532557915958e+00
1.738073164030653706e+00
1.795310731631692081e+00
1.772905633791028945e+00
1.771272056536262296e+00
1.797694917246561497e+00
1.669109284871592713e+00
1.713456953228384094e+00
1.740765616283604489e+00
1.649515289949311514e+00
1.752614209101015508e+00
1.697823656794299030e+00
1.740272307724452183e+00
1.676752656712236611e+00
1.710441939229014219e+00
1.709571169795868428e+00
1.767017044988374197e+00
1.697385260748325297e+00
1.676113222503624822e+00
1.721349201559459141e+00
1.765714999229740068e+00
1.734935366082303254e+00
1.691307377581111604e+00
1.724475316899936939e+00
1.764953643716964615e+00
1.699973347568284110e+00
1.674109482586736197e+00
1.706364838285489904e+00
1.763218517058669388e+00
1.648788660071771384e+00
1.673205762832197907e+00
1.705423941798238419e+00
1.762100246395163161e+00
1.656065171780588097e+00
1.682662017498927520e+00
1.719729393675459406e+00
1.633433248098720370e+00
1.654774061634392224e+00
1.681274869041848197e+00
1.718117553613794479e+00
1.632472276141298639e+00
1.653777769957927912e+00
1.680220504308227891e+00
1.716929736539898776e+00
1.638718497380225569e+00
1.661530462644030592e+00
1.690644108632505915e+00
1.734680989783464300e+00
1.637363111641804370e+00
1.660080602476375233e+00
1.689023334603328097e+00
1.732536818088008967e+00
1.636316948405757365e+00
1.658973461209734213e+00
1.687806906320199696e+00
1.730993400701072327e+00
1.637164388680045990e+00
1.660222015915787219e+00
1.689802858536333163e+00
1.735408735576889905e+00
1.645412872620686917e+00
1.670702337292898854e+00
1.704801257980072204e+00
1.777742274835097946e+00
1.671520981459625688e+00
1.706368829344259819e+00
1.647404560842122612e+00
1.673704454810093667e+00
1.710116633823405508e+00
1.691670700069318078e+00
1.710885920571091789e+00
1.734921248191153120e+00
1.762995906679357239e+00
1.806218907658057260e+00
1.847120425378731889e+00
1.809584951024364008e+00
1.785596828440429995e+00
1.761836469450648979e+00
1.781832793549054328e+00
1.753779058334766106e+00
1.777847136636661052e+00
1.747376664923090184e+00
1.773504339725375356e+00
1.740431727695242348e+00
1.759242520107882957e+00
1.732858804814630060e+00
1.752452096476554200e+00
1.718865577364734332e+00
1.740501436399906732e+00
1.837821533787034500e+00
1.801356655545114593e+00
1.774667998842038630e+00
1.753050342550974694e+00
1.738298925615910484e+00
1.719192318818028031e+00
1.704518170945936051e+00
1.691776163796527399e+00
1.693501982719010313e+00
1.669714021411194294e+00
1.689168820816752792e+00
1.651218112847809172e+00
1.695150985350379447e+00
1.637707885384455109e+00
1.684620116802678202e+00
1.633204226234326484e+00
1.678528146102389096e+00
1.626368390995146740e+00
1.668787827968798876e+00
1.621797523413073927e+00
1.662874897086552561e+00
1.622502848485623428e+00
1.666235953044961970e+00
1.615461263247367496e+00
1.656295876538874223e+00
1.610711833281592842e+00
1.650142468585579891e+00
1.611093972295143395e+00
1.652646943092661358e+00
1.603914277175329639e+00
1.642720078910453907e+00
1.599031684241889906e+00
1.636450634387845104e+00
1.609095441480844713e+00
1.627189000475138370e+00
1.587103657636873111e+00
1.621177419378462714e+00
1.599596240362050947e+00
1.622644534816931827e+00
1.640168954797368350e+00
1.623454925760761780e+00
1.600096410821063575e+00
1.649610529809160342e+00
1.640951813601433829e+00
1.654786814388438110e+00
1.564557158582021934e+00
1.589282033680690320e+00
1.567530066795175925e+00
1.569429098985259508e+00
1.571610845428951242e+00
1.568816572770936002e+00
1.622207536345607215e+00
1.546422229775165968e+00
1.586810693569739916e+00
1.534848701677989258e+00
1.571156456318374417e+00
1.511595162316339502e+00
1.504446744922923074e+00
1.497807482565469250e+00
1.491636614535080341e+00
1.518296555077025101e+00
1.545056971139522339e+00
1.583832082826324150e+00
1.542624861357558608e+00
1.578769711637040496e+00
1.533799409046860962e+00
1.564808495800456889e+00
1.619782112309833266e+00
1.447348353052100078e+00
1.439277020066786594e+00
1.431784498734613775e+00
1.424816222870759930e+00
1.418326786589441113e+00
1.412277969734463845e+00
1.406637284355173767e+00
1.401376883450718314e+00
1.396472727481552711e+00
1.391903938069934954e+00
1.408559944743065895e+00
1.450042683702682966e+00
1.380038441075082778e+00
1.376649800546096314e+00
1.373524944439377560e+00
1.370654200510670107e+00
1.368029019646683109e+00
1.365641853882487933e+00
1.363486054539727377e+00
1.361555786969679493e+00
1.359845959138116012e+00
1.358352161868846109e+00
1.357070619014821178e+00
1.355998146182216368e+00
1.355132116917810325e+00
1.354470435501036407e+00
1.354011515672537191e+00
1.353754264791338091e+00
1.353698073050655148e+00
1.353842807504719081e+00
1.354188810770868834e+00
1.354736904377555895e+00
1.355488396834100939e+00
1.356445096606270440e+00
1.357609330297641526e+00
1.358983966465212356e+00
1.360572445644568473e+00
1.362378817332441816e+00
1.364407784881362717e+00
1.366664759514057303e+00
1.369155924979186478e+00
1.371888314765255412e+00
1.374869904293222866e+00
1.378109721158079504e+00
1.399167311989428564e+00
1.434033551733125966e+00
1.389487566273061692e+00
1.393876854046899094e+00
1.398591014273845579e+00
1.403649385828074303e+00
1.409074170051747954e+00
1.424240813122960692e+00
1.495503985048160622e+00
1.354123890024765187e+00
1.373734343260578639e+00
1.398047997030867684e+00
1.431853761663282931e+00
1.394511435990410497e+00
1.426364492845412224e+00
1.392530414694792995e+00
1.423306912958122838e+00
1.484690323619746843e+00
1.369767866097625575e+00
1.392675765999085602e+00
1.423270180637596694e+00
1.482901097557626224e+00
1.366379188258450617e+00
1.798814768032555689e+00
1.759909901234767426e+00
1.732334266310646909e+00
1.746732849363331175e+00
1.791479683107131571e+00
1.755070073665350172e+00
1.728532443611755287e+00
1.818988921620324994e+00
1.771447958548558077e+00
