-1.399999999934516959e-01
-1.399999999703167131e+00
-4.944845823715584565e+00
-9.015914267455533704e+00
-3.141474290746748110e+00
9.935242666334490047e-02
9.945994271813529686e-02
9.957195010315850192e-02
9.968847835462280038e-02
9.980955832915010262e-02
9.993522222771950014e-02
1.000655036208270010e-01
1.002004374749091986e-01
1.003400601800698011e-01
1.004844095791617986e-01
1.006335249982722030e-01
1.007874472786642051e-01
1.009462188102338009e-01
1.011098835665392021e-01
1.012784871414681986e-01
1.014520767876098961e-01
1.016307014564020034e-01
1.018144118401295983e-01
1.020032604158544048e-01
1.021973014913598043e-01
1.023965912532028982e-01
1.026011878169643954e-01
1.028111512798020044e-01
1.030265437754115943e-01
1.032474295315093937e-01
1.034738749299577987e-01
1.037059485696588956e-01
1.039437213323557985e-01
4.435027374074300421e-03
4.436288226325500045e-03
4.437698364994800346e-03
4.439258024819200260e-03
4.440967465628400078e-03
4.442826972450700240e-03
4.444836855627100174e-03
4.446997450937500290e-03
4.449309119736499611e-03
4.451772249099999849e-03
4.454387251982700087e-03
4.457154567386299900e-03
4.460074660537999801e-03
4.463148023081500368e-03
4.466375173278000314e-03
4.469756656218799862e-03
4.473293044050100087e-03
4.476984936208500306e-03
4.480832959669300321e-03
4.484837769206599656e-03
4.489000047665299593e-03
4.493320506245799921e-03
4.497799884802099885e-03
4.502438952151599852e-03
4.507238506399199700e-03
4.512199375274399821e-03
4.517322416481500159e-03
4.522608518065399617e-03
4.528058598789900212e-03
4.533673608531600327e-03
4.539454528688800262e-03
4.545402372604899661e-03
4.551518186007900112e-03
4.557803047465600055e-03
4.564258068857900141e-03
4.570884395864000319e-03
4.577683208468999801e-03
4.584655721486000264e-03
4.591803185097599778e-03
4.599126885414400040e-03
4.606628145054399680e-03
4.614308323739799850e-03
4.622168818914499863e-03
4.630211066382700080e-03
4.638436540967100230e-03
4.646846757189499952e-03
4.655443269973799821e-03
4.664227675371400254e-03
4.673201611309499640e-03
0.000000000000000000e+00
4.691724840560400345e-03
4.701277626190199753e-03
4.711026928667199666e-03
4.720974607401100080e-03
4.731122568702299594e-03
4.741472766715100311e-03
4.752027204380800292e-03
4.762787934430899942e-03
4.773757060411600202e-03
4.784936737741700245e-03
4.796329174802599696e-03
4.807936634064299830e-03
4.819761433246000371e-03
4.831805946513699664e-03
4.844072605716500009e-03
4.856563901661299816e-03
4.869282385428700191e-03
4.882230669730199674e-03
4.895411430309799632e-03
4.908827407389000294e-03
4.922481407159199837e-03
4.936376303321700354e-03
4.950515038677200282e-03
4.964900626766399587e-03
4.979536153564299850e-03
4.994424779228500214e-03
5.009569739905499891e-03
5.024974349595000278e-03
5.040642002075899908e-03
5.056576172894700419e-03
5.072780421420499883e-03
5.089258392967099982e-03
5.106013820985900314e-03
5.123050529331699653e-03
5.140372434604000181e-03
5.157983548567599864e-03
5.175887980653800027e-03
5.194089940546799990e-03
5.212593740857899942e-03
5.231403799890699605e-03
5.250524644500800288e-03
5.269960913054799918e-03
5.289717358490000042e-03
5.309798851482500082e-03
5.330210383723100326e-03
5.350957071310000375e-03
5.372044158260399875e-03
5.393477020145700032e-03
5.415261167856600354e-03
5.437402251501999816e-03
5.459906064448700330e-03
5.482778547506000390e-03
5.506025793261999819e-03
5.529654050578899742e-03
5.553669729251800233e-03
5.578079404839599888e-03
5.602889823675100134e-03
5.628107908060699799e-03
5.653740761659100354e-03
5.679795675087299933e-03
5.706280131720900019e-03
5.733201813720699598e-03
5.760568608288899918e-03
5.788388614166700349e-03
5.816670148382800318e-03
5.845421753265399659e-03
5.874652203727200213e-03
5.904370514839400209e-03
5.934585949704299611e-03
5.965308027641500095e-03
5.996546532703600149e-03
6.028311522534400037e-03
6.060613337586499838e-03
6.093462610716000351e-03
6.126870277170799739e-03
6.160847584992099578e-03
6.195406105848600374e-03
6.230557746324100026e-03
6.266314759681399643e-03
6.302689758123299589e-03
6.339695725579500354e-03
6.377346031039799953e-03
6.415654442466499872e-03
6.454635141310000393e-03
6.494302737661700360e-03
6.534672286075100291e-03
6.575759302088200406e-03
6.617579779485600368e-03
6.660150208337299767e-03
6.703487593853500390e-03
6.747609476101400390e-03
6.792533950626200058e-03
6.838279690027000007e-03
6.884865966536799810e-03
6.932312675662200170e-03
6.980640360939699765e-03
7.029870239869899680e-03
7.080024231093999705e-03
7.131124982882399571e-03
7.183195903007599976e-03
7.236261190080599606e-03
7.290345866432000090e-03
7.345475812627899614e-03
7.401677803712299573e-03
7.458979547278500426e-03
7.517409723473499929e-03
7.576998027050600194e-03
4.432338989674099693e-03
4.470134550008299928e-03
4.508743804741000352e-03
4.548191181960900380e-03
4.588502122599500375e-03
4.629703133700100240e-03
4.671821845117899753e-03
4.714887069913600154e-03
4.758928868727799709e-03
4.803978618446599902e-03
4.850069085501299872e-03
4.897234504172400318e-03
4.945510660306400019e-03
4.994934980890500253e-03
5.045546629974200122e-03
5.097386611473700424e-03
5.150497879448399929e-03
5.204925456498099741e-03
5.260716560993699761e-03
5.317920743929599632e-03
5.376590036266100034e-03
5.436779107723999950e-03
5.498545438094799669e-03
5.561949502247000125e-03
5.627054970138699666e-03
5.693928923295100107e-03
5.762642089371899749e-03
5.833269096619199921e-03
5.905888750267499800e-03
5.980584333102999771e-03
6.057443932773700322e-03
6.136560798681600128e-03
6.218033731673800087e-03
6.301967510159400300e-03
6.388473356747400266e-03
6.477669450045999734e-03
6.569681486888499962e-03
6.664643300978099691e-03
6.762697544779800070e-03
6.863996442468700381e-03
6.968702622881800188e-03
7.076990042752099620e-03
7.189045012070199685e-03
7.305067335257599617e-03
7.425271584012900321e-03
7.549888520266299918e-03
7.679166690751099839e-03
7.813374218356599829e-03
7.952800819828900400e-03
8.097760084669100578e-03
8.248592056485799448e-03
8.405666165836699413e-03
8.569384573096500146e-03
8.740185991558700740e-03
8.918550075384499773e-03
9.105002474900900783e-03
9.300120684105199834e-03
9.504540833342600345e-03
9.718965615728700214e-03
9.944173581310899318e-03
1.018103009137130005e-02
1.043050030102050073e-02
1.069366463735720030e-02
1.097173737143880036e-02
1.126608905720329935e-02
1.157827384666009971e-02
1.191006301356330004e-02
1.226348646514630047e-02
1.264088465042870028e-02
1.304497417203340053e-02
1.347893171465230043e-02
1.394650283976919987e-02
1.396282098678909914e-02
1.377721544013990086e-02
1.359669139349710051e-02
1.342105762584800029e-02
1.325013201306990060e-02
1.308374101948779969e-02
1.292171922123249925e-02
1.276390885927169982e-02
1.261015942013339955e-02
1.246032724246970078e-02
1.231427514774150085e-02
1.217187209341990053e-02
1.203299284721149991e-02
1.189751768091830073e-02
1.176533208263839947e-02
1.163632648610339951e-02
1.151039601603390077e-02
1.138744024846759934e-02
1.126736298509250014e-02
1.115007204067950015e-02
1.103547904277409931e-02
1.092349924286399945e-02
1.081405133829380083e-02
1.070705730424540043e-02
1.060244223515310023e-02
1.050013419496209979e-02
1.040006407568089958e-02
1.030216546371360078e-02
1.020637451349580040e-02
1.011262982798480023e-02
1.002087234559040016e-02
9.931045233154500371e-03
9.843093784618700548e-03
9.756965325038400097e-03
9.672609119627299801e-03
9.589976287536099153e-03
9.509019720086000008e-03
9.429694003200199404e-03
9.351955343788499742e-03
9.275761499858200393e-03
9.201071714138699467e-03
9.127846651020000285e-03
9.056048336617500069e-03
8.985640101788700332e-03
8.916586527936800829e-03
8.848853395446500472e-03
8.782407634608399571e-03
8.717217278893700863e-03
8.653251420454500034e-03
8.590480167726200281e-03
8.528874605022000038e-03
8.468406754011699802e-03
8.409049536985300013e-03
8.350776741807799941e-03
8.293562988476299927e-03
8.237383697195800256e-03
8.182215057896199614e-03
8.128034001116099527e-03
8.074818170182199162e-03
8.022545894621500862e-03
7.971196164741399179e-03
7.920748607320700699e-03
7.871183462355900440e-03
7.822481560810600268e-03
7.774624303317699894e-03
7.727593639790499708e-03
7.681372049894700030e-03
7.635942524343499772e-03
7.591288546973599949e-03
7.547394077566199795e-03
7.504243535377700357e-03
7.461821783345299643e-03
7.420114112938100068e-03
0.000000000000000000e+00
0.000000000000000000e+00
0.000000000000000000e+00
0.000000000000000000e+00
0.000000000000000000e+00
0.000000000000000000e+00
0.000000000000000000e+00
0.000000000000000000e+00
0.000000000000000000e+00
0.000000000000000000e+00
0.000000000000000000e+00
0.000000000000000000e+00
0.000000000000000000e+00
0.000000000000000000e+00
0.000000000000000000e+00
0.000000000000000000e+00
0.000000000000000000e+00
0.000000000000000000e+00
0.000000000000000000e+00
0.000000000000000000e+00
0.000000000000000000e+00
0.000000000000000000e+00
0.000000000000000000e+00
0.000000000000000000e+00
0.000000000000000000e+00
0.000000000000000000e+00
0.000000000000000000e+00
0.000000000000000000e+00
0.000000000000000000e+00
0.000000000000000000e+00
0.000000000000000000e+00
0.000000000000000000e+00
0.000000000000000000e+00
0.000000000000000000e+00
0.000000000000000000e+00
0.000000000000000000e+00
0.000000000000000000e+00
0.000000000000000000e+00
0.000000000000000000e+00
0.000000000000000000e+00
0.000000000000000000e+00
0.000000000000000000e+00
0.000000000000000000e+00
0.000000000000000000e+00
0.000000000000000000e+00
0.000000000000000000e+00
0.000000000000000000e+00
0.000000000000000000e+00
0.000000000000000000e+00
0.000000000000000000e+00
0.000000000000000000e+00
0.000000000000000000e+00
0.000000000000000000e+00
0.000000000000000000e+00
0.000000000000000000e+00
0.000000000000000000e+00
0.000000000000000000e+00
0.000000000000000000e+00
0.000000000000000000e+00
0.000000000000000000e+00
0.000000000000000000e+00
0.000000000000000000e+00
0.000000000000000000e+00
0.000000000000000000e+00
0.000000000000000000e+00
0.000000000000000000e+00
0.000000000000000000e+00
0.000000000000000000e+00
0.000000000000000000e+00
0.000000000000000000e+00
0.000000000000000000e+00
0.000000000000000000e+00
0.000000000000000000e+00
0.000000000000000000e+00
0.000000000000000000e+00
0.000000000000000000e+00
0.000000000000000000e+00
0.000000000000000000e+00
0.000000000000000000e+00
0.000000000000000000e+00
0.000000000000000000e+00
0.000000000000000000e+00
0.000000000000000000e+00
0.000000000000000000e+00
0.000000000000000000e+00
0.000000000000000000e+00
0.000000000000000000e+00
0.000000000000000000e+00
0.000000000000000000e+00
0.000000000000000000e+00
0.000000000000000000e+00
0.000000000000000000e+00
0.000000000000000000e+00
0.000000000000000000e+00
0.000000000000000000e+00
0.000000000000000000e+00
0.000000000000000000e+00
0.000000000000000000e+00
0.000000000000000000e+00
0.000000000000000000e+00
0.000000000000000000e+00
0.000000000000000000e+00
0.000000000000000000e+00
0.000000000000000000e+00
0.000000000000000000e+00
0.000000000000000000e+00
0.000000000000000000e+00
0.000000000000000000e+00
0.000000000000000000e+00
0.000000000000000000e+00
0.000000000000000000e+00
0.000000000000000000e+00
0.000000000000000000e+00
0.000000000000000000e+00
0.000000000000000000e+00
0.000000000000000000e+00
0.000000000000000000e+00
0.000000000000000000e+00
0.000000000000000000e+00
0.000000000000000000e+00
0.000000000000000000e+00
0.000000000000000000e+00
0.000000000000000000e+00
0.000000000000000000e+00
0.000000000000000000e+00
0.000000000000000000e+00
0.000000000000000000e+00
0.000000000000000000e+00
0.000000000000000000e+00
0.000000000000000000e+00
0.000000000000000000e+00
0.000000000000000000e+00
0.000000000000000000e+00
0.000000000000000000e+00
0.000000000000000000e+00
0.000000000000000000e+00
0.000000000000000000e+00
0.000000000000000000e+00
0.000000000000000000e+00
0.000000000000000000e+00
0.000000000000000000e+00
0.000000000000000000e+00
0.000000000000000000e+00
0.000000000000000000e+00
0.000000000000000000e+00
0.000000000000000000e+00
0.000000000000000000e+00
0.000000000000000000e+00
0.000000000000000000e+00
0.000000000000000000e+00
0.000000000000000000e+00
0.000000000000000000e+00
0.000000000000000000e+00
0.000000000000000000e+00
0.000000000000000000e+00
0.000000000000000000e+00
0.000000000000000000e+00
0.000000000000000000e+00
0.000000000000000000e+00
0.000000000000000000e+00
0.000000000000000000e+00
0.000000000000000000e+00
0.000000000000000000e+00
0.000000000000000000e+00
0.000000000000000000e+00
0.000000000000000000e+00
0.000000000000000000e+00
0.000000000000000000e+00
0.000000000000000000e+00
0.000000000000000000e+00
0.000000000000000000e+00
0.000000000000000000e+00
0.000000000000000000e+00
0.000000000000000000e+00
0.000000000000000000e+00
0.000000000000000000e+00
0.000000000000000000e+00
0.000000000000000000e+00
0.000000000000000000e+00
0.000000000000000000e+00
0.000000000000000000e+00
0.000000000000000000e+00
0.000000000000000000e+00
0.000000000000000000e+00
0.000000000000000000e+00
0.000000000000000000e+00
0.000000000000000000e+00
0.000000000000000000e+00
0.000000000000000000e+00
0.000000000000000000e+00
0.000000000000000000e+00
0.000000000000000000e+00
0.000000000000000000e+00
0.000000000000000000e+00
0.000000000000000000e+00
0.000000000000000000e+00
0.000000000000000000e+00
0.000000000000000000e+00
0.000000000000000000e+00
0.000000000000000000e+00
0.000000000000000000e+00
0.000000000000000000e+00
0.000000000000000000e+00
0.000000000000000000e+00
0.000000000000000000e+00
0.000000000000000000e+00
0.000000000000000000e+00
0.000000000000000000e+00
0.000000000000000000e+00
0.000000000000000000e+00
0.000000000000000000e+00
0.000000000000000000e+00
0.000000000000000000e+00
0.000000000000000000e+00
0.000000000000000000e+00
0.000000000000000000e+00
0.000000000000000000e+00
0.000000000000000000e+00
0.000000000000000000e+00
0.000000000000000000e+00
0.000000000000000000e+00
0.000000000000000000e+00
0.000000000000000000e+00
0.000000000000000000e+00
0.000000000000000000e+00
0.000000000000000000e+00
0.000000000000000000e+00
0.000000000000000000e+00
0.000000000000000000e+00
0.000000000000000000e+00
0.000000000000000000e+00
6.318473909899299801e-03
6.341926696321599673e-03
6.365764749755900044e-03
6.389993924892999923e-03
6.414620221353700344e-03
6.439649787734399826e-03
6.465088925792899718e-03
6.490944094781499717e-03
6.517221915933599924e-03
6.543929177109200114e-03
6.571072837606200395e-03
6.598660033143800320e-03
6.626698081025999588e-03
6.655194485491100140e-03
6.684156943257100157e-03
6.713593349268700237e-03
6.743511802656400322e-03
6.773920612915199611e-03
6.804828306313399737e-03
6.836243632540900395e-03
6.868175571606199674e-03
6.900633340995300340e-03
6.933626403101299761e-03
6.967164472937799682e-03
7.001257526149400404e-03
7.035915807330300059e-03
7.071149838666799733e-03
7.106970428916800295e-03
7.143388682742699697e-03
7.180416010412100231e-03
7.218064137885000023e-03
7.256345117303699722e-03
7.295271337904900115e-03
7.334855537373200125e-03
7.375110813656200401e-03
7.416050637264500270e-03
7.457688864077200060e-03
7.500039748679600098e-03
7.543117958255900202e-03
7.586938587065899901e-03
7.631517171532599744e-03
7.676869705971399623e-03
7.723012658991799950e-03
7.769962990605099734e-03
7.817738170073100859e-03
7.866356194535300758e-03
7.915835608453200556e-03
7.966195523913300464e-03
8.017455641833499264e-03
8.069636274117299862e-03
8.122758366807000460e-03
8.176843524286700471e-03
8.231914034589799672e-03
8.287992895870099561e-03
8.345103844097499779e-03
8.403271382043999219e-03
8.462520809629699506e-03
8.522878255700999661e-03
8.584370711320800026e-03
8.647026064652700225e-03
8.710873137526600404e-03
8.775941723780100734e-03
8.842262629474200233e-03
8.909867715090100115e-03
8.978789939817100052e-03
9.049063408052799434e-03
9.120723418242999980e-03
9.193806514193599705e-03
9.268350539002099750e-03
9.306103902907699593e-03
9.221425663559100136e-03
9.138626066491899180e-03
9.057646982823599341e-03
8.774053758482299945e-03
8.740975704358000531e-03
8.708428946175199650e-03
8.676405617285399760e-03
8.644898038528499654e-03
8.607040654404700397e-03
8.537367756652699397e-03
8.469128529282799259e-03
8.402282835366399819e-03
8.336792073866299349e-03
8.272619106345200160e-03
8.209728187888599982e-03
8.148084901960100240e-03
8.087656098926199189e-03
8.028409838010499774e-03
7.970315332452600557e-03
7.913342897666299225e-03
7.857463902204299411e-03
7.802650721352799926e-03
7.748876693190899674e-03
7.696116076962400236e-03
7.644344013617600068e-03
7.593536488392700103e-03
7.543670295304800294e-03
7.494723003447999708e-03
7.446672924982499983e-03
7.399499084720400320e-03
7.353181191211500059e-03
7.307699609246799677e-03
7.263035333695299842e-03
7.219169964600900130e-03
7.176085683467100206e-03
7.133765230665199859e-03
7.092191883901899883e-03
7.051349437690200214e-03
7.011222183768000063e-03
6.971794892414300351e-03
6.933052794613900165e-03
6.894981565026899947e-03
6.857567305720600054e-03
6.820796530622500430e-03
6.784656150659900374e-03
6.749133459548800097e-03
6.714216120198499872e-03
6.679892151704500299e-03
6.646149916894999662e-03
6.612978110408200202e-03
6.580365747270900019e-03
6.548302151956299742e-03
6.516776947895299744e-03
6.485780047421800011e-03
6.455301642129599587e-03
6.425332193621900376e-03
6.395862424634599606e-03
6.366883310516800037e-03
6.338386071050100372e-03
6.310362162593500211e-03
6.282803270536099598e-03
6.255701302046499587e-03
6.229048379103099657e-03
6.202836831793800271e-03
6.177059191873699590e-03
6.151708186567499820e-03
6.126776732607399668e-03
6.102257930496700344e-03
6.078145058986400041e-03
6.054431569759499872e-03
6.031111082311100234e-03
6.008177379017499639e-03
5.985624400385500081e-03
5.963446240475399861e-03
5.941637142488899632e-03
5.920191494516799900e-03
5.899103825438700190e-03
5.878368800968700354e-03
5.857981219841700352e-03
5.837936010133899963e-03
5.818228225713000315e-03
5.798853042812300226e-03
5.779805756723200433e-03
5.761081778603399997e-03
5.742676632394100138e-03
5.724585951843499769e-03
5.706805477631800121e-03
5.689331054593900310e-03
5.672158629036000432e-03
5.655284246143300192e-03
5.638704047474399871e-03
5.622414268538900375e-03
5.606411236457499794e-03
5.590691367697999715e-03
5.575251165887600349e-03
5.560087219696600337e-03
5.545196200792299954e-03
5.530574861859600087e-03
5.516220034686700191e-03
5.502128628313200306e-03
5.488297627238200235e-03
5.474724089686899657e-03
5.461405145933500432e-03
5.448337996677599972e-03
5.435519911474300317e-03
5.422948227213599849e-03
5.410620346649499569e-03
5.398533736976500290e-03
5.386685928451200034e-03
5.375074513059000317e-03
0.000000000000000000e+00
0.000000000000000000e+00
0.000000000000000000e+00
0.000000000000000000e+00
0.000000000000000000e+00
0.000000000000000000e+00
0.000000000000000000e+00
0.000000000000000000e+00
0.000000000000000000e+00
0.000000000000000000e+00
0.000000000000000000e+00
0.000000000000000000e+00
0.000000000000000000e+00
0.000000000000000000e+00
0.000000000000000000e+00
0.000000000000000000e+00
0.000000000000000000e+00
0.000000000000000000e+00
0.000000000000000000e+00
0.000000000000000000e+00
0.000000000000000000e+00
0.000000000000000000e+00
0.000000000000000000e+00
0.000000000000000000e+00
0.000000000000000000e+00
0.000000000000000000e+00
0.000000000000000000e+00
0.000000000000000000e+00
0.000000000000000000e+00
0.000000000000000000e+00
0.000000000000000000e+00
0.000000000000000000e+00
0.000000000000000000e+00
0.000000000000000000e+00
0.000000000000000000e+00
0.000000000000000000e+00
0.000000000000000000e+00
0.000000000000000000e+00
0.000000000000000000e+00
0.000000000000000000e+00
0.000000000000000000e+00
0.000000000000000000e+00
0.000000000000000000e+00
0.000000000000000000e+00
0.000000000000000000e+00
0.000000000000000000e+00
0.000000000000000000e+00
0.000000000000000000e+00
0.000000000000000000e+00
0.000000000000000000e+00
0.000000000000000000e+00
0.000000000000000000e+00
0.000000000000000000e+00
0.000000000000000000e+00
0.000000000000000000e+00
0.000000000000000000e+00
0.000000000000000000e+00
0.000000000000000000e+00
0.000000000000000000e+00
0.000000000000000000e+00
0.000000000000000000e+00
0.000000000000000000e+00
0.000000000000000000e+00
0.000000000000000000e+00
0.000000000000000000e+00
0.000000000000000000e+00
0.000000000000000000e+00
0.000000000000000000e+00
0.000000000000000000e+00
0.000000000000000000e+00
0.000000000000000000e+00
0.000000000000000000e+00
0.000000000000000000e+00
0.000000000000000000e+00
0.000000000000000000e+00
0.000000000000000000e+00
0.000000000000000000e+00
0.000000000000000000e+00
0.000000000000000000e+00
0.000000000000000000e+00
0.000000000000000000e+00
0.000000000000000000e+00
0.000000000000000000e+00
0.000000000000000000e+00
0.000000000000000000e+00
0.000000000000000000e+00
0.000000000000000000e+00
0.000000000000000000e+00
0.000000000000000000e+00
0.000000000000000000e+00
0.000000000000000000e+00
0.000000000000000000e+00
0.000000000000000000e+00
0.000000000000000000e+00
0.000000000000000000e+00
0.000000000000000000e+00
0.000000000000000000e+00
0.000000000000000000e+00
0.000000000000000000e+00
0.000000000000000000e+00
0.000000000000000000e+00
0.000000000000000000e+00
0.000000000000000000e+00
0.000000000000000000e+00
0.000000000000000000e+00
0.000000000000000000e+00
0.000000000000000000e+00
0.000000000000000000e+00
0.000000000000000000e+00
0.000000000000000000e+00
0.000000000000000000e+00
0.000000000000000000e+00
0.000000000000000000e+00
0.000000000000000000e+00
0.000000000000000000e+00
0.000000000000000000e+00
0.000000000000000000e+00
0.000000000000000000e+00
0.000000000000000000e+00
0.000000000000000000e+00
0.000000000000000000e+00
0.000000000000000000e+00
0.000000000000000000e+00
0.000000000000000000e+00
0.000000000000000000e+00
0.000000000000000000e+00
0.000000000000000000e+00
0.000000000000000000e+00
0.000000000000000000e+00
0.000000000000000000e+00
0.000000000000000000e+00
0.000000000000000000e+00
0.000000000000000000e+00
0.000000000000000000e+00
0.000000000000000000e+00
0.000000000000000000e+00
0.000000000000000000e+00
0.000000000000000000e+00
0.000000000000000000e+00
0.000000000000000000e+00
0.000000000000000000e+00
0.000000000000000000e+00
0.000000000000000000e+00
0.000000000000000000e+00
0.000000000000000000e+00
0.000000000000000000e+00
0.000000000000000000e+00
0.000000000000000000e+00
0.000000000000000000e+00
0.000000000000000000e+00
0.000000000000000000e+00
0.000000000000000000e+00
0.000000000000000000e+00
0.000000000000000000e+00
0.000000000000000000e+00
0.000000000000000000e+00
0.000000000000000000e+00
0.000000000000000000e+00
0.000000000000000000e+00
0.000000000000000000e+00
0.000000000000000000e+00
0.000000000000000000e+00
0.000000000000000000e+00
0.000000000000000000e+00
0.000000000000000000e+00
0.000000000000000000e+00
0.000000000000000000e+00
0.000000000000000000e+00
0.000000000000000000e+00
0.000000000000000000e+00
0.000000000000000000e+00
0.000000000000000000e+00
0.000000000000000000e+00
0.000000000000000000e+00
0.000000000000000000e+00
0.000000000000000000e+00
0.000000000000000000e+00
0.000000000000000000e+00
0.000000000000000000e+00
0.000000000000000000e+00
0.000000000000000000e+00
0.000000000000000000e+00
0.000000000000000000e+00
0.000000000000000000e+00
0.000000000000000000e+00
0.000000000000000000e+00
0.000000000000000000e+00
0.000000000000000000e+00
0.000000000000000000e+00
0.000000000000000000e+00
0.000000000000000000e+00
0.000000000000000000e+00
0.000000000000000000e+00
0.000000000000000000e+00
0.000000000000000000e+00
0.000000000000000000e+00
0.000000000000000000e+00
0.000000000000000000e+00
0.000000000000000000e+00
0.000000000000000000e+00
0.000000000000000000e+00
0.000000000000000000e+00
0.000000000000000000e+00
0.000000000000000000e+00
0.000000000000000000e+00
0.000000000000000000e+00
0.000000000000000000e+00
0.000000000000000000e+00
0.000000000000000000e+00
0.000000000000000000e+00
0.000000000000000000e+00
0.000000000000000000e+00
0.000000000000000000e+00
0.000000000000000000e+00
0.000000000000000000e+00
0.000000000000000000e+00
0.000000000000000000e+00
0.000000000000000000e+00
8.502030476645799917e-03
8.570959553983499221e-03
8.641342333472700615e-03
8.674941239887299510e-03
8.645706856916200722e-03
8.616969182856100418e-03
8.588721151138799942e-03
8.560955870889300212e-03
8.533666622197299406e-03
8.506846851552700081e-03
8.480490167439600629e-03
8.454590336081599725e-03
8.429141277333599899e-03
8.404137060713799331e-03
8.379571901570299908e-03
8.355440157378600172e-03
8.331736324163200799e-03
8.308455033040000604e-03
8.285591046874599824e-03
8.263139257052600634e-03
8.241094680356600075e-03
8.219452455947800704e-03
8.198207842447000071e-03
8.177356215112299709e-03
8.156893063109399780e-03
8.136813986871700363e-03
8.117114695547499731e-03
8.097791004529699549e-03
8.078838833066899830e-03
8.060254201952299705e-03
8.042033231287800191e-03
8.024172138320299213e-03
8.006667235349599482e-03
7.989514927702700761e-03
7.972711711775099311e-03
7.956254173135000538e-03
7.940138984688999840e-03
7.924362904908300101e-03
7.908922776111300748e-03
7.893815522802900136e-03
7.879038150067699253e-03
7.864587742015899385e-03
7.850461460279699322e-03
7.836656542559199828e-03
7.823170301216299249e-03
7.810000121915099645e-03
7.797143462306899662e-03
7.784597850759400299e-03
7.772360885128599614e-03
7.760430231571900130e-03
7.748803623400800020e-03
7.737478859973699781e-03
7.726453805626300360e-03
7.715726388638300369e-03
7.705294600237800121e-03
7.695156493638899593e-03
7.685310183115100224e-03
7.675753843105199807e-03
7.666485707351500083e-03
7.657504068071000099e-03
7.648807275156000070e-03
7.640393735406500117e-03
7.632261911790500300e-03
7.624410322735099797e-03
7.616837541444499912e-03
7.609542195245799952e-03
7.602522964963100323e-03
7.595778584316199671e-03
7.589307839347699848e-03
7.583109567873299803e-03
7.577182658958700120e-03
7.571526052420900384e-03
7.566138738352799938e-03
7.561019756672999852e-03
7.556168196697499694e-03
7.551583196735700380e-03
7.547263943708399855e-03
7.543209672787900416e-03
7.539419667061500116e-03
4.086961621952810153e-02
4.051778446670920020e-02
4.017253009992290125e-02
3.983369909672890286e-02
3.950114177681710026e-02
3.917471267253459788e-02
3.885427040288710193e-02
3.853967755098430120e-02
3.823080054489030183e-02
3.792750954183139733e-02
3.762967831571389921e-02
3.733718414789490014e-02
3.704990772114750280e-02
3.676773301676059674e-02
3.649054721470570278e-02
3.621824059680830293e-02
3.595070645285269872e-02
3.568784098955320172e-02
3.542954324232110153e-02
3.517571498975759908e-02
3.492626067080190078e-02
3.468108730446400195e-02
3.444010441207259743e-02
3.420322394196829985e-02
3.397036019657270062e-02
3.374142976176589676e-02
3.351635143850510007e-02
3.329504617661770138e-02
3.307743701070450099e-02
3.286344899808889969e-02
3.265300915874910087e-02
3.244604641717310084e-02
3.224249154607600198e-02
9.858264476378729435e-02
9.865086050316350386e-02
9.872335777057840434e-02
9.880015511289959307e-02
9.888127223088760687e-02
9.896672999371189383e-02
9.905655045440199535e-02
9.915075686625510198e-02
9.924937370022869632e-02
