2.927373707784550749e-01
1.399999999642197679e+00
9.365625276045067560e-01
9.245980839741684276e-01
8.989145497844636123e-01
9.267475659233982421e-01
9.192205410101952356e-01
9.131988735812419655e-01
9.315460788938689785e-01
9.059777066647449750e-01
9.388310410066900147e-01
9.506544614872591836e-01
9.459211065771452320e-01
9.173121167352922267e-01
9.415477629072706023e-01
9.514740897223260552e-01
9.762190003393840243e-01
1.021118504711910457e+00
9.584371625220263757e-01
9.692647310821623785e-01
9.813124362649819910e-01
9.949399649451133865e-01
1.234049370426194780e+00
1.182465668239813139e+00
1.208461930264546957e+00
1.170795770901483124e+00
1.200209339519639151e+00
1.165671850973142742e+00
1.193785724627019595e+00
1.161267047356380200e+00
1.209536517255197285e+00
1.169710058520008200e+00
9.970202963095987636e-01
1.189967443297494487e+00
1.158017350754914743e+00
1.240950230275752908e+00
1.178771057128822353e+00
1.015503523185309565e+00
1.032660516154512154e+00
1.188452854054865560e+00
1.083570522975255024e+00
1.117776861510590969e+00
1.198705546563733293e+00
1.189577330206214922e+00
1.214177080337484727e+00
1.251025823045400998e+00
1.329667759012086448e+00
1.328218043214497657e+00
1.327544299660535998e+00
1.326080054505444306e+00
1.325080637238683412e+00
1.325430883144714800e+00
1.325172158750975049e+00
1.323713762265138483e+00
1.323645584266858410e+00
1.323770498280659513e+00
1.324088790700565621e+00
1.324601193275921629e+00
1.325308890048020105e+00
1.326213528673868103e+00
1.327317236389288446e+00
1.328622640973383673e+00
1.330132897201204090e+00
1.331851719416962565e+00
1.333783421033658101e+00
1.335932961975558220e+00
1.338306005339666482e+00
1.340908984876934218e+00
1.343749185304700777e+00
1.346834837987755940e+00
1.350175235206167779e+00
1.353780867119301679e+00
1.357663586715788462e+00
1.389308999312977688e+00
1.412701011068333568e+00
1.444228597632108979e+00
1.513066864152109892e+00
1.546711184630634728e+00
1.561624560827681973e+00
1.578615119600796479e+00
1.598451022803700106e+00
1.622573920380331769e+00
1.654433560471159081e+00
1.710918639632853289e+00
1.722668782864045900e+00
1.698467322242502187e+00
1.697229072126442695e+00
1.719339671965228300e+00
1.672081354679606058e+00
1.548591630280915066e+00
1.563749464580672877e+00
1.581064571999785118e+00
1.601364542708217265e+00
1.626239689722597248e+00
1.659688086328729772e+00
1.728810518732000423e+00
1.660118113964370590e+00
1.731145444189305271e+00
1.655458701394444621e+00
1.714012747593315122e+00
1.642366069440338583e+00
1.685614873928681368e+00
1.597658339290792817e+00
1.598513795873510945e+00
1.622889715722168225e+00
1.655279002770497110e+00
1.715102580428097045e+00
1.591699908988718493e+00
1.613060786728453655e+00
1.642070627823200901e+00
1.686476075653148499e+00
1.632436219609455508e+00
1.670457581603447039e+00
1.625110132716699241e+00
1.659663648929351698e+00
1.657244823367372222e+00
1.657931032377424785e+00
1.636623231774342324e+00
1.712513225733041100e+00
1.707824667405939412e+00
1.681158922082117702e+00
1.701749308866753685e+00
1.726890189961047373e+00
1.760357099163286199e+00
1.822688539524204510e+00
1.769079591290458442e+00
1.712305936435424503e+00
1.740829440156973051e+00
1.782467946305717588e+00
1.684025082567726095e+00
1.705682106039874357e+00
1.732597548404875010e+00
1.770066750397433220e+00
1.722972369467075993e+00
1.756210482332985601e+00
1.817143549134046854e+00
1.742585262248558031e+00
1.787870766662633226e+00
1.736893951054154783e+00
1.778827303632423806e+00
1.643558816606549122e+00
1.659628506321968011e+00
1.678116615406789025e+00
1.700025432881612231e+00
1.727391416512167099e+00
1.766029185166072768e+00
1.722225043631607111e+00
1.758916271599132219e+00
1.718647038534544702e+00
1.754600497272908788e+00
1.713908599650111997e+00
1.748474053712433252e+00
1.823022124623512097e+00
1.744676525389688981e+00
1.813327446552045918e+00
1.760448843002148100e+00
1.738051987500003115e+00
1.800256854874840995e+00
2.008172139200137263e+00
1.966968918091546836e+00
2.000253704573712987e+00
2.055242773378708865e+00
1.986076652396215891e+00
1.950214854631352468e+00
1.989137446229522377e+00
1.951405833254925559e+00
2.010614319015318952e+00
1.963419592470388775e+00
2.034281597480347425e+00
1.973243260131368304e+00
1.938652723119111521e+00
1.998434169285962403e+00
1.954217349810884352e+00
2.043585203426054875e+00
1.972256383018320847e+00
1.936248148338880037e+00
1.999963526324448848e+00
1.952619012025027523e+00
1.921407063585820696e+00
1.972052603823444050e+00
1.934259445661688392e+00
1.986845586780209283e+00
1.942615033645368916e+00
2.041135788532678408e+00
1.962813920593299954e+00
1.926293020134892009e+00
1.989965785890583927e+00
1.941807488482236499e+00
2.016552790769471137e+00
1.952060645673344030e+00
1.917037796080094392e+00
1.967639100619950510e+00
1.926501261332414838e+00
1.967384214386234786e+00
2.005175523750276412e+00
1.956891149666458940e+00
2.244612503008164950e+00
2.210140457364764721e+00
2.207835431400389847e+00
2.227410544964235406e+00
2.172058183423245747e+00
2.193837415155456050e+00
2.152448606631768069e+00
2.192896845706068021e+00
2.151464080603404216e+00
2.210040639539530893e+00
2.161276405716430205e+00
2.239628231789840385e+00
2.174402529285508923e+00
2.137966048873629621e+00
2.192732233432322708e+00
2.149654341435633054e+00
2.203833891106772302e+00
2.155377319645030099e+00
2.219806273492368032e+00
2.162568969566971866e+00
2.241053918953885393e+00
2.168756887031240588e+00
2.241175194342428068e+00
2.166891236586777847e+00
2.129267506151510503e+00
2.175097154046729209e+00
2.133855375483505679e+00
2.182117641980236833e+00
2.136917393315284297e+00
2.193622805056059111e+00
2.142095530207467124e+00
2.205464343187248932e+00
2.145840836819268294e+00
2.181742324614121653e+00
2.132518424917828170e+00
2.154020701635424029e+00
2.160616446501065102e+00
2.198248912779340092e+00
2.149038483823816126e+00
2.134091975668475083e+00
2.134540530792929047e+00
2.172869742645266999e+00
2.108518622284538679e+00
2.155357496481394186e+00
2.098867985609440101e+00
2.135142763662928989e+00
2.086928000814348039e+00
2.129452208839912597e+00
2.082290520906509013e+00
2.122795311792644135e+00
2.076788833021537606e+00
2.117565476611615871e+00
2.072366784671148210e+00
2.117457966015413362e+00
2.070685584239543964e+00
2.126910746287903997e+00
2.074374988969847511e+00
2.041165815914664172e+00
2.107056772834915215e+00
2.062105854364129076e+00
2.041670074081180175e+00
2.111028346372588071e+00
2.063046049272417193e+00
2.031218293051382240e+00
2.119452591211546721e+00
2.066336445865975424e+00
2.033007285361456695e+00
2.035399464257398261e+00
2.102650449217929207e+00
2.056241846573253262e+00
2.024953589238576157e+00
2.000360831756536673e+00
2.098009848026603841e+00
2.052514335953854019e+00
2.021550866649577394e+00
1.997142300088007527e+00
2.092949871292989705e+00
2.048762166730044409e+00
2.018275480745451933e+00
1.994137640998648431e+00
2.089863346932557597e+00
2.046135703484698531e+00
2.015825656600264804e+00
2.141090284680739142e+00
2.068558188306976131e+00
2.031768000636613003e+00
2.004377336812862787e+00
2.139163732273061669e+00
2.067168415958605010e+00
2.030445599483353014e+00
2.003089086683293996e+00
2.122805128516879858e+00
2.060979925672462354e+00
2.025758287047899842e+00
2.145864139265686976e+00
2.066858551741054484e+00
2.029508917105026011e+00
2.001865978090972220e+00
2.072325004195352705e+00
2.032748065364535783e+00
2.130947190539321578e+00
2.060890612998768745e+00
2.024432854929220316e+00
2.097530703026754040e+00
2.046224473506880859e+00
2.013470158270940669e+00
2.074780511420920792e+00
2.032240275993492773e+00
2.103267604952286263e+00
2.046726067755890277e+00
2.012651383406781846e+00
2.078906193289633997e+00
2.032988883715158845e+00
2.001946564951165186e+00
2.059168662110595793e+00
2.019625202852353585e+00
2.078227053332661001e+00
2.030194666929886260e+00
2.102708111712912054e+00
2.040378245454931516e+00
2.098936768526537211e+00
2.037209143117648669e+00
2.065008354730771156e+00
2.081178486962974805e+00
2.084173568330468296e+00
2.051212628813072314e+00
2.041896519165072199e+00
2.056692513333800321e+00
2.090408091887344444e+00
2.020889192104879051e+00
2.031028310548578908e+00
2.051784401096846011e+00
2.090696885381151393e+00
2.015730167480175083e+00
2.027818744101481219e+00
2.042041097134520200e+00
2.052689269492553592e+00
2.096625522263649177e+00
2.006397963756375802e+00
2.018541701503830943e+00
2.027221683832757027e+00
2.049610838875850050e+00
1.987948849618763170e+00
1.999807939435948922e+00
2.032582547385998861e+00
1.976823597551929046e+00
2.023180536256202533e+00
1.970548104928979027e+00
2.025103322437638020e+00
1.970011216982584079e+00
1.936641556170568768e+00
1.994838080621762710e+00
1.952490623065886721e+00
1.922985384566650469e+00
1.990382659656892317e+00
1.948671181877810410e+00
1.919418046671228728e+00
1.988207062528242419e+00
1.946516798382577296e+00
1.917278378867436794e+00
2.035878135632744002e+00
1.968219479573770414e+00
1.932660318329354698e+00
1.906060645689722888e+00
2.031013697637411131e+00
1.965253733699282357e+00
1.929966338948345017e+00
1.929542698295936498e+00
2.039835056500490573e+00
1.966561185528188371e+00
1.930403562566189946e+00
1.903531145701121918e+00
2.029759983620586183e+00
1.962638028205428764e+00
1.927184059293896023e+00
1.900645875763300019e+00
1.972495129354876031e+00
1.933367832651212037e+00
1.905189051938467992e+00
1.983331430700688847e+00
1.949211264309229641e+00
1.988672975976577995e+00
1.975830911723262417e+00
1.946103164279194386e+00
1.994744676784929283e+00
1.944158466854916778e+00
2.012294875520599824e+00
1.950859403375071910e+00
2.000286323988705650e+00
1.952503501804816022e+00
1.967712236330686482e+00
1.984545591038382462e+00
2.039999992440409748e+00
1.956324989815556359e+00
1.915647488805834353e+00
1.886894282416304858e+00
1.863920050197876321e+00
1.844574543261076061e+00
1.827799645951388108e+00
1.812980647305052040e+00
1.799722492651902428e+00
1.787753320377120314e+00
1.776876556352537051e+00
1.766944645992317930e+00
1.757932620969402393e+00
1.749729694257506019e+00
1.742180569833165160e+00
1.735228215898021897e+00
1.728825207157926647e+00
1.722931703992200303e+00
1.717513958752347580e+00
1.712543190892294787e+00
1.707994726096508042e+00
1.703847328226897107e+00
1.700082674690019280e+00
1.700079204445886338e+00
1.701346381743968905e+00
1.698667608949566032e+00
1.698064525348300213e+00
1.699348557823397110e+00
1.696587234097431507e+00
1.696984146893303125e+00
1.696531816189566610e+00
1.694686936499647301e+00
1.695937248735931435e+00
1.692237740911280319e+00
1.693534953623568873e+00
1.690559625565834834e+00
1.689842035897583195e+00
1.689729844302087169e+00
1.686804373004500812e+00
1.683392367012089386e+00
1.685467642797866317e+00
1.688209089646948824e+00
1.681090656759475443e+00
1.683405552836941821e+00
1.686048002958469683e+00
1.679073980556734735e+00
1.681297190150654375e+00
1.683845001488643911e+00
1.686726718908676759e+00
1.679542231323726043e+00
1.682099131200636366e+00
1.684989637725522904e+00
1.679434780445452358e+00
1.682192495205927951e+00
1.677002191063889924e+00
1.679665224428332326e+00
1.674860395408444447e+00
1.677526964290975142e+00
1.680528839104109773e+00
1.676699787858753510e+00
1.673215220795970293e+00
1.676205016294107120e+00
1.674660772270786691e+00
1.671386854543748912e+00
1.567005309623785925e+00
1.539283782564403902e+00
1.601772805033067293e+00
1.563420677229421019e+00
1.644846667700869070e+00
1.584000043809199232e+00
1.551990120228441405e+00
1.626197383291365428e+00
1.577319189722015125e+00
1.547456885477984878e+00
1.524494593710765011e+00
1.505475237821651602e+00
1.489110549378908743e+00
1.666930199064023954e+00
1.567778129334777892e+00
1.540686078182873509e+00
1.620909721242167034e+00
1.563678088316185377e+00
1.631134067224554007e+00
1.516787305624495819e+00
1.616716140200461060e+00
1.621149895397989704e+00
1.610933176518772436e+00
1.573780787274870807e+00
1.608630833560517948e+00
1.668061938344847395e+00
1.669909425111225643e+00
1.652136339366805151e+00
1.593195069083732429e+00
1.648449232535761588e+00
1.591564544667574577e+00
1.652366230437939842e+00
1.589730090416722197e+00
1.645900032893201637e+00
1.587998988589621518e+00
1.642953943096168823e+00
1.587133562970077127e+00
1.613660317481608875e+00
1.637291247324395682e+00
1.647324317697100193e+00
1.645146486793628293e+00
1.588747237504658294e+00
1.557339136853982842e+00
1.533595488358979519e+00
1.514077342809081683e+00
1.497355964891328162e+00
1.008916417659067255e+00
1.104685992352679280e+00
1.054358485700453096e+00
1.026999675387217037e+00
1.028578222757405847e+00
1.081372678803062870e+00
1.062592845175315492e+00
1.044044458017784560e+00
1.083754249879862908e+00
1.064750014005382051e+00
1.034416107730805612e+00
1.087697001137353903e+00
1.066067731387861928e+00
1.040249047366376578e+00
1.072344149302698835e+00
1.062983980185752575e+00
1.051391532193307166e+00
1.094179349583395355e+00
1.048810806237822302e+00
1.092574265968707214e+00
1.089328762416641228e+00
1.076394626690249989e+00
1.062651497658538613e+00
1.070980642152082885e+00
1.110246302541543439e+00
1.056788636280545202e+00
1.065043148201536560e+00
1.006483669535750414e+00
1.152996413452876734e+00
1.121171884726863910e+00
1.098762741901766038e+00
1.080802258120897363e+00
1.065592627177465834e+00
9.721109235158017503e-01
9.920225079159383785e-01
1.019051931183692306e+00
9.727944911344583723e-01
9.929803101196214010e-01
1.020645181305039673e+00
9.240937368558590492e-01
9.357151273885675469e-01
9.488241046466392437e-01
9.639566674976107752e-01
9.820877133993374253e-01
1.005406391734478877e+00
1.042173683217523905e+00
9.829477147818221905e-01
1.006684942910448743e+00
1.045083722694042594e+00
9.782090859425736085e-01
1.000386715686831129e+00
1.033349568328091550e+00
9.894661243200564282e-01
1.002317562487009761e+00
1.022841107302948860e+00
9.688973286856887857e-01
9.885063710248034319e-01
1.014877622353899111e+00
1.071702414083667065e+00
1.021118504712367647e+00
1.124283494382108728e+00
1.065800682693879953e+00
1.038753993531229103e+00
1.018647993162647980e+00
1.002197075720917985e+00
9.976266465627205982e-01
1.029464239393552916e+00
1.247072036658386063e+00
1.206217892563339111e+00
1.180522423960101985e+00
1.160595863994895671e+00
1.143996813528018297e+00
1.129643600497844735e+00
1.116942939386052824e+00
1.105527332343563707e+00
1.095150268133703308e+00
1.085636781341990487e+00
1.076857329724635104e+00
1.068712803955475410e+00
1.061125365016680977e+00
1.054032556707095836e+00
1.047383365856783932e+00
1.041135495626041907e+00
1.053916501575853371e+00
1.079336165486227905e+00
1.122984129485265603e+00
1.116640679728274632e+00
1.112559426690963971e+00
1.091748419718293173e+00
1.131873526077835423e+00
1.107109022389402897e+00
1.069062542984435593e+00
1.101939499872139239e+00
1.072721110018331592e+00
1.085065138081669156e+00
1.149840194385743919e+00
1.057766522310935153e+00
1.084442856573252900e+00
1.136196268447412949e+00
1.098127454739312947e+00
1.137623467878668304e+00
1.134950318168277406e+00
1.126810102091320376e+00
1.117781560100616689e+00
1.161309185402125355e+00
1.129563260523679169e+00
1.167082877755514225e+00
1.153269538712736297e+00
1.138114852381818309e+00
1.145062531796311234e+00
1.151627387611682485e+00
1.125180417893884011e+00
1.156812718961532704e+00
1.225635883529067494e+00
1.194547864654363911e+00
1.184396537947166150e+00
1.200245703350822923e+00
1.189969533825744108e+00
1.195785494956742356e+00
1.159273993028933303e+00
1.183028549850705380e+00
1.201033397246634049e+00
1.204161537506598378e+00
1.207905836363675434e+00
1.191140251481056289e+00
1.197456261635161612e+00
1.190868879519823897e+00
1.253837613673090434e+00
1.748862944513120299e+00
1.758948962190197918e+00
1.769999047573545647e+00
1.782168287500984105e+00
1.795664689004325520e+00
1.810778475780600028e+00
1.827936464576604747e+00
1.847814257258364012e+00
1.871606132417600099e+00
1.901858141773514310e+00
1.946813629873790807e+00
1.971341268511377587e+00
1.995793890248305891e+00
1.983653608265147916e+00
1.990015064323478855e+00
1.983108161598601926e+00
1.970896454598793257e+00
1.965829212767385092e+00
1.956598353376710842e+00
1.958457034966129662e+00
1.939912528917892898e+00
1.906304424226081595e+00
1.981761264802582412e+00
1.918931752730659523e+00
1.880367412408000094e+00
1.923414428755172878e+00
1.881224151437052017e+00
1.925852880928184740e+00
1.883348847678026461e+00
1.931022779819012714e+00
1.884159772235677099e+00
1.933892700100916739e+00
1.892746940808514911e+00
1.955938526250570852e+00
1.895253901433264776e+00
1.970351920710100790e+00
1.896210711589106479e+00
1.860747397339542308e+00
1.898813270178896895e+00
1.860805964237059129e+00
1.899754625522779961e+00
1.867933332475528729e+00
1.912438936686589264e+00
1.874372422329527499e+00
1.926436607035209025e+00
1.880544130997990449e+00
1.944144211551100065e+00
1.896359769776492898e+00
1.861936538814953579e+00
1.907720410344975193e+00
1.867219256209535549e+00
1.919644271457385587e+00
1.874419274439026006e+00
1.942343582462094931e+00
1.875753079210717100e+00
1.955768757876412023e+00
1.872103629349320064e+00
1.943537408001746014e+00
1.861507714526064783e+00
1.916557128272772026e+00
1.864749355894392835e+00
1.928214812236042297e+00
1.895252888735689645e+00
1.885669163039308094e+00
1.896987074816932850e+00
1.912678149772061298e+00
1.891053651869364360e+00
1.886927210492616691e+00
1.855050978937192507e+00
1.817659067598152101e+00
1.859492609324671530e+00
1.808247195574568034e+00
1.845849018015047971e+00
1.788560530569757168e+00
1.818614177099888485e+00
1.863951226536851191e+00
1.796308139097059220e+00
1.829908836440560460e+00
1.890140227566919906e+00
1.796215251146887848e+00
1.830652767285539939e+00
1.896742851847562417e+00
1.795610080584694179e+00
1.830551609774921262e+00
1.901442493426475089e+00
1.803592606498116035e+00
1.843601442116948874e+00
1.816624155986474420e+00
1.803292697102661046e+00
1.844455082571949012e+00
1.799223649919005519e+00
1.802114165940732704e+00
1.843748653924398351e+00
1.790226161055480159e+00
1.807876961334369259e+00
1.855936936300081275e+00
1.791292794118914733e+00
1.829339779531977683e+00
1.792828598459330625e+00
1.833174530860390394e+00
1.799372092378614507e+00
1.846876554135983506e+00
1.810357666128322496e+00
1.878093985370720809e+00
1.832906216045164793e+00
1.799842712180200310e+00
1.857995299970082392e+00
1.812069780019663900e+00
1.790332536144491948e+00
2.220194798892691779e+00
2.169153573690860703e+00
2.135991493119684836e+00
2.110221077984023808e+00
2.088851631482780746e+00
2.070517558990908835e+00
2.054457358409260692e+00
2.040194328051069039e+00
2.027406434754925879e+00
2.015864049697988047e+00
2.005396707355061814e+00
1.995873876778829104e+00
1.987193132918547489e+00
1.979272516815408833e+00
1.972045402228892019e+00
1.965456931792521011e+00
1.959461474151231952e+00
1.954020767142490289e+00
1.949102535087916088e+00
1.944679441924130003e+00
1.940728287539621677e+00
1.937229383816361894e+00
1.934166065971466786e+00
1.931524307616288461e+00
1.929292416752988348e+00
1.927460796099967011e+00
1.926021755555636705e+00
1.924969367842549905e+00
1.924299360797004921e+00
1.924009041639252349e+00
1.924097250055192054e+00
1.924564338172874312e+00
1.925412176626865701e+00
1.924733175158899190e+00
1.919521919636884011e+00
1.914809925366973253e+00
1.910572081380616849e+00
1.906787021791108039e+00
1.903436578462628370e+00
1.900505350164916063e+00
1.897980361716233633e+00
1.895850793861942885e+00
1.894107769763322402e+00
1.892744187674669565e+00
1.891754592119837097e+00
1.891135077945526488e+00
1.890883223236838884e+00
1.890998048378135898e+00
1.891479999638260301e+00
1.892330956638066830e+00
1.893554263991834352e+00
1.895154788368067944e+00
1.897139003258544898e+00
1.743437018917544323e+00
1.727453214461505127e+00
1.846439423847356487e+00
1.806705264835837710e+00
1.778656852545018374e+00
1.756239656853161968e+00
1.865355108441043130e+00
1.814191908686785926e+00
1.833391369665081649e+00
1.847796645079048838e+00
1.842949626840782340e+00
1.869566320644103996e+00
1.799639325374424947e+00
1.821451169790464952e+00
1.833016926088312015e+00
1.779421871585584958e+00
1.806438202848456021e+00
1.763831584045358891e+00
1.805603944032004859e+00
1.762095751402641408e+00
1.732856101571010887e+00
1.709847193477015193e+00
1.690601577134455802e+00
1.810986268468393279e+00
1.762297882969952711e+00
1.731520806277826896e+00
1.708662375198947148e+00
1.687928219259140494e+00
1.729337160263548778e+00
1.669359116421578637e+00
1.730490128467430999e+00
1.671346389301840096e+00
1.801823712139065892e+00
1.753790605277387948e+00
1.723230173967841949e+00
1.787993978257580885e+00
1.745143581221639151e+00
1.752024531271561214e+00
1.693364016472794553e+00
1.674254245590922618e+00
1.756046366875608999e+00
1.797968658505822326e+00
1.747937893313537661e+00
1.716886051921340917e+00
1.791189774985017635e+00
1.742954937618425015e+00
1.712391523665087512e+00
1.764963782687004157e+00
1.726654297044314168e+00
1.764864023057945097e+00
1.725469805504642906e+00
1.758548533550154724e+00
1.759882989762863392e+00
1.748092174010736910e+00
1.786146159940420919e+00
1.768560719238161161e+00
1.771505140160726022e+00
1.723179402436194385e+00
1.758890063295625694e+00
1.715011623196509571e+00
1.747394965666738020e+00
1.745558221628454421e+00
1.737308691108170322e+00
1.784746116090398571e+00
1.721097957267132328e+00
1.763903019206235934e+00
1.725655657789917585e+00
1.734665677717798893e+00
1.748565186357921686e+00
1.778497521869636167e+00
1.783922258319267096e+00
1.778890072462751659e+00
1.706408964739446033e+00
1.672326823893083514e+00
1.647040592701964901e+00
1.626430881819986407e+00
1.608867997121063098e+00
1.593505957222074887e+00
1.579837853773564893e+00
1.567531193183195892e+00
1.556353791695086697e+00
1.546135881737018991e+00
1.536748886043075579e+00
1.528092682709609074e+00
1.478203181181585890e+00
1.438834090071987371e+00
1.520620377623697284e+00
1.557333823764350589e+00
1.511835008830058946e+00
1.483167163839984592e+00
1.538333337564992576e+00
1.484662492629080788e+00
1.454423928938903154e+00
1.491831619462745895e+00
1.458558525672446482e+00
1.434258589238815551e+00
1.452418318614144166e+00
1.502775417843748240e+00
1.516234239948098805e+00
1.516314564709531520e+00
1.469166475483813850e+00
1.520383565396592473e+00
1.469146490585911513e+00
1.514554601960085067e+00
1.467685745499097694e+00
1.498333209209057992e+00
1.468102351345567103e+00
1.492378294602323185e+00
1.461153402771023124e+00
1.489813232915293995e+00
1.499623244297336067e+00
1.508630275226233497e+00
1.458623959322572716e+00
1.425931498295163191e+00
1.401986583735301606e+00
1.382542639538708151e+00
1.365985046896569077e+00
1.351490939531497792e+00
1.338572650781217677e+00
1.326912650391567361e+00
1.316290355375058452e+00
1.306545089972437124e+00
1.297555496893793903e+00
1.290518273087422507e+00
1.281485358386836637e+00
1.301996826214103953e+00
1.268559690792410155e+00
1.270332617174621204e+00
1.233160218367567396e+00
1.265855259706521574e+00
1.244011893998961282e+00
1.279715802801765223e+00
1.258645707334275166e+00
1.325872214909156188e+00
1.287852730202096563e+00
1.284342157944188711e+00
1.304252741669922111e+00
1.303115910691418300e+00
1.299796375949761273e+00
1.310703349982553556e+00
1.273123794843604495e+00
1.298731216775065755e+00
1.266419518054030968e+00
1.301053747606609301e+00
1.284450377426515910e+00
1.309713117035523400e+00
1.274474091437646450e+00
1.250117784743676186e+00
1.299824847674870831e+00
1.296576309948032968e+00
1.348064718699762743e+00
1.294175515936574428e+00
1.265354074135480289e+00
1.321500139109775152e+00
1.283141518328727138e+00
1.339423104667047282e+00
1.294395691119685665e+00
1.330299183108782479e+00
1.288976434389076386e+00
1.262658338310605810e+00
1.292457167638179305e+00
1.242809739435129845e+00
1.294448498174492812e+00
1.307820517662858339e+00
1.288319457844045113e+00
1.263983245322112925e+00
1.267265923990409604e+00
1.254084800986849046e+00
1.285876028085168432e+00
1.256956707308598098e+00
1.238933193813998468e+00
1.234844843485980226e+00
1.249073096982001418e+00
1.243715720015563964e+00
1.258827735379135060e+00
1.262571237732558860e+00
1.282331851057596728e+00
1.243730962807398921e+00
1.244716808188200297e+00
1.355991189936752939e+00
1.306218735954700172e+00
1.330248159462065649e+00
1.317056206034117549e+00
1.314481998196299184e+00
1.365463390239004093e+00
1.309391314461649580e+00
1.280166096511792473e+00
1.381309943820531627e+00
1.318092213494213016e+00
1.298216945801337063e+00
1.332173663559287569e+00
1.356835408179138502e+00
1.311846341765739110e+00
1.350014014458682077e+00
1.303773588571896624e+00
1.340421951584334082e+00
1.271394293338942605e+00
1.297360576247763353e+00
1.253708954704483514e+00
1.274799673011531631e+00
1.320009719146433280e+00
1.328661997449379184e+00
1.265923216505173254e+00
1.273160538850681034e+00
1.292281439355018824e+00
1.303675731161622053e+00
1.286799910878862807e+00
1.274861501330392333e+00
1.287215564589693440e+00
1.329057846469962501e+00
1.266886519047755844e+00
1.336524608703108408e+00
1.293528864432545777e+00
1.258482793215454087e+00
1.228691983455024062e+00
1.242331119527884553e+00
1.224160421884351369e+00
1.200880621450703956e+00
1.213092628592211009e+00
1.242977130225598303e+00
1.234925781653827048e+00
1.204228216899787762e+00
1.206841888668729990e+00
1.257533177456213513e+00
1.212258635579767763e+00
1.190838013057525124e+00
1.193752852942958631e+00
1.206133053757453055e+00
1.218815595579012090e+00
1.235873213047486985e+00
1.199655143230016208e+00
1.168964464900224431e+00
1.152008569348795364e+00
1.153605029877691646e+00
1.189834578416739674e+00
1.195193129088949702e+00
1.130735688934245697e+00
1.177298269723165758e+00
1.141604866264111617e+00
1.117759551901703841e+00
1.164697880391542428e+00
1.154216122853460869e+00
1.174712764559769917e+00
1.140149488673990907e+00
1.173032135996743275e+00
1.154563395186258168e+00
1.164396117145964027e+00
1.200368119086834051e+00
1.152370744952595283e+00
1.185084923288223679e+00
1.217777951129345837e+00
1.205805815869492648e+00
1.181653099588224842e+00
1.143830794881656399e+00
1.147749515642500384e+00
1.131484258088313544e+00
1.154490870062718555e+00
1.090520570740616035e+00
1.127823646271987501e+00
1.155948579285666078e+00
9.885723705984523768e-01
9.906341256718166344e-01
9.555188813029735773e-01
9.795072291956031796e-01
1.008634041917997104e+00
9.625785569918839935e-01
9.929632568717196017e-01
9.712626855983391705e-01
9.781194783394487891e-01
9.781401393987936288e-01
9.922428395296424286e-01
1.011634017580214095e+00
1.004824474658618794e+00
9.728434967704807645e-01
9.426318701300031577e-01
9.362382943535200175e-01
9.612903870744992085e-01
9.202645667910052119e-01
9.343008735413601551e-01
9.538221864972471487e-01
9.173638433755435528e-01
9.773159658551440199e-01
9.331003725200264221e-01
9.068109938254408364e-01
9.060454060118412478e-01
9.642840211980997500e-01
9.229549610887124445e-01
9.850509601136787641e-01
9.581963339023238380e-01
9.389095582998203682e-01
9.452865972069698364e-01
9.183118346653772468e-01
9.249760503932560329e-01
9.271748381610880330e-01
1.120268392426914872e+01
5.847714513819784798e+00
3.141592653589793116e+00
