2.927373707784550749e-01
1.399999999712107979e+00
1.006113797337879090e+00
1.003955691142791595e+00
1.002042477239086349e+00
1.000364363443257076e+00
9.989131234403811899e-01
8.998420810837294281e-01
8.947011082489931821e-01
8.899977176137415791e-01
8.856827120093048178e-01
8.817166851795066318e-01
8.780675444512876515e-01
8.747087931692358875e-01
8.716183061844196001e-01
8.687774358977111699e-01
8.661703462153096389e-01
8.637835075399189488e-01
8.616053080334922232e-01
8.596257504731689147e-01
8.578362132344675706e-01
8.562292601049005247e-01
8.547984878509324869e-01
8.535384034043550505e-01
8.524443246243648131e-01
8.515123001016802196e-01
8.507390445805556034e-01
8.501218874038283246e-01
8.496587320174437963e-01
8.493480250616425309e-01
7.395768588791933329e-01
7.393465901836766552e-01
7.885559769369718808e-01
7.865747718462325899e-01
7.884700295048834295e-01
7.776347638094336379e-01
7.769321426580957368e-01
8.075897268697368458e-01
8.301561807948061311e-01
8.928318069196182760e-01
9.155733612274892241e-01
9.309591114040960402e-01
9.410554755046067754e-01
9.295947234500627765e-01
9.118525013645459865e-01
8.876867711092486513e-01
9.212090778407772129e-01
8.913366035283218913e-01
9.131128475134951961e-01
9.243889228754124110e-01
8.870825721150258358e-01
9.064886081586573940e-01
8.978618000349336548e-01
9.140908127507776371e-01
9.190369809786231858e-01
9.410350137835992168e-01
9.025785124543341809e-01
9.026864206569900073e-01
9.380096571975904407e-01
8.929708649369930695e-01
9.016860840949527667e-01
9.110868740501631979e-01
9.075047501728199517e-01
9.022733070037588510e-01
9.071853058459363739e-01
9.043473750105484044e-01
9.191120814051544352e-01
9.126161290019275674e-01
9.088921022823239770e-01
8.999245417346846132e-01
9.403194189210424270e-01
9.611913849668551890e-01
9.254051919160911632e-01
9.039283628745268251e-01
9.139012698168316184e-01
9.471692569169501974e-01
9.042059852212211979e-01
9.196689109733136025e-01
9.365434720507608279e-01
8.930416422852097691e-01
9.316329013471376097e-01
9.002208893339359586e-01
9.101392565175657756e-01
9.041995380979845898e-01
9.249059227813154482e-01
8.904048570216811509e-01
1.076193658243444373e+00
1.080041362944426098e+00
1.084288291455278719e+00
1.088974833982550905e+00
1.094151385387885700e+00
1.099881966621303109e+00
1.106249777751959096e+00
1.577591549867074949e+00
1.598318817651148027e+00
1.632572136216284608e+00
1.715444070356954898e+00
1.722407500060651131e+00
1.730475941479979518e+00
1.739866303012432391e+00
1.750903860488481900e+00
1.764115335377731020e+00
1.770853723392161294e+00
1.776179124354396510e+00
1.782405583551909256e+00
1.789655886693792830e+00
1.798100434941853676e+00
1.807985271779188885e+00
1.819686693296824753e+00
1.833831908434810920e+00
1.851622175676318482e+00
1.876054904312914440e+00
1.926703987411766850e+00
1.907607278101485893e+00
1.879178681161449260e+00
1.856706067103448321e+00
1.887702329850988292e+00
1.865513658738739533e+00
1.908764815360810774e+00
1.870393334468199997e+00
1.814556204828351893e+00
1.830649023190952018e+00
1.851770745411420060e+00
1.884902945961919984e+00
1.857079927868767966e+00
1.899574177673466480e+00
1.875786736576372737e+00
1.864700495964397575e+00
1.859367416798839212e+00
1.826716223579549103e+00
1.850695691659308029e+00
1.898060143441534953e+00
1.884078636188374789e+00
1.756876616751866349e+00
1.764968510169824034e+00
1.774405553335227426e+00
1.785517778048703930e+00
1.798840334080696879e+00
1.815352332603792807e+00
1.837277937497024727e+00
1.873454781215192044e+00
1.826744077345886730e+00
1.854650834516536007e+00
1.769606996502925078e+00
1.780101052245870452e+00
1.792589542005774472e+00
1.807855490229368867e+00
1.827523217101145292e+00
1.856486432252602903e+00
1.819533530221366435e+00
1.844023560081587521e+00
1.897358123199180735e+00
1.761741133837338324e+00
1.770909660493925619e+00
1.781680257215394469e+00
1.794538859533310049e+00
1.810350865760937067e+00
1.830982652551565559e+00
1.862695353062874482e+00
1.785760989853208303e+00
1.799548317674293907e+00
1.816780843382939992e+00
1.840124754667664453e+00
1.883207197989847925e+00
1.843052283585908002e+00
1.895004059852674727e+00
1.850843511683420095e+00
1.838797512406798340e+00
1.882545849022565276e+00
1.881566688043180946e+00
1.885194981850676355e+00
1.787329082504227618e+00
1.804319195051435232e+00
1.827196514379456849e+00
1.867869230241413936e+00
1.827575970268676020e+00
1.873133382590348894e+00
1.817484334649549060e+00
1.851155351599456989e+00
1.717226615695391700e+00
1.723115571659742384e+00
2.101429856613656000e+00
2.097284376967865072e+00
2.049520352716136085e+00
2.057968157085277916e+00
2.078613715129458139e+00
2.041204970202452174e+00
2.077171607033438061e+00
2.039985057181379791e+00
2.100568455572476179e+00
2.047339542469725604e+00
2.021917478956928083e+00
2.057976516092724140e+00
2.028203330544275040e+00
2.075051985177756464e+00
2.036592493117519886e+00
2.088034546999333774e+00
2.040189511219187235e+00
2.015392805531980969e+00
2.045141248786262356e+00
2.017991942838730512e+00
2.049075815553126123e+00
2.019439959397903994e+00
2.046289900624364222e+00
2.016778542826084486e+00
2.052029790618098204e+00
2.018972042092133989e+00
2.056566503035292204e+00
2.019633539940622668e+00
2.066519395441978713e+00
2.022083969374137258e+00
2.082256134358417832e+00
2.023106334252706251e+00
2.050482876386374720e+00
2.011634854355054181e+00
2.025893529257841053e+00
2.028447681641547096e+00
2.047372472800724541e+00
2.009213915614931789e+00
1.996141075192739534e+00
1.993920856497219507e+00
2.013647023241418310e+00
1.975119777190676329e+00
2.000464156388863213e+00
1.966619878566711055e+00
1.986458222654956751e+00
1.957269499542920066e+00
1.980746251576267936e+00
1.952522826212284013e+00
1.974072356287072783e+00
1.946890488860193003e+00
1.968746686187231143e+00
1.942314350729980044e+00
1.965748492763132793e+00
1.939012459206544303e+00
1.968054487403938291e+00
1.939321975667468001e+00
2.014000982119445560e+00
1.955685646972468827e+00
1.930363083105324895e+00
2.079399829196483029e+00
2.042793586478561796e+00
2.020231580361029788e+00
2.003257053271584986e+00
1.989628852728158037e+00
1.978346024253784696e+00
1.968857947275423959e+00
2.003523590766853602e+00
1.954018577665904033e+00
1.948282671960164025e+00
1.943502489019732327e+00
1.992497786558308448e+00
1.943098116294489586e+00
1.934162399059257575e+00
1.932561396012705268e+00
1.983680109075579123e+00
1.939169152748777103e+00
1.915231704431676008e+00
1.897621047321504051e+00
1.978758293665044743e+00
1.936155170807700721e+00
1.912549320207966419e+00
1.895104902692644755e+00
1.955049090071930395e+00
1.924073362814412880e+00
1.903506008988052445e+00
1.887684254648862359e+00
1.953228591633326738e+00
1.922511532725970307e+00
1.902038182281243994e+00
1.886270428006025623e+00
1.947073197337717110e+00
1.923346451735050699e+00
1.898630942165054458e+00
1.951892670288173592e+00
1.920717210146806408e+00
1.931208550661812406e+00
1.956522535712952759e+00
1.947993607631546942e+00
1.909323671736186334e+00
1.967614425351077889e+00
1.915362650391895905e+00
1.895284843897649285e+00
1.931727179170274811e+00
1.906319624026808324e+00
1.956356942388661091e+00
1.919469672950436800e+00
1.939549779604623048e+00
1.930011554837079979e+00
1.903615042732071050e+00
1.958807959178509916e+00
1.917915715725098336e+00
1.901971349025977087e+00
1.937954595822299897e+00
1.906243450453706911e+00
1.955397378803849007e+00
1.912947419906172897e+00
1.889448307466671917e+00
1.919604618673784291e+00
1.893015775678486889e+00
1.915633996422267504e+00
1.937878331546913691e+00
1.954242820392916968e+00
1.954573765173386324e+00
1.918290979401162000e+00
1.910015710926751042e+00
1.920823250852349062e+00
1.883959188668913098e+00
1.892055770914844892e+00
1.898266461945786299e+00
1.912549208188125904e+00
1.876457298773392068e+00
1.884209891407323978e+00
1.891205139552372794e+00
1.899150896341524453e+00
1.904544921137381275e+00
1.866040697175573637e+00
1.870509288644154333e+00
1.876103857843148814e+00
1.879468901875716913e+00
1.890618147195811893e+00
1.851761972673508838e+00
1.856865312680217928e+00
1.874435104913162009e+00
1.840154520010913286e+00
1.880620023755814385e+00
1.872769454662309041e+00
1.918608517306928052e+00
1.897719753339714988e+00
1.863586572743668457e+00
1.877132306070165901e+00
1.830660717354883893e+00
1.805652651236913098e+00
1.840583079891560780e+00
1.815049402925783095e+00
1.796797505333301848e+00
1.837721749605488508e+00
1.812355485660969601e+00
1.833002435706072353e+00
1.860452097333451960e+00
1.825958751535786018e+00
1.802531444493470358e+00
1.833855446915547027e+00
1.856271342788464063e+00
1.821155605652726051e+00
1.817130544951224502e+00
1.783215044651055292e+00
1.857634296090185044e+00
1.820862133804671990e+00
1.798837319226578746e+00
1.782285994181872946e+00
1.852332979377000033e+00
1.817356556658698885e+00
1.795796400798670200e+00
1.866545776653684374e+00
1.822123751399404856e+00
1.798645794309152057e+00
1.781365076067643827e+00
1.827106238327736998e+00
1.801375233395096753e+00
1.878463617006732811e+00
1.825790924955846384e+00
1.796763425013013782e+00
1.830036473743879899e+00
1.801530870300807941e+00
1.836358974018504897e+00
1.824776848363033999e+00
1.836261440020580782e+00
1.861865868264424018e+00
1.810359702745944377e+00
1.817029169533816102e+00
1.841569041332153267e+00
1.797362235661599916e+00
1.774014798551837968e+00
1.756821783913383284e+00
1.743067487074331234e+00
1.731893683825815433e+00
1.722517734343305129e+00
1.714457776649019660e+00
1.707497760132992815e+00
1.701485808308572434e+00
1.707273069502241114e+00
1.692135508251991771e+00
1.692014601365004811e+00
1.689126435744168875e+00
1.689047906661100829e+00
1.686387433826684212e+00
1.686541537109642164e+00
1.683203370610522942e+00
1.680730994232471076e+00
1.675859642823541273e+00
1.604057670565131932e+00
1.578782033584321898e+00
1.560991923775766343e+00
1.546946236931259655e+00
1.535303647583527997e+00
1.525397065219829429e+00
1.516947532564709267e+00
1.509747745646166761e+00
1.503434429700805097e+00
1.497893319861082873e+00
1.493038729491640293e+00
1.488804946032819432e+00
1.485356716857070714e+00
1.485159980959604109e+00
1.482668732307709902e+00
1.482479800232058054e+00
1.482713259867026956e+00
1.480150852142881890e+00
1.480542664488335491e+00
1.477446516532832765e+00
1.475240920390473498e+00
1.475916253655790378e+00
1.471579722420065073e+00
1.374421082262379912e+00
1.346778123056729282e+00
1.328671490785449105e+00
1.314632811395066714e+00
1.303050612204679437e+00
1.402277249146917759e+00
1.359807467601922726e+00
1.338774935839964320e+00
1.448954138545584192e+00
1.451206448857304210e+00
1.415040997407122747e+00
1.420499753364265594e+00
1.447281580043247251e+00
1.411511242125741417e+00
1.455709161645470706e+00
1.412917248293949157e+00
1.408508184179053435e+00
1.417637442348460342e+00
1.394173974488582823e+00
1.438642706227755586e+00
1.404996470683683940e+00
1.385102354297985450e+00
1.421788185664146553e+00
1.395464414800529074e+00
1.442871577059839261e+00
1.404648057055190691e+00
1.383910074100122900e+00
1.416540966225660503e+00
1.438130014954639213e+00
1.400823510693685048e+00
1.431206167817119956e+00
1.397182477867344952e+00
1.428771118410901098e+00
1.395114142520393896e+00
1.417008804095902352e+00
1.388623467341748574e+00
1.412597198460856962e+00
1.385543488210621232e+00
1.410890711251844731e+00
1.383859806698504391e+00
1.424631438581044796e+00
1.381023850641265538e+00
1.416205394406547580e+00
1.379573641592168443e+00
1.412979052009485814e+00
1.435736506671604573e+00
1.393489657022580319e+00
1.408932993761137009e+00
1.412788621801737809e+00
1.409911099358006847e+00
1.378594522973295655e+00
1.359346521072212877e+00
1.344666811524168892e+00
1.332653211912293134e+00
1.322466854741385811e+00
1.313648379431272106e+00
1.305913594578792969e+00
1.122876843470449693e+00
1.080473188288036734e+00
1.061271533241132436e+00
9.518340326457791489e-01
9.766438889958873881e-01
9.715008203458336267e-01
9.594595728402511847e-01
9.619442383912499839e-01
9.581519765630329699e-01
9.450793816043417950e-01
9.478163029998377676e-01
9.162611119299903795e-01
9.171550727614939946e-01
9.080292875734932156e-01
9.200619873906278334e-01
9.205618799838087840e-01
8.940044031984384354e-01
9.229222229344108408e-01
9.039441446842133576e-01
9.363026959905872415e-01
9.255660606028544013e-01
8.963548060842664311e-01
9.236561882051391725e-01
9.247802811533554213e-01
9.359516244295753573e-01
9.356220116723203972e-01
8.987844406211000781e-01
9.289721125872170138e-01
9.080692830786120107e-01
9.595862883388928122e-01
9.202876769817783797e-01
9.025084940655979659e-01
1.002101112147382844e+00
9.733188635600316108e-01
9.564268048390287547e-01
9.435751996368364480e-01
9.866684609692000230e-01
9.652497680826167548e-01
9.504422267378708211e-01
9.944465115417028267e-01
9.696282227867507597e-01
9.537100901756300209e-01
9.482714097863920166e-01
9.803965691233700319e-01
9.612609582502056327e-01
9.473663778277283676e-01
9.987893739303358442e-01
9.718187498441801520e-01
9.553327444829839976e-01
9.426865199000518114e-01
9.833833755655435604e-01
9.632700972750023460e-01
9.489664423808531479e-01
1.004542886409651281e+00
9.744623372272559481e-01
9.573147789918764472e-01
9.443361148268015759e-01
9.798361214895607851e-01
1.007694282315326095e+00
1.013063592439501504e+00
1.003897049642948458e+00
9.840643671165824058e-01
9.652098580675175787e-01
1.019132013677833681e+00
9.790862845541984383e-01
9.607911388291485721e-01
1.002354582448321763e+00
9.742692191987399886e-01
9.575183092267436358e-01
9.887207605496564078e-01
9.672473547673026140e-01
9.986660493574768260e-01
9.729371530048044336e-01
9.923220040996676428e-01
1.014064168931671617e+00
1.011561984554536053e+00
1.008965838327152920e+00
9.782151405687031787e-01
9.609281089075676352e-01
9.478743299957520518e-01
9.371731317091960278e-01
9.280384841400195484e-01
9.200514331276575808e-01
9.379669357195847823e-01
9.291450167916087688e-01
9.213962803115861577e-01
9.144923033315172090e-01
9.335954258460932298e-01
9.253676670907664548e-01
9.180819825299160186e-01
9.115538681267839616e-01
9.056550108039199687e-01
9.002919034514227370e-01
9.101852636483791503e-01
8.909062751529479574e-01
8.867853871289713696e-01
8.829960668078586927e-01
8.795094207981118961e-01
8.763014414931977747e-01
8.733519775289543263e-01
9.294013176157803757e-01
9.218284680804808007e-01
9.150664153943716128e-01
9.089714671588121631e-01
9.034403410762521514e-01
9.241905149634740413e-01
9.172379241267938355e-01
9.109844099597488309e-01
9.053181316343543727e-01
9.001562609247475422e-01
8.954354609233122764e-01
8.911060566227440027e-01
8.871282839279561738e-01
9.241690750195937776e-01
9.331758220516119806e-01
9.153973696437311958e-01
9.151990861358202389e-01
9.320449710527195508e-01
9.044691407034032293e-01
9.420369382285519455e-01
8.992463229786212819e-01
9.166068075506104140e-01
9.128650199643879581e-01
9.270245799386962471e-01
9.075502053803046199e-01
9.544127706365319597e-01
9.157586090674340040e-01
9.093936812534112457e-01
9.338244125695968068e-01
9.154518994111944252e-01
9.509893448492056089e-01
9.167132968311856311e-01
8.997014609693897436e-01
9.297738412968229449e-01
9.129361819399332001e-01
9.571073900276639845e-01
9.289543873116049566e-01
9.182723564630451696e-01
9.273476389356225535e-01
9.992496671291319910e-01
1.011690118142514638e+00
9.990742121068552084e-01
9.811684855622490042e-01
9.610724946635995636e-01
9.803738149294985993e-01
9.583392065925300241e-01
9.764713438358300079e-01
1.014339826292908420e+00
9.624129882302235872e-01
9.828477709885767855e-01
9.336626737145308219e-01
9.593722711962739957e-01
9.783029330245262001e-01
9.266586354330932362e-01
9.562774734852765857e-01
9.738813152786454097e-01
1.006876733924887635e+00
9.526433896645212229e-01
9.689106514245485746e-01
9.950456906906316457e-01
9.537044919802799559e-01
9.704855070173628029e-01
9.988039461729032453e-01
9.608967890944589696e-01
9.812933834275952005e-01
9.576337486812923627e-01
9.764345606151539902e-01
9.629828070244927929e-01
9.851017614224938379e-01
9.763667186721739499e-01
1.009091232766809565e+00
9.995440718864807561e-01
1.000706567588881990e+00
1.002588758514556755e+00
9.765580066845519491e-01
1.004486919560024560e+00
9.883757370476623505e-01
9.837853969195744508e-01
9.865233024900171843e-01
9.752717446553107461e-01
9.739840777226042023e-01
9.898000180617250177e-01
9.823786455406785523e-01
9.979259057463092386e-01
9.796587312157537530e-01
9.910076786042212316e-01
1.042588419810549061e+00
9.993125011778971611e-01
1.029267398695834723e+00
1.026136288960693310e+00
1.011000093958190238e+00
1.008600925539996807e+00
1.022991417444225837e+00
1.043678390795216071e+00
1.070736981981263769e+00
1.041007769707238184e+00
1.040086263902357588e+00
1.036877310489439097e+00
1.065714614290663498e+00
1.057253211014384409e+00
1.060349733458901378e+00
1.497488032995602847e+00
1.505866728918427544e+00
1.515540059525886551e+00
1.526870910130502246e+00
1.540470659370490880e+00
1.557534713962009931e+00
1.581188335075770723e+00
1.677479456859578555e+00
1.683204357422742437e+00
1.689823927918675528e+00
1.697472910508700084e+00
1.706340127421885899e+00
1.716702737435841675e+00
1.728995698249516488e+00
1.735379553490848048e+00
1.740215496741967183e+00
1.745874918657120078e+00
1.752457954613097835e+00
1.760100763937723523e+00
1.768994419048415034e+00
1.779419522295557110e+00
1.791816302788625803e+00
1.806948562900509980e+00
1.826386230874268879e+00
1.854748488218098457e+00
1.270578482379575602e+00
1.259962195566618481e+00
1.250812434368941517e+00
1.271251154402779804e+00
1.260535601400043948e+00
1.270055964188699704e+00
1.259516216743311823e+00
1.250424349248528966e+00
1.242458624746148210e+00
1.235408490633436607e+00
1.229127326440224044e+00
1.223508329641857184e+00
1.218471026795560297e+00
1.213953189864994453e+00
1.209905724591566312e+00
1.206289296545672407e+00
1.203072025197544859e+00
1.207006881080669114e+00
1.211607151899100066e+00
1.216733086197386182e+00
1.222449266169379101e+00
1.228839506178954100e+00
1.236015566984119074e+00
1.244131841159159979e+00
1.253411947960761497e+00
1.264201775706623287e+00
1.277090824410162195e+00
1.293256154124449164e+00
1.315926860531286602e+00
1.235131035804102106e+00
1.243127445543124709e+00
1.252256605792603894e+00
1.262845810148806924e+00
1.275445296443006304e+00
1.291128099173315391e+00
1.312683589658077965e+00
1.286518256591300702e+00
1.305988031458247933e+00
1.339571745900487443e+00
1.287367920684441502e+00
1.307193185095483434e+00
1.342657687773174402e+00
1.331067555268881542e+00
1.232411517964846936e+00
1.240046743016063768e+00
1.248725723636100016e+00
1.474319914870534598e+00
1.421086374880782932e+00
1.393661074533737443e+00
1.352335400873772908e+00
1.334301715239291530e+00
1.316020801956715225e+00
1.303540765167721105e+00
1.331676546668778105e+00
1.307630123460879812e+00
1.343865091576640802e+00
1.268982063149598716e+00
1.262731740277390102e+00
1.257150788799729080e+00
1.252159385737827701e+00
1.247695757847101961e+00
1.234161344965292617e+00
1.244390642718949280e+00
1.290850150475645108e+00
1.293817540534341504e+00
1.297206869717260957e+00
1.301048704909448350e+00
1.305380928449506595e+00
1.310250903029658298e+00
1.315718618775079118e+00
1.321861418645393638e+00
1.328781384364345231e+00
1.336617475832219126e+00
1.338804455980364905e+00
1.341295976161333003e+00
1.344204730013466298e+00
1.347555906541466841e+00
1.351380785778709015e+00
1.355718339051372290e+00
1.360617504784529253e+00
1.366140509575363371e+00
1.372367874919316444e+00
1.379406278432121269e+00
1.387401545098374989e+00
1.396561573288407354e+00
1.407200470722962393e+00
1.419834462470514591e+00
1.435432008725789244e+00
1.456310664734915106e+00
1.493938913667768320e+00
1.411361783648839019e+00
1.424885848233250707e+00
1.441936846748741896e+00
1.466024797582289096e+00
1.051505170211294304e+00
1.044479754410755579e+00
1.054629695812165702e+00
1.064452055901510485e+00
1.058331480459911100e+00
1.063744490838846479e+00
1.075503406026598885e+00
1.050454050655681426e+00
1.078766739558021159e+00
1.086030382059960386e+00
1.060608338469082090e+00
1.046668717754964950e+00
1.077472444229355508e+00
1.074764484558208721e+00
1.097697580186729027e+00
1.130107623368376446e+00
1.090075860271421782e+00
1.076300292085874855e+00
1.063377042209601830e+00
1.099132233726875629e+00
1.076341461469513705e+00
1.064155632023933373e+00
1.081131954338441004e+00
1.075275075824723370e+00
1.067507607050155682e+00
1.078823321310004468e+00
1.058753568029147551e+00
1.059538577258347436e+00
1.063472191342297091e+00
1.059947838352488736e+00
1.093692597536259692e+00
1.075056766897155125e+00
1.088537540171889306e+00
1.114203000216454242e+00
1.081160945002268559e+00
1.076684626418785706e+00
1.065317746089051054e+00
1.073345261389639926e+00
1.073822885288682638e+00
1.076728590580663392e+00
1.106300250523837514e+00
1.065874529096083156e+00
1.065694107730875695e+00
1.067431385384236986e+00
1.066366699864340628e+00
1.043915326576105196e+00
1.078519311131904024e+00
1.066984352517841295e+00
1.081765693221385272e+00
1.061206166030131071e+00
1.089309155454533107e+00
1.071735233297685497e+00
1.067967100007438885e+00
1.091561629189061522e+00
1.076734580360186211e+00
1.050625819624855017e+00
1.067894113087233698e+00
1.052975295449237292e+00
1.087687080888950497e+00
1.087446292502068479e+00
1.087591229687379979e+00
1.101397237193052714e+00
1.580684823562059638e+00
1.550620052148528494e+00
1.531183359735367011e+00
1.516225339735033817e+00
1.503970841565880345e+00
1.557613144035598696e+00
1.536192656723437411e+00
1.520202083432723006e+00
1.507277400197962969e+00
1.559829979273030798e+00
1.573119088747104710e+00
1.568408873216506905e+00
1.543403720820769376e+00
1.525787309369648570e+00
1.511864661868963511e+00
1.500310705795351085e+00
1.490466360883579533e+00
1.481946616702626951e+00
1.474503507697265681e+00
1.467966528944238958e+00
1.462212867136620797e+00
1.457151008023107819e+00
1.452711034409856383e+00
1.448838556705045688e+00
1.445490747382347507e+00
1.442633660079668090e+00
1.440240368946629657e+00
1.438289652792763107e+00
1.435616084249763169e+00
1.432899211365376235e+00
1.431872178878854873e+00
1.434391952875614828e+00
1.437377658443271811e+00
1.440857728906624891e+00
1.444867948211717046e+00
1.449453465248638828e+00
1.454671710482543290e+00
1.460596739733883043e+00
1.467325941950297752e+00
1.474990884533976310e+00
1.483775909926273506e+00
1.493952574843833148e+00
1.505950482376783528e+00
1.520526935213663666e+00
1.539287154698167903e+00
1.567358370392810896e+00
1.561708589563889138e+00
1.516000088402883694e+00
1.533292178188135013e+00
1.557561744957294492e+00
1.501240706125487101e+00
1.514735850633859515e+00
1.531649018167273280e+00
1.555052084275210467e+00
1.547368343945180413e+00
1.583558336657165500e+00
1.583014907675555083e+00
1.245327262338026042e+00
1.307676115345992374e+00
1.280393279636085291e+00
1.262603033887780501e+00
1.311211829303088994e+00
1.311060255199866909e+00
1.326843223681559492e+00
1.327576651147353903e+00
1.288906308060521644e+00
1.268695224034373847e+00
1.253668000955307171e+00
1.241485478256222352e+00
1.231193876291985623e+00
1.222290743616783804e+00
1.214472397881908750e+00
1.217453469781474062e+00
1.226733991436770088e+00
1.237526503665475897e+00
1.250432412704396423e+00
1.266665921259577665e+00
1.289646653397722886e+00
1.319588220743842299e+00
1.324972552829759787e+00
1.331024741021184177e+00
1.337843401314382064e+00
1.345562189327774050e+00
1.354369557719407258e+00
1.364545969981413309e+00
1.376542291150009145e+00
1.391174520570712891e+00
1.410260981477666320e+00
1.440554245948477918e+00
1.459193780186282430e+00
1.482793412887012829e+00
1.590172513848394420e+00
1.622886964037775659e+00
1.165717280701913383e+00
1.165254667224971508e+00
1.165240365931210498e+00
1.022633708188512625e+00
9.999734125319880151e-01
9.901749510124572273e-01
1.002177381578142290e+00
9.865219327947317707e-01
1.019684472041465950e+00
9.864406753909880088e-01
1.020170002478069993e+00
1.004567409324641281e+00
1.004962984452110852e+00
1.018487521256395079e+00
9.959921591244433881e-01
9.852936032110948261e-01
1.000481462864564852e+00
9.866136255847376413e-01
9.907519791294537859e-01
1.012728571805386446e+00
1.001955462961709564e+00
1.003980168427127895e+00
1.015037789962426107e+00
9.985089809067352329e-01
1.010935166049782508e+00
1.015936883529791501e+00
1.015628171955037518e+00
9.981898344215659469e-01
1.004599283291929268e+00
1.026265571959629641e+00
9.986430932917209624e-01
9.796904594251312215e-01
9.865069644085310285e-01
1.011005814376324974e+00
9.801863607955664248e-01
9.940947200313642318e-01
1.001700935984622953e+00
9.981713438061408095e-01
9.987592962365657856e-01
9.908132232114703619e-01
9.910655492491019514e-01
9.972991832129449730e-01
9.797401841082473695e-01
9.872918383488026306e-01
1.003978762834365934e+00
9.788733721012268241e-01
9.921710025043671832e-01
9.911738505569306357e-01
9.649757656088487900e-01
9.939949249653764474e-01
9.780766604059140112e-01
9.784288170890259595e-01
9.971792738779428067e-01
1.020771237225627015e+00
9.188063558872635594e-01
9.550462618357411504e-01
9.552429093797848436e-01
9.511791527242819955e-01
9.270192186159748049e-01
9.235491388820944447e-01
9.296536466045095537e-01
9.511676434217996023e-01
8.960652606211096938e-01
9.514392940607058202e-01
9.241297444289892082e-01
9.097103336921503747e-01
9.281419259978236358e-01
9.087550338483711965e-01
9.554799229646899761e-01
8.853217453904063117e-01
8.831548603343239989e-01
9.482100282837687688e-01
9.347255564881924439e-01
9.495411323150687588e-01
9.342305145940947853e-01
9.289168235772915505e-01
9.569487676414240029e-01
9.326519564906048387e-01
9.573843886831887584e-01
9.198834159519023723e-01
9.309642109411772060e-01
9.261713386955173766e-01
9.482996197122379733e-01
9.361793302566375763e-01
9.125084676107472204e-01
8.971646989562112040e-01
9.263955515559380016e-01
9.068707496521112299e-01
9.448212911372515510e-01
9.387656723143299464e-01
9.005511211124230808e-01
9.249534751178482006e-01
9.061110630800135457e-01
9.455331580137408265e-01
9.174673732407435667e-01
9.010258459336015768e-01
9.301702292074282008e-01
9.095368588716189473e-01
9.581906427886588418e-01
9.216248501105231972e-01
9.073710794442215732e-01
9.341389523826604258e-01
9.119452773972491766e-01
9.373709162426031583e-01
9.673967459529445589e-01
9.483515833092963643e-01
9.366115728334751811e-01
9.283081265739462351e-01
9.355019453038243560e-01
9.453529060697077879e-01
9.592250205308684441e-01
9.377777827540667577e-01
9.134834825936312130e-01
8.979911330819178028e-01
8.859642524946490516e-01
8.759733680055566962e-01
8.673743580673880516e-01
8.633755024313392035e-01
1.143522605586634988e+00
1.117263427191405700e+00
1.100342684495219991e+00
1.087229020228012821e+00
1.076373710364386449e+00
1.067073685392124993e+00
1.058938087832469677e+00
1.051722716824741388e+00
1.045262835784429356e+00
1.039441109932170315e+00
1.034170521838447820e+00
1.029384502900509091e+00
1.025030869540324296e+00
1.021067910457663430e+00
1.017461759734298754e+00
1.014184574532477123e+00
1.011213235884651285e+00
1.008528400833924366e+00
9.111411953392874352e+00
1.687646106956091430e+01
3.077584830648926406e+00
