-1.233012477386578463e-11
-1.399999999622666857e+00
1.024022093909515013e-01
1.025676080338522034e-01
1.027390286282369031e-01
1.029165386149342998e-01
1.031002084109903932e-01
1.032901115039584067e-01
1.034863245516724067e-01
1.036889274878181055e-01
1.038980036336449031e-01
1.041136398161850996e-01
1.043359264933783059e-01
1.045649578865280038e-01
1.048008321205533971e-01
1.050436513725355042e-01
1.052935220290971974e-01
1.055505548532024024e-01
1.058148651610061053e-01
1.060865730094412984e-01
1.063658033952872978e-01
1.066526864665261060e-01
1.069473577468647019e-01
1.072034234851950985e-01
1.072512048043156030e-01
1.073042225338065037e-01
1.073629024345433974e-01
1.074272660117013972e-01
1.074973369200862006e-01
1.075637865707366053e-01
1.076247000534946013e-01
1.076913227788938998e-01
1.077636792927753051e-01
1.078417963384875056e-01
1.079257028881913938e-01
1.080154301769720993e-01
1.080984179958442981e-01
1.081801060298046985e-01
1.082676224965676975e-01
1.083610001036346970e-01
1.084602738936736033e-01
1.085654812865784052e-01
1.086766621247168968e-01
1.087807645419773955e-01
1.088814851340066947e-01
1.089881761653329062e-01
1.090919251792142053e-01
1.091903478968112018e-01
1.092947501555392026e-01
1.094051716156517057e-01
1.095216544298121958e-01
1.096442432950641976e-01
1.097729855084196016e-01
1.098939623599042015e-01
1.100138695068264005e-01
1.101399380875140999e-01
1.102722169963998022e-01
1.104107578387872046e-01
1.105556149967598933e-01
1.106700897201108036e-01
1.107712550628145026e-01
1.108785243996611020e-01
1.109919388882752989e-01
1.111115422618630943e-01
1.112373808838368061e-01
1.113695038062404025e-01
1.115079628321399008e-01
1.116528125821571044e-01
1.118041105653423961e-01
1.119584280294203954e-01
1.121046473435756002e-01
1.122573562566955008e-01
1.124166160097754968e-01
1.125824909222934017e-01
1.127550484788889945e-01
1.129343594214135965e-01
1.131204978466403971e-01
1.133135413099483069e-01
1.135135709353144035e-01
1.137206715319800943e-01
1.139343940966615065e-01
1.141391340678420963e-01
1.143510359106388041e-01
1.145701910291789943e-01
1.147966948790715980e-01
1.150306471126932018e-01
1.152721517333178958e-01
1.155213172586596060e-01
1.157782568944429047e-01
1.160430887186670035e-01
1.163159358772898055e-01
1.165969267921139058e-01
1.168861953817292992e-01
1.171838812964409032e-01
1.174901301681887944e-01
1.178050938765627942e-01
1.181289308321103043e-01
1.184369869625244015e-01
1.187414593098718024e-01
1.190546936215608059e-01
1.193768473442275990e-01
1.197080847371579937e-01
1.200485771912641053e-01
1.203985035694367933e-01
1.207580505699639012e-01
1.211274131148708938e-01
1.215067947652180985e-01
1.218964081655920934e-01
1.222964755202567005e-01
1.227072291036768042e-01
1.231289118084149953e-01
1.235617777337136014e-01
1.240060928184309047e-01
1.012962482445323997e-01
1.012369632023757959e-01
1.011829268166589968e-01
1.011341199838976940e-01
1.010905254913438966e-01
1.010521279980658993e-01
1.010189140181489975e-01
1.009908719059749993e-01
1.009679918435490986e-01
1.009502658298404021e-01
1.009376876721143068e-01
1.009302529792339004e-01
1.009279591569167966e-01
1.009308054049344039e-01
1.009387927162487958e-01
1.009519238780841044e-01
1.009702034749350025e-01
1.009936378935201995e-01
1.010222353296910958e-01
1.010560057973129006e-01
1.010949611391387948e-01
1.011391150397022987e-01
1.011884830402584035e-01
1.012430825558096048e-01
1.013029328942561952e-01
1.013680552777175975e-01
1.014384728660753937e-01
1.015142107827960993e-01
1.015952961430953982e-01
1.016817580845141983e-01
1.017736277999817945e-01
1.018709385734490047e-01
1.019737258181808021e-01
1.020820271178070060e-01
1.021958822702357939e-01
1.023153333345445948e-01
1.024404246809725028e-01
1.025712030441462003e-01
1.027077175796841935e-01
1.028500199243330970e-01
1.029981642598031960e-01
1.031522073804820999e-01
1.033122087652194043e-01
1.034782306533904017e-01
1.036503381254612055e-01
1.411823594413358085e-01
1.416398006915279006e-01
1.421102062548882106e-01
1.425938840432149912e-01
1.430911571274449956e-01
1.436023646530033004e-01
1.441278628303306886e-01
1.446680260081379954e-01
1.452232478378517877e-01
1.457939425387662080e-01
1.463805462746141928e-01
1.469835186536475879e-01
1.476033443659071076e-01
1.482405349731832911e-01
1.488956308693031028e-01
1.495692034308223062e-01
1.502618573810793889e-01
1.509742333939098069e-01
1.517070109672389866e-01
1.524609116013924126e-01
1.532367023223986102e-01
1.540351995970198895e-01
1.548572736939126948e-01
1.557038535544885971e-01
1.565759322480410887e-01
1.574745730989469961e-01
1.584009165897979077e-01
1.593561881638314026e-01
1.603417070739122929e-01
1.613588964546902038e-01
1.624092948309127094e-01
1.634945693201456107e-01
1.646165308448984121e-01
1.657771517408070105e-01
1.669785862386602981e-01
1.682231944149246983e-01
1.695135703565665009e-01
1.708525754832694032e-01
1.722433782302388028e-01
1.736895016413370074e-01
1.751948808894250031e-01
1.767639333783332101e-01
1.784016449629839962e-01
1.801136770629153949e-01
1.816635126684179868e-01
1.821398993257568877e-01
1.826324924058073951e-01
1.831416417749850978e-01
1.836677159191263953e-01
0.000000000000000000e+00
0.000000000000000000e+00
0.000000000000000000e+00
0.000000000000000000e+00
0.000000000000000000e+00
0.000000000000000000e+00
0.000000000000000000e+00
0.000000000000000000e+00
0.000000000000000000e+00
0.000000000000000000e+00
0.000000000000000000e+00
0.000000000000000000e+00
0.000000000000000000e+00
0.000000000000000000e+00
0.000000000000000000e+00
0.000000000000000000e+00
0.000000000000000000e+00
0.000000000000000000e+00
0.000000000000000000e+00
0.000000000000000000e+00
0.000000000000000000e+00
0.000000000000000000e+00
0.000000000000000000e+00
0.000000000000000000e+00
0.000000000000000000e+00
0.000000000000000000e+00
0.000000000000000000e+00
0.000000000000000000e+00
0.000000000000000000e+00
0.000000000000000000e+00
0.000000000000000000e+00
0.000000000000000000e+00
0.000000000000000000e+00
1.725252683380956997e-01
1.712591213071343876e-01
1.700371592118880004e-01
1.688569581178022971e-01
1.677163066781766076e-01
1.666131812654360056e-01
1.655457247233380058e-01
1.645122281160487088e-01
1.635111149733050884e-01
1.625409276268758030e-01
1.616003153089103916e-01
1.606880237423901903e-01
1.598028860014016894e-01
1.589438144570675948e-01
1.581097936557276928e-01
1.572998740009466101e-01
1.565131661313275968e-01
1.557488359028603997e-01
1.550060998983575911e-01
1.542842213979938870e-01
1.535825067545142919e-01
1.529003021246632121e-01
1.522369905151005898e-01
1.515919891067327996e-01
1.509647468261773873e-01
1.503547421371581871e-01
1.497614810280958886e-01
1.491844951751349901e-01
1.486233402623982902e-01
1.480775944434528091e-01
1.475468569298719057e-01
1.470307466944172914e-01
1.465289012777896971e-01
1.460409756891425936e-01
1.455666413916301971e-01
1.451055853652133965e-01
1.446575092397777984e-01
1.442221284923456970e-01
1.437991717028110072e-01
1.433883798631916118e-01
1.429895057358971933e-01
1.426023132569566865e-01
1.422265769805425017e-01
1.418620815614844988e-01
1.415086212727771076e-01
1.411659995553637970e-01
1.408340285977371098e-01
1.405125289431098934e-01
1.402013291221244906e-01
1.399002653092386028e-01
1.396091810010954004e-01
1.393279267153322010e-01
1.390563597084119030e-01
1.387943437111849865e-01
1.385417486809966958e-01
1.382984505692539112e-01
1.380643311034553955e-01
1.378392775827722017e-01
1.376231826863358876e-01
1.374159442934667907e-01
1.372174653151274071e-01
1.370276535359538084e-01
1.368464214662591938e-01
1.366736862034599875e-01
1.365093693024151955e-01
1.363533966542088138e-01
1.362056983729476867e-01
1.360662086901756884e-01
1.359348658565416035e-01
1.358116120503863877e-01
1.356963932929415029e-01
1.355891593698602127e-01
1.354898637588212995e-01
1.353984635629741085e-01
1.353149194500105901e-01
1.352391955966693038e-01
1.351712596385012122e-01
1.351110826247362007e-01
1.350586389781145980e-01
1.350139064595574090e-01
1.349768661375700118e-01
1.349475023622843939e-01
1.349258027440639884e-01
1.349117581366036933e-01
1.349053626244771098e-01
1.349066135150935042e-01
1.349155113350379021e-01
1.349320598307877095e-01
1.349562659738033910e-01
1.349881399700119944e-01
1.349061537299628133e-01
1.343273447817369959e-01
1.337589987940097924e-01
1.332055553824547933e-01
1.326665983863256071e-01
1.321417323401981037e-01
1.316305811755008881e-01
1.311327870265286133e-01
1.304856168655534054e-01
1.297745358169110907e-01
1.290826785259684972e-01
1.284093672909688011e-01
1.277539637398719119e-01
1.271158658356291993e-01
1.264945051689944922e-01
1.258893445059287020e-01
1.252998755610262027e-01
1.247256169721008973e-01
1.241661124542439015e-01
1.236209291143712946e-01
1.230896559096112952e-01
1.225719022348828041e-01
1.220672966267519061e-01
1.215754855721461053e-01
1.210961324118178944e-01
1.206289163295733990e-01
1.201735314192776960e-01
1.197296858225142951e-01
1.192971009305330010e-01
1.188755106447901000e-01
1.184646606909744992e-01
1.180643079819299057e-01
1.176742200253445003e-01
1.172941743724871949e-01
1.169239581046299936e-01
1.165633673541189019e-01
1.162122068573420985e-01
1.158702895371016006e-01
1.155374361121210974e-01
1.152134747316310021e-01
1.148982406331541944e-01
1.145915758217829067e-01
1.142933287693827932e-01
1.140033541323000055e-01
1.137215124862647059e-01
1.134476700772936997e-01
1.131816985874975062e-01
1.129234749147837030e-01
1.126728809655320046e-01
1.124298034593903955e-01
1.121941337454101933e-01
1.119657676287961062e-01
1.117446052076088991e-01
1.115305507188053963e-01
1.113235123930480935e-01
1.111234023177630065e-01
1.109301363079575053e-01
1.107436337843547003e-01
1.105638176584247956e-01
1.103906142239318988e-01
1.102239530546396951e-01
1.100637669078448067e-01
1.099099916334331933e-01
1.097625660881749038e-01
1.096214320549938059e-01
1.094865341669691017e-01
1.093578198358409054e-01
1.092352391848109006e-01
1.091187449854434943e-01
1.090082925984852957e-01
1.089038399184392991e-01
1.088053473217362038e-01
1.087127776183614003e-01
1.086260960068065051e-01
1.085452700322226960e-01
1.084702695476651019e-01
1.084010666783260940e-01
1.083376357886625951e-01
1.082799534523340990e-01
1.082279984248707000e-01
1.081817516190057976e-01
1.081411960826059032e-01
1.081063169791456058e-01
1.080771015706764038e-01
1.080535392032477005e-01
1.080356212947442968e-01
1.080233413251075053e-01
1.080166948289204981e-01
1.080156793903336021e-01
0.000000000000000000e+00
0.000000000000000000e+00
0.000000000000000000e+00
0.000000000000000000e+00
0.000000000000000000e+00
0.000000000000000000e+00
0.000000000000000000e+00
0.000000000000000000e+00
0.000000000000000000e+00
0.000000000000000000e+00
0.000000000000000000e+00
0.000000000000000000e+00
0.000000000000000000e+00
0.000000000000000000e+00
0.000000000000000000e+00
0.000000000000000000e+00
0.000000000000000000e+00
0.000000000000000000e+00
0.000000000000000000e+00
0.000000000000000000e+00
0.000000000000000000e+00
0.000000000000000000e+00
0.000000000000000000e+00
0.000000000000000000e+00
0.000000000000000000e+00
0.000000000000000000e+00
0.000000000000000000e+00
0.000000000000000000e+00
0.000000000000000000e+00
0.000000000000000000e+00
0.000000000000000000e+00
0.000000000000000000e+00
0.000000000000000000e+00
0.000000000000000000e+00
0.000000000000000000e+00
0.000000000000000000e+00
0.000000000000000000e+00
0.000000000000000000e+00
0.000000000000000000e+00
0.000000000000000000e+00
0.000000000000000000e+00
0.000000000000000000e+00
0.000000000000000000e+00
0.000000000000000000e+00
0.000000000000000000e+00
0.000000000000000000e+00
0.000000000000000000e+00
0.000000000000000000e+00
0.000000000000000000e+00
0.000000000000000000e+00
0.000000000000000000e+00
0.000000000000000000e+00
0.000000000000000000e+00
0.000000000000000000e+00
0.000000000000000000e+00
0.000000000000000000e+00
0.000000000000000000e+00
0.000000000000000000e+00
0.000000000000000000e+00
0.000000000000000000e+00
0.000000000000000000e+00
0.000000000000000000e+00
0.000000000000000000e+00
0.000000000000000000e+00
0.000000000000000000e+00
0.000000000000000000e+00
0.000000000000000000e+00
0.000000000000000000e+00
0.000000000000000000e+00
0.000000000000000000e+00
0.000000000000000000e+00
0.000000000000000000e+00
0.000000000000000000e+00
0.000000000000000000e+00
0.000000000000000000e+00
0.000000000000000000e+00
0.000000000000000000e+00
0.000000000000000000e+00
0.000000000000000000e+00
0.000000000000000000e+00
0.000000000000000000e+00
0.000000000000000000e+00
0.000000000000000000e+00
0.000000000000000000e+00
0.000000000000000000e+00
0.000000000000000000e+00
0.000000000000000000e+00
0.000000000000000000e+00
0.000000000000000000e+00
0.000000000000000000e+00
0.000000000000000000e+00
0.000000000000000000e+00
0.000000000000000000e+00
0.000000000000000000e+00
0.000000000000000000e+00
0.000000000000000000e+00
0.000000000000000000e+00
0.000000000000000000e+00
0.000000000000000000e+00
0.000000000000000000e+00
0.000000000000000000e+00
0.000000000000000000e+00
0.000000000000000000e+00
0.000000000000000000e+00
0.000000000000000000e+00
0.000000000000000000e+00
0.000000000000000000e+00
0.000000000000000000e+00
0.000000000000000000e+00
0.000000000000000000e+00
0.000000000000000000e+00
0.000000000000000000e+00
0.000000000000000000e+00
0.000000000000000000e+00
0.000000000000000000e+00
0.000000000000000000e+00
0.000000000000000000e+00
0.000000000000000000e+00
0.000000000000000000e+00
0.000000000000000000e+00
0.000000000000000000e+00
0.000000000000000000e+00
0.000000000000000000e+00
0.000000000000000000e+00
0.000000000000000000e+00
0.000000000000000000e+00
0.000000000000000000e+00
0.000000000000000000e+00
0.000000000000000000e+00
0.000000000000000000e+00
0.000000000000000000e+00
0.000000000000000000e+00
0.000000000000000000e+00
0.000000000000000000e+00
0.000000000000000000e+00
0.000000000000000000e+00
0.000000000000000000e+00
0.000000000000000000e+00
0.000000000000000000e+00
0.000000000000000000e+00
0.000000000000000000e+00
0.000000000000000000e+00
0.000000000000000000e+00
0.000000000000000000e+00
0.000000000000000000e+00
0.000000000000000000e+00
0.000000000000000000e+00
0.000000000000000000e+00
0.000000000000000000e+00
0.000000000000000000e+00
0.000000000000000000e+00
0.000000000000000000e+00
0.000000000000000000e+00
0.000000000000000000e+00
0.000000000000000000e+00
0.000000000000000000e+00
0.000000000000000000e+00
0.000000000000000000e+00
0.000000000000000000e+00
0.000000000000000000e+00
0.000000000000000000e+00
0.000000000000000000e+00
0.000000000000000000e+00
0.000000000000000000e+00
0.000000000000000000e+00
0.000000000000000000e+00
0.000000000000000000e+00
0.000000000000000000e+00
0.000000000000000000e+00
0.000000000000000000e+00
0.000000000000000000e+00
0.000000000000000000e+00
0.000000000000000000e+00
0.000000000000000000e+00
0.000000000000000000e+00
0.000000000000000000e+00
0.000000000000000000e+00
0.000000000000000000e+00
0.000000000000000000e+00
0.000000000000000000e+00
0.000000000000000000e+00
0.000000000000000000e+00
0.000000000000000000e+00
0.000000000000000000e+00
0.000000000000000000e+00
0.000000000000000000e+00
0.000000000000000000e+00
0.000000000000000000e+00
0.000000000000000000e+00
0.000000000000000000e+00
0.000000000000000000e+00
0.000000000000000000e+00
0.000000000000000000e+00
0.000000000000000000e+00
0.000000000000000000e+00
0.000000000000000000e+00
0.000000000000000000e+00
0.000000000000000000e+00
0.000000000000000000e+00
0.000000000000000000e+00
0.000000000000000000e+00
0.000000000000000000e+00
0.000000000000000000e+00
0.000000000000000000e+00
0.000000000000000000e+00
0.000000000000000000e+00
0.000000000000000000e+00
0.000000000000000000e+00
0.000000000000000000e+00
0.000000000000000000e+00
0.000000000000000000e+00
0.000000000000000000e+00
0.000000000000000000e+00
0.000000000000000000e+00
0.000000000000000000e+00
0.000000000000000000e+00
0.000000000000000000e+00
0.000000000000000000e+00
0.000000000000000000e+00
0.000000000000000000e+00
0.000000000000000000e+00
0.000000000000000000e+00
0.000000000000000000e+00
0.000000000000000000e+00
0.000000000000000000e+00
0.000000000000000000e+00
0.000000000000000000e+00
0.000000000000000000e+00
0.000000000000000000e+00
0.000000000000000000e+00
0.000000000000000000e+00
0.000000000000000000e+00
0.000000000000000000e+00
0.000000000000000000e+00
0.000000000000000000e+00
0.000000000000000000e+00
0.000000000000000000e+00
0.000000000000000000e+00
0.000000000000000000e+00
0.000000000000000000e+00
0.000000000000000000e+00
0.000000000000000000e+00
0.000000000000000000e+00
0.000000000000000000e+00
0.000000000000000000e+00
0.000000000000000000e+00
0.000000000000000000e+00
0.000000000000000000e+00
0.000000000000000000e+00
0.000000000000000000e+00
0.000000000000000000e+00
0.000000000000000000e+00
0.000000000000000000e+00
0.000000000000000000e+00
0.000000000000000000e+00
0.000000000000000000e+00
0.000000000000000000e+00
0.000000000000000000e+00
0.000000000000000000e+00
0.000000000000000000e+00
0.000000000000000000e+00
0.000000000000000000e+00
0.000000000000000000e+00
0.000000000000000000e+00
0.000000000000000000e+00
0.000000000000000000e+00
0.000000000000000000e+00
0.000000000000000000e+00
0.000000000000000000e+00
0.000000000000000000e+00
0.000000000000000000e+00
0.000000000000000000e+00
0.000000000000000000e+00
0.000000000000000000e+00
0.000000000000000000e+00
0.000000000000000000e+00
0.000000000000000000e+00
0.000000000000000000e+00
0.000000000000000000e+00
0.000000000000000000e+00
0.000000000000000000e+00
0.000000000000000000e+00
0.000000000000000000e+00
0.000000000000000000e+00
0.000000000000000000e+00
0.000000000000000000e+00
0.000000000000000000e+00
0.000000000000000000e+00
0.000000000000000000e+00
0.000000000000000000e+00
0.000000000000000000e+00
0.000000000000000000e+00
0.000000000000000000e+00
0.000000000000000000e+00
0.000000000000000000e+00
0.000000000000000000e+00
0.000000000000000000e+00
0.000000000000000000e+00
0.000000000000000000e+00
0.000000000000000000e+00
0.000000000000000000e+00
0.000000000000000000e+00
0.000000000000000000e+00
0.000000000000000000e+00
0.000000000000000000e+00
0.000000000000000000e+00
0.000000000000000000e+00
0.000000000000000000e+00
0.000000000000000000e+00
0.000000000000000000e+00
0.000000000000000000e+00
0.000000000000000000e+00
0.000000000000000000e+00
0.000000000000000000e+00
0.000000000000000000e+00
0.000000000000000000e+00
0.000000000000000000e+00
0.000000000000000000e+00
0.000000000000000000e+00
0.000000000000000000e+00
0.000000000000000000e+00
0.000000000000000000e+00
0.000000000000000000e+00
0.000000000000000000e+00
0.000000000000000000e+00
0.000000000000000000e+00
0.000000000000000000e+00
0.000000000000000000e+00
0.000000000000000000e+00
0.000000000000000000e+00
0.000000000000000000e+00
0.000000000000000000e+00
0.000000000000000000e+00
0.000000000000000000e+00
0.000000000000000000e+00
0.000000000000000000e+00
0.000000000000000000e+00
0.000000000000000000e+00
0.000000000000000000e+00
0.000000000000000000e+00
0.000000000000000000e+00
0.000000000000000000e+00
0.000000000000000000e+00
0.000000000000000000e+00
0.000000000000000000e+00
0.000000000000000000e+00
0.000000000000000000e+00
0.000000000000000000e+00
0.000000000000000000e+00
0.000000000000000000e+00
0.000000000000000000e+00
0.000000000000000000e+00
0.000000000000000000e+00
0.000000000000000000e+00
0.000000000000000000e+00
0.000000000000000000e+00
0.000000000000000000e+00
0.000000000000000000e+00
0.000000000000000000e+00
0.000000000000000000e+00
0.000000000000000000e+00
0.000000000000000000e+00
0.000000000000000000e+00
0.000000000000000000e+00
0.000000000000000000e+00
0.000000000000000000e+00
0.000000000000000000e+00
0.000000000000000000e+00
0.000000000000000000e+00
0.000000000000000000e+00
0.000000000000000000e+00
0.000000000000000000e+00
0.000000000000000000e+00
0.000000000000000000e+00
0.000000000000000000e+00
0.000000000000000000e+00
0.000000000000000000e+00
0.000000000000000000e+00
0.000000000000000000e+00
0.000000000000000000e+00
0.000000000000000000e+00
0.000000000000000000e+00
0.000000000000000000e+00
0.000000000000000000e+00
0.000000000000000000e+00
0.000000000000000000e+00
0.000000000000000000e+00
0.000000000000000000e+00
0.000000000000000000e+00
0.000000000000000000e+00
0.000000000000000000e+00
0.000000000000000000e+00
0.000000000000000000e+00
0.000000000000000000e+00
0.000000000000000000e+00
0.000000000000000000e+00
0.000000000000000000e+00
0.000000000000000000e+00
0.000000000000000000e+00
0.000000000000000000e+00
0.000000000000000000e+00
0.000000000000000000e+00
0.000000000000000000e+00
0.000000000000000000e+00
0.000000000000000000e+00
0.000000000000000000e+00
0.000000000000000000e+00
0.000000000000000000e+00
0.000000000000000000e+00
0.000000000000000000e+00
0.000000000000000000e+00
0.000000000000000000e+00
0.000000000000000000e+00
0.000000000000000000e+00
0.000000000000000000e+00
0.000000000000000000e+00
0.000000000000000000e+00
0.000000000000000000e+00
0.000000000000000000e+00
0.000000000000000000e+00
0.000000000000000000e+00
0.000000000000000000e+00
0.000000000000000000e+00
0.000000000000000000e+00
0.000000000000000000e+00
0.000000000000000000e+00
0.000000000000000000e+00
0.000000000000000000e+00
0.000000000000000000e+00
0.000000000000000000e+00
0.000000000000000000e+00
0.000000000000000000e+00
0.000000000000000000e+00
0.000000000000000000e+00
0.000000000000000000e+00
0.000000000000000000e+00
0.000000000000000000e+00
0.000000000000000000e+00
0.000000000000000000e+00
0.000000000000000000e+00
0.000000000000000000e+00
0.000000000000000000e+00
0.000000000000000000e+00
0.000000000000000000e+00
0.000000000000000000e+00
0.000000000000000000e+00
0.000000000000000000e+00
0.000000000000000000e+00
0.000000000000000000e+00
0.000000000000000000e+00
0.000000000000000000e+00
0.000000000000000000e+00
0.000000000000000000e+00
0.000000000000000000e+00
0.000000000000000000e+00
0.000000000000000000e+00
0.000000000000000000e+00
0.000000000000000000e+00
0.000000000000000000e+00
0.000000000000000000e+00
0.000000000000000000e+00
0.000000000000000000e+00
0.000000000000000000e+00
0.000000000000000000e+00
0.000000000000000000e+00
0.000000000000000000e+00
0.000000000000000000e+00
0.000000000000000000e+00
0.000000000000000000e+00
0.000000000000000000e+00
0.000000000000000000e+00
0.000000000000000000e+00
0.000000000000000000e+00
0.000000000000000000e+00
0.000000000000000000e+00
0.000000000000000000e+00
0.000000000000000000e+00
0.000000000000000000e+00
0.000000000000000000e+00
0.000000000000000000e+00
0.000000000000000000e+00
0.000000000000000000e+00
0.000000000000000000e+00
0.000000000000000000e+00
0.000000000000000000e+00
0.000000000000000000e+00
0.000000000000000000e+00
0.000000000000000000e+00
0.000000000000000000e+00
0.000000000000000000e+00
0.000000000000000000e+00
0.000000000000000000e+00
0.000000000000000000e+00
0.000000000000000000e+00
0.000000000000000000e+00
0.000000000000000000e+00
0.000000000000000000e+00
0.000000000000000000e+00
0.000000000000000000e+00
0.000000000000000000e+00
0.000000000000000000e+00
0.000000000000000000e+00
0.000000000000000000e+00
0.000000000000000000e+00
0.000000000000000000e+00
0.000000000000000000e+00
0.000000000000000000e+00
0.000000000000000000e+00
0.000000000000000000e+00
0.000000000000000000e+00
0.000000000000000000e+00
0.000000000000000000e+00
0.000000000000000000e+00
0.000000000000000000e+00
0.000000000000000000e+00
0.000000000000000000e+00
0.000000000000000000e+00
0.000000000000000000e+00
0.000000000000000000e+00
0.000000000000000000e+00
0.000000000000000000e+00
0.000000000000000000e+00
0.000000000000000000e+00
0.000000000000000000e+00
0.000000000000000000e+00
0.000000000000000000e+00
0.000000000000000000e+00
0.000000000000000000e+00
0.000000000000000000e+00
0.000000000000000000e+00
0.000000000000000000e+00
0.000000000000000000e+00
0.000000000000000000e+00
0.000000000000000000e+00
0.000000000000000000e+00
0.000000000000000000e+00
0.000000000000000000e+00
0.000000000000000000e+00
0.000000000000000000e+00
0.000000000000000000e+00
0.000000000000000000e+00
0.000000000000000000e+00
0.000000000000000000e+00
0.000000000000000000e+00
0.000000000000000000e+00
0.000000000000000000e+00
0.000000000000000000e+00
0.000000000000000000e+00
0.000000000000000000e+00
0.000000000000000000e+00
0.000000000000000000e+00
0.000000000000000000e+00
0.000000000000000000e+00
0.000000000000000000e+00
0.000000000000000000e+00
0.000000000000000000e+00
0.000000000000000000e+00
0.000000000000000000e+00
0.000000000000000000e+00
0.000000000000000000e+00
0.000000000000000000e+00
0.000000000000000000e+00
0.000000000000000000e+00
0.000000000000000000e+00
0.000000000000000000e+00
0.000000000000000000e+00
0.000000000000000000e+00
0.000000000000000000e+00
0.000000000000000000e+00
0.000000000000000000e+00
0.000000000000000000e+00
0.000000000000000000e+00
0.000000000000000000e+00
0.000000000000000000e+00
0.000000000000000000e+00
0.000000000000000000e+00
0.000000000000000000e+00
0.000000000000000000e+00
0.000000000000000000e+00
0.000000000000000000e+00
0.000000000000000000e+00
0.000000000000000000e+00
0.000000000000000000e+00
1.004367823330126058e-01
1.004890987770332977e-01
1.005466081544222068e-01
1.006093307492243044e-01
1.006140573489228973e-01
1.006047280238670932e-01
1.006005180566526963e-01
1.006014259813030054e-01
1.006074521139467964e-01
1.006185985531584948e-01
1.006348691822178953e-01
1.006562696732933998e-01
1.006561041722628946e-01
1.006374379593057006e-01
1.006238991685338979e-01
1.006154830815868956e-01
1.006121867669273057e-01
1.006140090766834971e-01
1.006209506454138064e-01
1.006330138907901017e-01
1.006502030162007982e-01
1.006725240152810952e-01
1.006999846783799002e-01
1.007325946009794970e-01
1.007703651940858036e-01
1.008133096966161019e-01
1.008614431898114949e-01
1.009147826137084952e-01
1.009733467857096001e-01
1.010371564212959039e-01
1.010052258759499971e-01
1.009055890580953935e-01
1.008113479964364012e-01
1.007224686430600036e-01
1.006389190265662009e-01
1.005606692156389009e-01
1.004876912851758036e-01
1.004199592848941947e-01
1.003574492103324056e-01
1.003001389761783990e-01
1.002480083918586007e-01
1.002010391393294009e-01
1.001592147530172006e-01
1.001225206018585001e-01
1.000909438734001039e-01
1.000644735599180019e-01
1.000431004465260065e-01
1.000268171012437951e-01
1.000156178670029983e-01
1.000094988555703945e-01
1.000084579433770937e-01
1.000124947692419969e-01
1.000216107339842037e-01
1.000358090019250051e-01
1.000550945042810030e-01
1.000794739444584996e-01
1.001089558052585954e-01
1.001435503580125064e-01
1.001832696736666001e-01
1.002281276358434059e-01
1.002781399559103948e-01
1.003333241900895012e-01
1.003936997586512003e-01
1.004592879672356054e-01
1.005301120303537937e-01
1.006061970971252051e-01
1.006875702793137983e-01
1.007742606817304959e-01
1.008662994350789932e-01
1.009637197313248969e-01
1.010665568616767040e-01
1.011748482572767949e-01
1.012886335327053966e-01
1.014079545324095000e-01
1.015328553801799066e-01
1.016633825318069978e-01
1.017995848310556950e-01
1.019415135691128932e-01
1.020892225476704024e-01
1.022427681458202009e-01
-8.751080264459003999e+00
-8.169898293742114959e+00
-3.140414146831225661e+00
