-1.233012477386578463e-11
-1.399999999622666857e+00
2.000142105318281904e-01
2.000342473536713128e-01
2.000644493766813026e-01
2.000666118442193941e-01
2.000692917488250955e-01
2.000821313798634982e-01
2.001051351939860112e-01
2.001383111792469915e-01
2.001816708636763864e-01
2.002352293276644102e-01
2.002990052201877869e-01
2.003730207789153894e-01
2.004461495363595025e-01
2.004911752467161967e-01
2.005464229409172905e-01
2.006119118770434973e-01
2.006876649158021997e-01
2.007737085452699077e-01
2.008700729096435100e-01
2.009767918420672927e-01
2.010714669334209004e-01
2.011760022117773938e-01
2.012909363910581895e-01
2.014163100311515964e-01
2.015521675023586035e-01
2.016935228148327985e-01
2.018266461946627011e-01
2.019703095816665073e-01
2.021245641457365128e-01
2.022844638306671994e-01
2.024409267423604997e-01
2.026080668766135073e-01
2.027859442969514869e-01
2.029746231872029960e-01
2.031741719249036959e-01
2.033846631600702004e-01
2.036049032374828982e-01
2.038227314212563979e-01
2.040516521842019038e-01
2.042917500656190877e-01
2.045431142257267132e-01
2.047885176794120021e-01
2.049552766233249945e-01
2.051329284569048950e-01
2.053215376735373909e-01
2.055211730403012915e-01
2.057319076777602007e-01
2.059374014747276105e-01
2.061403127473369068e-01
2.063543830487460928e-01
2.065796913941637114e-01
2.068163213772911957e-01
2.070643612701273950e-01
2.072987373147124057e-01
2.075408411606231018e-01
2.077944392474669055e-01
2.080596271251045903e-01
2.083365053199008887e-01
2.086251794590212871e-01
2.088971223389161080e-01
2.091759752738026890e-01
2.094387244448426000e-01
2.097099352145959106e-01
2.099929896292667131e-01
2.102879964102813137e-01
2.105950696376006070e-01
2.109143288952312900e-01
2.112458994255317912e-01
2.115621811077479930e-01
2.118514175290032997e-01
2.121445923291384039e-01
2.123736649994401038e-01
2.120025669521735934e-01
2.116442123269801912e-01
2.112984570088216052e-01
2.109651630880287065e-01
2.106441986752508877e-01
2.103354377267540043e-01
2.100387598795346034e-01
2.097540502957505049e-01
2.094811995160099916e-01
2.092201033210880079e-01
2.089706626016731017e-01
2.087327832357747104e-01
2.085063759734482880e-01
2.082913563285196112e-01
2.080876444770126954e-01
2.078951651620087049e-01
2.077138476046808124e-01
2.075436254212728870e-01
2.073844365458034911e-01
2.072362231582990100e-01
2.070989316183673989e-01
2.069725124039510089e-01
2.068569200550987031e-01
2.067521131226214004e-01
2.066580541215018996e-01
2.065747094889449909e-01
2.065020495469664930e-01
2.064400484694280946e-01
2.063886842534418953e-01
2.063479386950723971e-01
2.063177973692792988e-01
2.062982496140539079e-01
2.062892885187103953e-01
2.062909109163033050e-01
2.063031173801558038e-01
2.063259122244880950e-01
2.063593035091479955e-01
2.064033030484563880e-01
2.064579264241860057e-01
2.065231930027071894e-01
2.065991259563388915e-01
2.066857522889573862e-01
2.067831028659253001e-01
2.068912124484091897e-01
2.070101197321722875e-01
2.071398673909367050e-01
2.072805021244170098e-01
2.074320747111491892e-01
2.075946400662410929e-01
2.077682573041912117e-01
2.079529898069328864e-01
2.081489052972770870e-01
2.083560759179413913e-01
2.085745783163701905e-01
2.088044937355670039e-01
2.090459081111800121e-01
2.092989121750996051e-01
2.095636015658469131e-01
2.098400769460578019e-01
2.101284441273869874e-01
2.104288142031816022e-01
2.107413036893062974e-01
2.110660346735221127e-01
2.114031349738627052e-01
2.117527383064742863e-01
2.121149844634319936e-01
2.124900195010782089e-01
2.128779959394705990e-01
2.132790729735773994e-01
2.136934166969038096e-01
2.141212003382851059e-01
2.145626045126466097e-01
2.150178174865861047e-01
2.154870354597090976e-01
2.159704628627195089e-01
2.164683126733489005e-01
2.169808067513007976e-01
2.175081761934777869e-01
2.180506617108737000e-01
2.186085140286201933e-01
2.185442507105256060e-01
2.184787100580387886e-01
2.184246495898564122e-01
2.183820494738094031e-01
2.183508940991160940e-01
2.183311720584678040e-01
2.183228761349552960e-01
2.183260032938071915e-01
2.183405546789171925e-01
2.183330583789442891e-01
2.183233004071321037e-01
2.183245181363945020e-01
2.183235819042887993e-01
2.183282829110707868e-01
2.183225838192995871e-01
2.183242017548241987e-01
2.183359936510061994e-01
2.183301528073056941e-01
2.183227143428926043e-01
2.183266989016635906e-01
2.183421079411521915e-01
2.183689470991576065e-01
2.184072262001965081e-01
2.184569592667572058e-01
2.185181645353828916e-01
2.185908644776234921e-01
2.186750858259094987e-01
2.187708596044120879e-01
2.188782211649666909e-01
2.189972102281509958e-01
2.191278709296227978e-01
2.192702518718336879e-01
2.194244061812520019e-01
2.195903915712454080e-01
2.197682704107815910e-01
2.199581097991339107e-01
2.201599816467831039e-01
2.203739627627359088e-01
2.206001349484950080e-01
2.208385850989335875e-01
2.210894053103573120e-01
2.213526929960490941e-01
2.216285510096281941e-01
2.219170877765710981e-01
2.222184174342778096e-01
2.225326599810922013e-01
2.228599414347212926e-01
2.232003940005299891e-01
2.235541562502285917e-01
2.239213733115081872e-01
2.243021970692231082e-01
2.246967863787696917e-01
2.251053072923570042e-01
2.255279332989255925e-01
2.251597082944808981e-01
2.244871077456228881e-01
2.238320506932179876e-01
2.231942031767839008e-01
2.225732448675870889e-01
2.219688684536428036e-01
2.213807790626360072e-01
2.208086937200660904e-01
2.202523408401368121e-01
2.197114597471304942e-01
2.191858002251823867e-01
2.186751220945478136e-01
2.181791948126053093e-01
2.176977970979785959e-01
2.172307165762908943e-01
2.167777494461778920e-01
2.163387001642944063e-01
2.159133811481454002e-01
2.155016124956609103e-01
2.151032217205172958e-01
2.147180435022781053e-01
2.143459194505024090e-01
2.139866978820252896e-01
2.136402336106756061e-01
2.133063877487526017e-01
2.129850275196256137e-01
2.126760260808731040e-01
2.123792623574151106e-01
2.120946208841353875e-01
2.118219916575216077e-01
2.115612699958905885e-01
2.113123564077910022e-01
2.110751564682115111e-01
2.108495807022436053e-01
2.106355444758757911e-01
2.104329678936215919e-01
2.102417757027019996e-01
2.100618972035268872e-01
2.098932661662379906e-01
2.097358207530939100e-01
2.095895034464975992e-01
2.094542609824787127e-01
2.093300442894641122e-01
2.092168084321789912e-01
2.091145125605413102e-01
2.090231198634177057e-01
2.089425975271317903e-01
2.088729166986185992e-01
2.088140524531376108e-01
2.087659837664634921e-01
2.087286934914905911e-01
2.087021683391906135e-01
2.086863988638811007e-01
2.086813794527674071e-01
2.086871083197331112e-01
2.087035875033654009e-01
2.087308228692091872e-01
2.087688241162559966e-01
2.088176047876836028e-01
2.088771822858707106e-01
2.089475778917249116e-01
2.090288167883682935e-01
2.091209280892392941e-01
2.092239448706784133e-01
2.092014652560325039e-01
2.091007353685961079e-01
2.090109037046410101e-01
2.089319380207080024e-01
2.088638100290400035e-01
2.088064953659425071e-01
2.087599735646112897e-01
2.087242280323640120e-01
2.086992460322192877e-01
2.086850186687793096e-01
2.086815408783831982e-01
2.086833090273080005e-01
2.086822329239247931e-01
2.086919054023068099e-01
2.087123299045809954e-01
2.087435137017198961e-01
2.087854679015880011e-01
2.088382074612465111e-01
2.089017512035452884e-01
2.089761218380437047e-01
2.090613459863099877e-01
2.091574542116582114e-01
2.092644810533997035e-01
2.093824650656871955e-01
2.095114488610513026e-01
2.096514791587338056e-01
2.098026068379379994e-01
2.099648869961313891e-01
2.101383790125437023e-01
2.103231466170243924e-01
2.105192579644341033e-01
2.107267857147626933e-01
2.109458071191827877e-01
2.111764041122635993e-01
2.114186634105950091e-01
2.116726766180808961e-01
2.119385403381942867e-01
2.122163562935006909e-01
2.124116696935229864e-01
2.124145296842349095e-01
2.124283982547330862e-01
2.124532803941369952e-01
2.124891850576146879e-01
2.125361251764288084e-01
2.125941176724583936e-01
2.126631834772363117e-01
2.127433475555436937e-01
2.128346389336233102e-01
2.129370907320775885e-01
2.130507402035372866e-01
2.131756287751870871e-01
2.133118020962616879e-01
2.134593100906262975e-01
2.136182070145757894e-01
2.137885515200000919e-01
2.139704067230759899e-01
2.141638402786648077e-01
2.143689244606077071e-01
2.145857362481309871e-01
2.148143574185910065e-01
2.150548746468073924e-01
2.153073796112529026e-01
2.155719691073958999e-01
2.158487451685036917e-01
2.161378151942542902e-01
2.164392920875183868e-01
2.167532943997088901e-01
2.170799464851259075e-01
2.174193786647543869e-01
2.177717274000116887e-01
2.181371354769781890e-01
2.185157522016867027e-01
2.189077336070893998e-01
2.193132426723737871e-01
2.197324495553447943e-01
2.201655318386560034e-01
2.206126747907251051e-01
2.210740716422461005e-01
2.215499238792738024e-01
2.220404415539448950e-01
2.225458436139816087e-01
2.230663582522195987e-01
2.236022232775090879e-01
2.241536865084471919e-01
2.247210061915287937e-01
2.253044514454377867e-01
2.259043027333522136e-01
2.265208523653005068e-01
2.271544050327936048e-01
2.278052783781535917e-01
2.284738036011869089e-01
2.291603261060921048e-01
2.298652061917705880e-01
2.305888197890071933e-01
2.297344916638925094e-01
2.288759148266457932e-01
2.280387519840436916e-01
2.272224993570154949e-01
2.264266752364872959e-01
2.256508188077099020e-01
2.248944890561090926e-01
2.241572637479614105e-01
2.234387384798535992e-01
2.227385257914407946e-01
2.220562543365424135e-01
2.213915681080642073e-01
2.207441257126460110e-01
2.201135996913025084e-01
2.194996758826534000e-01
2.189020528256362119e-01
2.183204411988634019e-01
2.177545632940250941e-01
2.172041525209605917e-01
2.166689529422133886e-01
2.161487188350708910e-01
2.156432142792467088e-01
2.151522127685129016e-01
2.146754968447260881e-01
2.142128577528092104e-01
2.137640951153673974e-01
2.133290166257142129e-01
2.129074377581806066e-01
2.124991814946627089e-01
2.120269114597297944e-01
2.114953421414995094e-01
2.109783915367557938e-01
2.104758270845425994e-01
2.099874254112980010e-01
2.095129719728142936e-01
2.090522607165780089e-01
2.086050937632069890e-01
2.081712811057943868e-01
2.077506403260624135e-01
2.073429963263108966e-01
2.069481810762227036e-01
2.065660333736530074e-01
2.061963986186007014e-01
2.058391285996112041e-01
2.054940812919197057e-01
2.051611206666905107e-01
2.048401165107552047e-01
2.045309442562970870e-01
2.042334848199620911e-01
2.039476244509217939e-01
2.036732545874400946e-01
2.034102717215308942e-01
2.031585772713223881e-01
2.029180774607685089e-01
2.026886832063775901e-01
2.024703100106473863e-01
2.022628778619204037e-01
2.020663111403928902e-01
2.018805385300320998e-01
2.017054929361705995e-01
2.015411114085685906e-01
2.013873350697470976e-01
2.012441090484110018e-01
2.011113824177989950e-01
2.009891081388043010e-01
2.008772430077294113e-01
2.007757476085466897e-01
2.006845862695496863e-01
2.006037270242914117e-01
2.005331415767160896e-01
2.004728052704022878e-01
2.004226970618435966e-01
2.003827994977064875e-01
2.003530986960088134e-01
2.003335843311780107e-01
2.003242496229530045e-01
2.003250913291031998e-01
2.003361097419494030e-01
2.003573086886775989e-01
2.003886955354461930e-01
2.003774221359470031e-01
2.003493334361755862e-01
2.003314298647878022e-01
2.003237052016297037e-01
2.003261567637747986e-01
2.003387854026451032e-01
2.003615955049247999e-01
2.003945949972683882e-01
2.004377953548142910e-01
2.004912116135240951e-01
2.005548623863759039e-01
2.006287698834482991e-01
2.007129599359450955e-01
2.008074620242122910e-01
2.009123093098182933e-01
2.010275386717690072e-01
2.011531907469467917e-01
2.012893099748677972e-01
2.014359446468667048e-01
2.015931469598268022e-01
2.017609730745877905e-01
2.019394831791732070e-01
2.021287415569950896e-01
2.023288166602064120e-01
2.025397811883866972e-01
2.027617121727600946e-01
2.029946910661654946e-01
2.032388038390103013e-01
2.034941410814626872e-01
2.037607981121550005e-01
2.040388750936913964e-01
2.043284771552759949e-01
2.046297145228022918e-01
2.049427026567710031e-01
2.052675623984284992e-01
2.056044201245504077e-01
2.059534079113272964e-01
2.063146637078411005e-01
2.066883315196622051e-01
2.070745616031332004e-01
2.074735106709525989e-01
2.078853421097169030e-01
2.083102262101307889e-01
2.087483404106524887e-01
2.085643375062256888e-01
2.083657756013684026e-01
2.080621858867623131e-01
2.077225734645432031e-01
2.073951390631741942e-01
2.070797544782450872e-01
2.067762971549849116e-01
2.064845682722674103e-01
2.061977076990577085e-01
2.059224904247086985e-01
2.056588120484733884e-01
2.054065731802915962e-01
2.051656793187328909e-01
2.049360407361094927e-01
2.047175723704408035e-01
2.045101937239814927e-01
2.043138287680353049e-01
2.041284058538095081e-01
2.039447327789465914e-01
2.037701777816413040e-01
2.036064220992148122e-01
2.034534067663663903e-01
2.033110768908868993e-01
2.031793815915937107e-01
2.030480265281514041e-01
2.029243318116092099e-01
2.028111809282482914e-01
2.027085337809438892e-01
2.026148923131949886e-01
2.025150019490571940e-01
2.024255587463897055e-01
2.023465311955565116e-01
2.021955340874189988e-01
2.020143840184162876e-01
2.018439473432803999e-01
2.016841628434656863e-01
2.015349733509791963e-01
2.013963256838751936e-01
2.012681705866193882e-01
2.011504626751738078e-01
2.010431603866690009e-01
2.009462259335434986e-01
2.008596252620349909e-01
2.007833280149305955e-01
2.007173074984807959e-01
2.006615406534041912e-01
2.006160080299106974e-01
2.005780865226620135e-01
2.005451918153791091e-01
2.005224988489731075e-01
2.005099997333077977e-01
2.005076901243711962e-01
2.004993718942792991e-01
2.004943766047140863e-01
2.004762760975132008e-01
2.004059865649283068e-01
2.003459370600264022e-01
2.002961066477522978e-01
2.002564779784049009e-01
2.002270372689360922e-01
2.002077742881238076e-01
2.001986823455791931e-01
2.001997582845672918e-01
2.002110024786196985e-01
2.002135354566350889e-01
2.002245665542891906e-01
2.002423025708902904e-01
2.002112188134035076e-01
2.001903128502033891e-01
2.001795774201254874e-01
2.001790087958880970e-01
2.001886067800945912e-01
2.002083747050215912e-01
2.002383194361934127e-01
2.002784513797493948e-01
2.003287844936247064e-01
2.003893363025658070e-01
2.004601279170198924e-01
2.005411840559389869e-01
2.005372844543625022e-01
2.004518396619920095e-01
2.003766682430815904e-01
2.003117439330318883e-01
2.002570440852856071e-01
2.002125496468390997e-01
2.001782451376921956e-01
2.001541186341830036e-01
2.001401617561736068e-01
2.001363696580542861e-01
2.001427410235455950e-01
2.001573039322334935e-01
2.001642451732013883e-01
2.001813537297051915e-01
2.002086355426102027e-01
2.001611140793959909e-01
2.001180310629888104e-01
2.000851300847696079e-01
2.000623997131527887e-01
2.000498320555957887e-01
2.000474227501309044e-01
2.000551709606882000e-01
2.000730793761993087e-01
2.000956290597362131e-01
2.000998748925054138e-01
2.001142828904491910e-01
2.001388580552785901e-01
2.001736089221738957e-01
2.002185475689459981e-01
2.002736896290150947e-01
2.002881513665416002e-01
2.002575632740030975e-01
2.002078050520637031e-01
2.001682425155124068e-01
2.001388619079116082e-01
2.001196530215899050e-01
2.001106091866798053e-01
2.001117272639610922e-01
2.001230076414945991e-01
2.001444542350389877e-01
2.001760744922491120e-01
2.002178794006684026e-01
2.002698834995327026e-01
2.002543707571363962e-01
2.002343552519516012e-01
2.002245128856718903e-01
2.002248402407021122e-01
2.002353374306977962e-01
2.002560081006874992e-01
2.002868594309827055e-01
2.002831845855704007e-01
2.002774771074629923e-01
2.002819426326981067e-01
2.002965827119596864e-01
2.003214024302689134e-01
2.003564104124420930e-01
2.004016188323534953e-01
2.004560622109818058e-01
2.004891130772404051e-01
2.005323712645503131e-01
2.005068834698882085e-01
2.004884593498355017e-01
2.004802249626743138e-01
2.004821774471053086e-01
2.004582189435210882e-01
2.004149708509664896e-01
2.003819250521206019e-01
2.003590700550249015e-01
2.003463979169360087e-01
2.003093037941491017e-01
2.002694422875214986e-01
2.002397698393582892e-01
2.002202761373723938e-01
2.002109544107296135e-01
2.002118014227821097e-01
2.002228174675959871e-01
2.002440063702669026e-01
2.002753754910230888e-01
2.003169357331268940e-01
2.002925864801451961e-01
2.002326967252082979e-01
2.001830181735992087e-01
2.001435335344363964e-01
2.001142290794444001e-01
2.000950946281888077e-01
2.000861235371451941e-01
2.000873126925712120e-01
2.000762740649542903e-01
2.000546531013490947e-01
2.000431938062444959e-01
2.000418922025543056e-01
2.000507478386097937e-01
2.000697637876757973e-01
2.000989466512448911e-01
2.001383065661188065e-01
2.001720448481761061e-01
2.002132922855517083e-01
2.002647378881425022e-01
2.003263995667531883e-01
2.003508390455923938e-01
2.003590934792977007e-01
2.003775288860016046e-01
2.004061516712805080e-01
2.004449717859848878e-01
2.004940027369344901e-01
2.005532616014558955e-01
2.005156430139133916e-01
2.004482201383450957e-01
2.003910351271357970e-01
2.003440680481927971e-01
2.003073025511785121e-01
2.002807258498928988e-01
2.002643287085210111e-01
2.002581054317119080e-01
2.002620538584659882e-01
2.002596490265405871e-01
2.002031840195558909e-01
2.001569232303004875e-01
2.001208505641652868e-01
2.000949534833736942e-01
2.000792229935071109e-01
2.000736536338496019e-01
2.000782434715311087e-01
2.000929940994556899e-01
2.001179106380092110e-01
2.001530017405502015e-01
2.001686552712202971e-01
2.001431761251044883e-01
2.001278665967544945e-01
2.001227213709061981e-01
2.001277386616401033e-01
2.001429202104665073e-01
2.001682712881927007e-01
2.002010823783144100e-01
2.001711819962934125e-01
2.001514558732855886e-01
2.001418971590407936e-01
2.001425025352792930e-01
2.001532722121333041e-01
2.001742099283723986e-01
2.002053229554127123e-01
2.002466221051213968e-01
2.002981217414313009e-01
2.003598397957954969e-01
2.004317977865162914e-01
2.004848655650990907e-01
2.004545524329963968e-01
2.004344330259341944e-01
2.004245003511918866e-01
2.004247509577911923e-01
2.004351849327923873e-01
2.004558059013865912e-01
2.004866210307885976e-01
2.004726827340304884e-01
2.004103153766070011e-01
2.003581750296959951e-01
2.003162435316354906e-01
2.002845062930551090e-01
2.002629522811709972e-01
2.002515740079278961e-01
2.002503675219594881e-01
2.002593324043482892e-01
2.002784717681768967e-01
2.003077922618677897e-01
2.003473040763192881e-01
2.003362563792772111e-01
2.002965098135801036e-01
2.002669540279385929e-01
2.002475787498697868e-01
2.002383772491684866e-01
2.002393463306824939e-01
2.002504863308852967e-01
2.002718011182363089e-01
2.003032980973324106e-01
2.003449882168563123e-01
2.003548318104547976e-01
2.002787299827641088e-01
2.002128704603770015e-01
2.001572302741718989e-01
2.001117900471285904e-01
2.000765339734296988e-01
2.000514498014503983e-01
2.000365288205940006e-01
2.000317658519440989e-01
2.000371592427107048e-01
2.000527108644594987e-01
2.000784261151173915e-01
2.001143139247607006e-01
2.001603867651998991e-01
2.002166606633813961e-01
2.002645670562832880e-01
2.002485784996214102e-01
2.002427626162242014e-01
2.002471173866590126e-01
2.002616443229942034e-01
2.002863484704205943e-01
2.003212384126659973e-01
2.003663262812135915e-01
2.004216277683459058e-01
2.004871621440457996e-01
2.005629522767931050e-01
2.006490246583038095e-01
2.006350552073949967e-01
2.005575739174637884e-01
2.004903564523871085e-01
2.004333793463193014e-01
2.003866227376877862e-01
2.003500703477457956e-01
2.003237094630304915e-01
2.003075309216874045e-01
2.002696536723193033e-01
2.002395571510940941e-01
2.002196396504744014e-01
2.002098942523163894e-01
2.002103175728474072e-01
2.002209097590353926e-01
2.002416744887469124e-01
2.002726189746923957e-01
2.003137539721686899e-01
2.003650937906160945e-01
2.003477068754380974e-01
2.003392263515570981e-01
2.003409231670872925e-01
2.003527979113532975e-01
2.003748547092621124e-01
2.004071012257299944e-01
2.004495486739160948e-01
2.005022118272782872e-01
2.005651090354829968e-01
2.006382622442035024e-01
2.007216970188543947e-01
2.007875416516070044e-01
2.007267249165357870e-01
2.006761541731028053e-01
2.006358117930671092e-01
2.006056837288207884e-01
2.005789409643292942e-01
2.004994375108452020e-01
2.004301980307162945e-01
2.003711983495284898e-01
2.003224178993794902e-01
2.002838396966644119e-01
2.002554503237722883e-01
2.002372399146523096e-01
2.002292021442141079e-01
2.002313342215392977e-01
2.002436368868873995e-01
2.002661144124900094e-01
2.002687122241648132e-01
2.002556414684336095e-01
2.002527431073692077e-01
2.002600161345829133e-01
2.002084662854798081e-01
2.001546403868643131e-01
2.001110117985999137e-01
2.000775653476074001e-01
2.000542894125904025e-01
2.000411759115501009e-01
2.000382202931144937e-01
2.000454215316571915e-01
2.000627821261989903e-01
2.000903081030862007e-01
2.001280090224538122e-01
2.001754959431689129e-01
2.001673139126358969e-01
2.001535768311916985e-01
2.001471587017611131e-01
2.001509047682437925e-01
2.001648163309817097e-01
2.001888982199969136e-01
2.002231588001733009e-01
2.002676099802357113e-01
2.002753929442878944e-01
2.002484613792329116e-01
2.002317074010530051e-01
2.002251251909354934e-01
2.002287124634515025e-01
2.002424704641043995e-01
2.002664039706656129e-01
2.003005212983010042e-01
2.003448343085001138e-01
2.003993584218274893e-01
2.004641126345280133e-01
2.005220867861073897e-01
2.005262705909192922e-01
2.005406454346009004e-01
2.005652163135734911e-01
2.005999917721568993e-01
2.006449839117545042e-01
2.005980536397022063e-01
2.005131181982968969e-01
2.004384591407241123e-01
2.003740503788327132e-01
2.003198694434022986e-01
2.002758974598450870e-01
2.002421191278448975e-01
2.002185227048836891e-01
2.002050999936197950e-01
2.002018463330859088e-01
2.002087605936891945e-01
2.002258451759995894e-01
2.002531060133244944e-01
2.002905525780755980e-01
2.003381978919437090e-01
2.003960585399026939e-01
2.003896488010032950e-01
2.003796614192299985e-01
2.003798542879197953e-01
2.003902274740662071e-01
2.004107845812616862e-01
2.003482280116878900e-01
2.002761534790543918e-01
2.002143134509968003e-01
2.001626863715696980e-01
2.001212542690765928e-01
2.000900027367029099e-01
2.000689209170196936e-01
2.000580014903227122e-01
2.000572406667794068e-01
2.000666381823655027e-01
2.000861972985820969e-01
2.001159248059521945e-01
2.001558310313051869e-01
2.002059298488658989e-01
2.002662386951744034e-01
2.003343237835399915e-01
2.003563621419670038e-01
2.003885889524046060e-01
2.004310154205402872e-01
2.004566732220511016e-01
2.003878421918351971e-01
2.003292473849370980e-01
2.002808683780802068e-01
2.002426883301401950e-01
2.002146939639996015e-01
2.001968755522673116e-01
2.001892269068301089e-01
2.001727116341764090e-01
2.001571242944369944e-01
2.001517033172222904e-01
2.001564468207329972e-01
2.001713564515819888e-01
2.001964373865595115e-01
2.002316983381871029e-01
2.001897651449157101e-01
2.001369987550588037e-01
2.000944270807357983e-01
2.000620353185580125e-01
2.000398122150189861e-01
2.000277500544078990e-01
2.000258446505311927e-01
2.000340953422249934e-01
2.000525049926465959e-01
2.000810799923428973e-01
2.001198302661053030e-01
2.001687692836235932e-01
2.002279140739668117e-01
2.002342908371423924e-01
2.001917815840290049e-01
2.001594587614559106e-01
2.001373111367293067e-01
2.001253310181800027e-01
2.001018235227839948e-01
2.000621180974030133e-01
2.000325875601184078e-01
2.000132216542551966e-01
2.000040136574726124e-01
2.000049603745543136e-01
2.000160621339829026e-01
2.000373227882926985e-01
2.000687497181992125e-01
2.001103538405160087e-01
2.001621496198779937e-01
2.002241550842966955e-01
2.002963918445850866e-01
2.003649064977033878e-01
2.003064376997527873e-01
2.002581829760491094e-01
2.002201255300476990e-01
2.001922521282641088e-01
2.001745530860427058e-01
2.001670222571547975e-01
2.001696570272036013e-01
2.001824583108205990e-01
2.002054305526465017e-01
2.002385817320981032e-01
2.002819233719355108e-01
2.003135821709695896e-01
2.002737560861332922e-01
2.002441193177824930e-01
2.002246615659221962e-01
2.002153760721284981e-01
2.002162596122948890e-01
2.002273124931731041e-01
2.002485385527028872e-01
2.002799451641285866e-01
2.003215432439147126e-01
2.003589580720180896e-01
2.003479853028947988e-01
2.003471907840222999e-01
2.002909569376198073e-01
2.002393896810930052e-01
2.001980225085882026e-01
2.001668410327356040e-01
2.001458344180661042e-01
2.001349953693724038e-01
2.001343201238784120e-01
2.001438084472048073e-01
2.001634636331172945e-01
2.001932925070590008e-01
2.002015195686963067e-01
2.001744399520073991e-01
2.001575330010496034e-01
2.001507928451222995e-01
2.001542171444589957e-01
2.001678070877185023e-01
2.001915673932591899e-01
2.001574987289911900e-01
2.001236522759045067e-01
2.000999797703053862e-01
2.000864729912371076e-01
2.000831272501558122e-01
2.000899413859033027e-01
2.001069177634612895e-01
2.001340622764881116e-01
2.001180705168484064e-01
2.000764156817884110e-01
2.000449386083396897e-01
2.000236283619910016e-01
2.000124775446306125e-01
2.000114822866105868e-01
2.000206422425981068e-01
2.000399605912059064e-01
2.000694440383987138e-01
2.001091028246863024e-01
2.001589507361175024e-01
2.002186374910422950e-01
2.002284206216858042e-01
2.001889877530017015e-01
2.001597380938026915e-01
2.001406614813756868e-01
2.001317512914111973e-01
2.001330044308954892e-01
2.001444213347942924e-01
2.001660059665180125e-01
2.001977658221741063e-01
2.002397119386100932e-01
2.002918589052725962e-01
2.003542248799048131e-01
2.004268316081213863e-01
2.005097044469059120e-01
2.004498187668785902e-01
2.003658392744895878e-01
2.002921241608703884e-01
2.002286476822451866e-01
2.001753877066372866e-01
2.001323256899537051e-01
2.000994466559941898e-01
2.000767391803379980e-01
2.000641953780711024e-01
2.000618108953252927e-01
2.000695849046096042e-01
2.000875201039236939e-01
2.001156227196501103e-01
2.001539025132322014e-01
2.002023727916553975e-01
2.002610504217522958e-01
2.003299558483686016e-01
2.003101615552914105e-01
2.002989169072492137e-01
2.002978472303771906e-01
2.002474194647494987e-01
2.001902464083200051e-01
2.001432777015378084e-01
2.001064970030287937e-01
2.000798915287713975e-01
2.000634520383565984e-01
2.000571728250677972e-01
2.000610517097614893e-01
2.000750900385309949e-01
2.000992926841486108e-01
2.001336680512920130e-01
2.001513642716498953e-01
2.001723518364471044e-01
2.001754215877901977e-01
2.001412321205482958e-01
2.001172180627366071e-01
2.001033710742209926e-01
2.000996863480767052e-01
2.001061626054327913e-01
2.001228020941014096e-01
2.001496105909874035e-01
2.001478324600926006e-01
2.001189709772888126e-01
2.001002795269491985e-01
2.000917516193773948e-01
2.000933842946309993e-01
2.001051781193468881e-01
2.001271371873495908e-01
2.001592691240408894e-01
2.002015850945826070e-01
2.002540998158910956e-01
2.002450733967998941e-01
2.001954851793218970e-01
2.001560916063875872e-01
2.001268789809854121e-01
2.000972227358638889e-01
2.000669444111541906e-01
2.000468335522996022e-01
2.000356290411894056e-01
2.000150393525821912e-01
2.000046081973410050e-01
2.000043319557054944e-01
-1.049697304881219218e+01
-1.710586236770334523e+01
-3.138850712471421112e+00
