2.3108704435
0.3571428572
1.3672458361
1.3647784809
1.3621227313
1.3592765892
1.3562378380
1.3529793611
1.3495054322
1.3458311719
1.3419533238
1.3325851770
1.3335284280
1.3289768884
1.3242056449
1.3192094686
1.3139825892
1.3085186289
1.3028105235
1.2968024699
1.2904991896
1.2839268829
0.9680749188
1.0190670855
0.9928800632
1.0315877738
1.0013446336
1.0373677196
1.0081061021
1.0424303144
0.9926425797
1.0336765691
1.1891651675
1.0128469540
1.0469354862
0.9634900352
1.0251203935
1.1245304273
1.1084216997
1.0157181327
1.1029692758
1.0948043312
1.0059398433
1.0450946208
1.1024602197
1.0086804381
1.0686553252
1.0387275324
0.9875024251
0.9790623179
0.9929234021
0.9823399916
0.9875145249
1.0013089330
1.0049524760
0.9875446348
1.0276394867
1.0395571944
0.9913462082
1.0216356310
1.0156448063
0.9903417913
1.0261439583
1.0142599281
1.0217723313
1.0525264498
1.0199055240
1.0369845726
1.0114770695
0.9796513010
0.9947084869
1.0286177652
0.9874302489
1.0197663252
1.0000898782
1.0096692301
0.9830446934
0.9981752994
0.9919602201
0.9854027638
0.9784653224
0.9710578630
0.9632063844
0.9548593018
0.9459509668
0.9363956476
0.9260777029
0.9148206152
0.9023464639
0.8883200895
0.8720378161
0.8519294592
0.8221795809
0.8316438584
0.8716870368
0.8510124838
0.8192854975
0.8450777324
0.8029818497
0.8429621249
0.8752935995
0.8550678508
0.8252466244
0.8709269863
0.8489221857
0.8106384968
0.8741247218
0.8528637047
0.8189302432
0.8813916903
0.8618953945
0.8345235272
0.8840713421
0.8649098171
0.8385094376
0.8945921057
0.9535702670
0.9191861062
0.9199451771
0.9214487018
0.9080626391
0.8928036175
0.8746531337
0.8509154497
0.8870686149
0.8670761267
0.8384676460
0.9072269954
0.8910045834
0.8712048375
0.8432642070
0.8845370248
0.8616628790
0.8196760415
0.8505939602
0.8504436532
0.8653887105
0.8199965657
0.8157933711
0.7982285911
0.7729188264
0.7512238305
0.7356996839
0.7130706457
0.6924740375
0.7033968302
0.6944278163
0.7089284128
0.7228038268
0.6904645990
0.6961683227
0.7240911578
0.6969389484
0.7135796366
0.7220415124
0.6938747918
0.7120809061
0.7064374551
0.6988968287
0.6954612614
0.6770545105
0.6822542066
0.6744737862
0.6655599726
0.6549713778
0.6414232889
0.6188460344
0.6050085343
0.6280482669
0.6204136215
0.6358654930
0.6294460164
0.5460631664
0.5385396336
0.5948381546
0.5722519416
0.5926956225
0.5973533908
0.5839677473
0.5832742335
0.5843650771
0.5841858225
0.6588827669
0.6493617164
0.6375560789
0.6201981394
0.6549835472
0.6446159849
0.6311077820
0.6019697037
0.6454513088
0.6322500491
0.6076645001
0.7592034071
0.7160067571
0.7067782232
0.6959850780
0.6825139992
0.6620482107
0.6508212553
0.6393838162
0.6231846819
0.6130797233
0.6410762814
0.6258431959
0.6507866904
0.6392838326
0.6228989120
0.6492822844
0.6372691315
0.6192190421
0.6432825274
0.6288307986
0.6457542210
0.6322261274
0.6034165902
0.6341969991
0.6105497566
0.6331851337
0.6040073807
0.6323369779
0.6413447453
0.6239950486
0.6399577398
0.6341733966
0.6377824836
0.6160328482
0.6253316045
0.6433787786
0.6346279655
0.6342067744
0.6231538169
0.7358445855
0.7197975373
0.6902196047
0.7236663977
0.6982225642
0.7238028073
0.6966926823
0.7275142265
0.7038058389
0.7314181862
0.7100706281
0.7352357812
0.7158021162
0.7641993865
0.7529683859
0.7394380675
0.7211960458
0.7725134121
0.7622249620
0.7502417477
0.7353857659
0.7133100004
0.7447036377
0.7275880436
0.7766578511
0.7649446660
0.7587594780
0.7677141461
0.7571815775
0.7540867630
0.7513585451
0.7511929759
0.7548804394
0.7320400201
0.7495413549
0.7334457784
0.7058939236
0.7439120386
0.7253303843
0.7324898964
0.7495033773
0.7382619808
0.7159774312
0.5865456083
0.5878636753
0.5814103624
0.7315709059
0.7350354474
0.5905269153
0.5810965382
0.7210768391
0.7282289324
0.7082602774
0.5840108923
0.5709398090
0.7059796686
0.6096434398
0.6900813431
0.6646552725
0.6078211762
0.6652529886
0.6538001274
0.6047838259
0.6281203705
0.5791558896
0.6013376463
0.6481335810
0.6723248661
0.5491240075
0.6511324843
0.6717129698
0.6850230729
0.6119695125
0.6461698849
0.5592596124
0.7389054554
0.7047346699
0.7173960063
0.7174633867
0.7057614677
0.7331189609
0.7262887533
0.7218131077
0.7209275790
0.7206089047
0.7454274616
0.7621109818
0.7647341016
0.7490482032
0.7265468537
0.8070865684
0.7055166131
0.8238063330
0.8190039914
0.7032751038
0.7869221571
0.7790397478
0.7703473191
0.7606177468
0.7494716945
0.7361772512
0.7188773021
0.6835443159
0.6930563267
0.7006113763
0.8609916346
0.8571841996
0.7186513435
0.8716485970
0.8455179254
0.7230653491
0.8321818016
0.8707357005
0.7274177662
0.8706570473
0.7142938608
0.8431120468
0.7039780909
0.8421455185
0.8653987852
0.7327030089
0.8620871533
0.7339513560
0.9040862738
0.7341699810
0.7101432666
0.9123054200
0.7341648639
0.7217750329
0.8993785643
0.8487573833
0.8688992908
0.8806305465
0.8411863958
0.8775823534
0.9052758783
0.8610406804
0.8772864453
0.8685180427
0.9100702383
0.8729714718
0.8859671890
0.8550341901
0.8877737879
0.8494522438
0.8402376446
0.8486618578
0.8501862753
0.8471805596
0.8493111570
0.8497052701
0.8524563457
0.8893791340
0.9125243414
0.8689734154
0.8979164454
0.9188813159
0.8759642925
0.9020722972
0.8547508839
0.8886104533
0.9110393242
0.8749911795
0.9006532277
0.8565209082
0.8884008749
0.8430229548
0.8808848826
0.9038505880
0.8664843870
0.8930723862
0.8995908425
0.9294159854
0.8294060779
0.8731840959
0.8968777582
0.8587054995
0.8864160372
0.8412651354
0.8759874885
0.8388611636
0.8740829381
0.8368298347
0.8725330494
0.8949381162
0.9128514301
0.8460948077
0.8762678651
0.8433302446
0.8743376790
0.8453285253
0.8751967169
0.8926406536
0.9132190561
0.9280956709
0.8290011261
0.8661040255
0.8881139156
0.9054372975
0.8584123176
0.8818554049
0.8998417374
0.8338133062
0.8657184401
0.8866098848
0.9033573936
0.8517205915
0.8758745762
0.8941571449
0.8167169611
0.8562290201
0.8675399885
0.8727293166
0.8841472082
0.8883081316
0.8946276544
0.8803107340
0.8900668224
0.9109902454
0.8048701983
0.8500256364
0.8727503682
0.8903769616
0.9052745313
0.9183780273
0.8420983558
0.8665811876
0.8375861952
0.8633195147
0.8422701288
0.8662507969
0.8418375685
0.8657399624
0.8838772266
0.8990839625
0.9123907710
0.9243421719
0.9352474302
0.9453068012
0.7888972268
0.7949590440
0.8006368875
0.8059733483
0.8110022470
0.8164659225
0.8047152186
0.8277793331
0.8715840560
0.9006803895
0.9132273468
0.9062372327
0.8254861124
0.8985647736
0.8130379232
0.9189459514
0.9012289327
0.9091044898
0.9190452637
0.9347044222
0.9220898951
0.8827162742
0.9337715791
0.9391715151
0.9384844429
0.9411011926
0.9410042604
0.9430931144
0.9052346159
0.9440817530
0.9438526471
0.9382856114
0.9247505690
0.9578514344
0.9578136184
0.9227184116
0.9391875904
0.9667289522
0.9193736849
0.9380267037
0.9660701096
0.9325364442
0.9407479498
0.9680335051
0.9530644209
0.9791138543
0.9152695896
0.9179965080
0.9290273058
0.9410422911
0.9337236927
0.9007010406
0.9462630139
0.9732463881
0.9935580976
1.0694564653
1.0683606196
1.0671395420
1.0657922326
1.0643175681
1.0627142947
1.0609810192
1.0591161995
1.0571181336
1.0549849467
1.0527145765
1.0503047573
1.0477530000
1.0450565707
1.0422124657
1.0392173816
1.0360676819
1.0327593577
1.0292879809
1.0256486507
1.0218359285
1.0178437620
1.0136653935
1.0092932489
1.0047188039
0.9999324181
0.9949231307
0.9896784040
0.9841837984
0.9784225539
0.9723750457
0.9660180606
0.9593238186
0.9522586204
0.9447809276
0.9368385552
0.9283644146
0.9192697697
0.9094329564
0.9072408459
0.9064736505
0.9056776216
0.9052046885
0.9042627121
0.9034696588
0.9025594168
0.9016208407
0.9008140043
0.9000182798
0.9000704616
0.9000075532
0.8998143736
0.8994921293
0.8990432363
0.8984696532
0.8977791715
0.8966249326
0.8948624076
0.8929688428
0.8909417221
0.8887782486
0.8864753132
0.8840294584
0.8814368349
0.8786931506
0.8757936100
0.8727328410
0.8695048074
0.8672362729
0.8649223376
0.8624644090
0.8598583556
0.8570995574
0.8541828356
0.8511023679
0.8478515858
0.8444230482
0.8408082853
0.8369976040
0.8329798405
0.8287420448
0.8242690700
0.8195430292
0.8145425662
0.8092418504
0.8036091623
0.7976048386
0.7911781882
0.7842626593
0.7767678719
0.7685655882
0.7594627902
0.7491434709
0.8646848485
0.8437052969
0.8098964470
0.8170453491
0.7996484098
0.7884651701
0.8024380261
0.7976520131
0.8012322690
0.9448063064
0.9605161804
0.9567984158
0.9785098092
0.9897900632
0.9552442796
0.9929326006
0.9462784850
0.9491728021
0.9135043232
0.8815350568
0.8972567285
0.8982649952
0.8967412813
0.9299898469
0.9390616227
0.9340236640
0.9306297464
0.9306390278
0.9001755841
0.9267750417
0.9186228245
0.9363230469
0.9212642823
0.8890324032
0.9365716294
0.9177282142
0.9334107403
0.9151557296
0.9426845287
0.9339224331
0.8945962172
0.9425980667
0.9352035031
0.9145092649
0.9189117839
0.9341815445
0.9719812663
0.9625925725
0.9356353192
0.9269886180
0.9062222744
0.9330243453
0.9369176995
0.9268348555
0.9350866065
0.9170771736
0.9253312264
0.9166941396
0.9318719882
0.9021243280
0.9006129538
0.8830046265
0.9131519412
0.9207100614
0.8936331220
0.8909765910
0.8816726887
0.9213300340
0.9254381572
0.9046427482
0.9342060987
0.9040365045
0.9363654712
0.8892613200
0.9182120202
0.9207151617
0.9070172135
0.9426838120
0.9288488945
0.9430918364
0.9240492521
0.9260642013
0.9032104797
0.9383711014
0.9340778012
0.9272972981
0.9354633496
0.9488049503
0.9273493066
0.9492871348
0.9452515642
0.9447572124
0.9325041663
0.9167533565
0.9425308456
0.9314364662
0.9554598329
0.9592114136
0.9279420779
0.9219204760
0.9344594405
0.9469244700
0.8981564696
0.8874203987
0.9179880464
0.9191188742
0.8847889398
0.8996669536
0.9266264988
0.9090777023
0.8944088010
0.9077813787
0.9027262633
0.9194680120
0.9171335965
0.8940165337
0.8858620211
0.9367979206
0.9208984002
0.9443919451
0.9050676129
0.9002376655
0.9421868665
0.9300077508
0.9410719912
0.9248447630
0.9470870355
0.9321887181
0.9156235417
0.9506749729
0.9430143248
0.9301207622
0.8925867082
0.9425690116
0.9326243808
0.8987900790
0.9394510322
0.9180713684
0.9043627568
0.8798270494
0.8491964839
0.8708478846
0.8619057199
0.8779626521
0.8392985290
0.8738256710
0.8297550034
0.8739600577
0.8938494843
0.8703470138
0.8258117423
0.8709429264
0.8326671092
0.8713366087
0.8366847176
0.8711259432
0.8391998379
0.8665701665
0.8326468798
0.8664722168
0.8349342363
0.8660766278
0.8366069014
0.8976207022
0.8810632275
0.8607439265
0.8311498920
0.8598752689
0.8318238714
0.8812390391
0.8716655248
0.8578778001
0.8319731809
0.8366998448
0.8215392411
0.8026218515
0.7733180120
0.7700633037
0.7645739456
0.7753307096
0.7601509180
0.7912219613
0.7591722076
0.7724513359
0.7736025854
0.7726309866
0.7920580819
0.7649031006
0.7713379055
0.7842109871
0.7472883757
0.7764037243
0.7865949034
0.7726511248
0.7551178439
0.7270247260
0.7925270243
0.7687973328
0.7918322279
0.7683020439
0.7916809541
0.7688284118
0.7913358418
0.7690440521
0.7949531662
0.7750101152
0.7805881617
0.7654569588
0.7452550112
0.7171606107
0.7382688683
0.7443530287
0.7494839599
0.7203260709
0.7254810896
0.7167221488
0.7414987049
0.7298307002
0.7408648287
0.7364013734
0.7224924735
0.7374735141
0.7384660933
0.7411729289
0.7281206394
0.7351963294
0.7484697946
0.7497403600
0.7513355335
0.7123654872
0.7376486374
0.7450244345
0.7273853900
0.6931622223
0.7085145716
0.7084342675
0.7034818542
0.6086372340
0.6062418781
0.6002024876
0.6081821918
0.5971299535
0.6322731193
0.6055896187
0.6384773225
0.6261489971
0.6060769098
0.6375248788
0.6252576790
0.6053854196
0.6243256638
0.5907725637
0.5973110648
0.6018393170
0.5988342181
0.5861957139
0.6067192423
0.5946051090
0.6018912772
0.5895932305
0.6073033965
0.6187198622
0.5988385029
0.6123761865
0.5848209466
0.6041492690
0.6158871185
0.5845209254
0.6035723836
0.6152404668
0.5845150071
0.6030379559
0.6145782298
0.5841099635
0.6024254850
0.6139060694
0.5843204955
0.6020369591
0.6133635982
0.6223562887
0.6299990679
0.6367200120
0.6427518220
0.6482378680
0.6532739696
0.6579279472
0.6622498963
0.6662780593
0.6700424046
0.6735669201
0.6768711462
0.6799712342
0.6828806995
0.6856109703
0.6881717957
0.6905715551
0.6928174964
0.6949159219
0.6968723357
0.6986915609
0.7003778346
0.7019348851
0.7033659954
0.7046740547
0.7058616025
0.7069308639
0.7078837795
0.7087220308
0.7075870599
0.7055269477
0.7033218326
0.7009659218
0.6984525818
0.6957741805
0.6929218877
0.6898854187
0.6866527011
0.6832094321
0.6795384826
0.6753368721
0.6707888172
0.6658905146
0.6605871087
0.6548037179
0.6484333803
0.6413136085
0.6331746980
0.6235018856
0.6110197890
0.5880750146
0.5854271986
0.5843664143
0.5937116540
0.6033911825
0.6162095782
0.6038982663
0.5809341807
0.6083417706
0.5923748353
0.6134675040
0.6008009648
0.6214212731
0.6115503937
0.5984075219
0.6191946992
0.6090299769
0.5951405562
0.6174657305
0.6070701855
0.5925397569
0.6151644267
0.6044022160
0.6680380878
0.8791646752
0.9049868071
0.8701417445
0.9004652713
0.8664211726
0.8668097607
0.8367123717
0.8382457649
0.8596248683
0.8776244501
0.8448765034
0.8677605366
0.8764525774
0.8689520320
0.8504122827
0.8647510596
0.8407571928
0.8607169752
0.8199574363
0.8448111666
0.8648405750
0.8263941612
0.8522366249
0.8685694026
0.8320705005
0.8441403524
0.8341150531
0.8804143312
0.8616502060
0.9104053772
0.9357089145
0.8751348914
0.9146664562
0.9388352998
0.8819728973
0.9177579000
0.9411067482
0.8794191937
0.9324799917
0.8960743255
0.8883927483
0.9013215534
0.8795770566
0.8752019122
0.8599895989
0.9000142894
0.9276533073
1.0334163403
1.0668865670
1.0666385179
1.0118452372
1.0564546144
1.0856757073
1.0246351981
1.0634793242
1.0911071610
1.0379213434
1.0002599206
1.0272219871
1.0650410208
1.0290202059
1.0489835141
1.0383130761
1.0009744593
1.0515549307
1.0166526670
0.9840233387
0.9957888111
1.0075927071
1.0550332927
1.0568091574
1.0752886580
1.0493370422
1.1248653409
1.0795975925
1.0478243893
1.3664185760
1.4275700072
1.4016078336
1.3596195934
1.3850908080
1.4068711146
1.3965784259
1.3819276570
1.4218465830
1.3817092347
1.4164515635
1.4576006057
1.2061452508
1.2931481107
1.3376871066
1.4181174700
1.4058085121
1.4617923613
1.3628536308
1.4457383888
1.4090083797
1.3949476344
1.4440739041
1.4097030476
1.4091382230
1.4468395252
1.3835997081
1.3592919127
1.4421821584
1.3505707241
1.3750765477
1.3734327864
1.3716062238
1.3695265896
0.0537501540
0.0407967846
0.1595225441
