0.3235218622
0.5000000000
-0.2734717787
-0.2729721197
-0.2724486351
-0.2719008437
-0.2713282137
-0.2707069943
-0.2700429670
-0.2693523779
-0.2686344586
-0.2668280438
-0.2670716102
-0.2662281209
-0.2653536749
-0.2644470656
-0.2635069668
-0.2625319188
-0.2615203111
-0.2604237490
-0.2592528339
-0.2580401503
-0.1946522440
-0.2050118422
-0.1998577576
-0.2077786029
-0.2018231813
-0.2092303498
-0.2034626736
-0.2105399733
-0.2006374488
-0.2091018802
-0.2407644105
-0.2052549003
-0.2123694581
-0.1956431811
-0.2083822499
-0.2288487420
-0.2258103144
-0.2071331138
-0.2251647134
-0.2237469493
-0.2058256696
-0.2140983739
-0.2261384145
-0.2071773242
-0.2197997285
-0.2139517366
-0.2037046549
-0.2022766739
-0.2054698593
-0.2036176818
-0.2050420720
-0.2082754652
-0.2094165314
-0.2061781559
-0.2149673164
-0.2178969879
-0.2080925376
-0.2147249830
-0.2137506986
-0.2087150776
-0.2165728694
-0.2143858998
-0.2163099910
-0.2231301059
-0.2165150107
-0.2204587552
-0.2153586401
-0.2089071678
-0.2124602660
-0.2200699100
-0.2116228983
-0.2189432168
-0.2151144825
-0.2173725018
-0.2118215198
-0.2152772809
-0.2141428190
-0.2129434657
-0.2116610331
-0.2102176254
-0.2086868346
-0.2070570290
-0.2053134545
-0.2034369052
-0.2014015561
-0.1991529867
-0.1965889734
-0.1936928012
-0.1903096292
-0.1860946540
-0.1797733124
-0.1820094434
-0.1909111975
-0.1865280788
-0.1797154644
-0.1854704799
-0.1763334996
-0.1852299375
-0.1924659948
-0.1881573350
-0.1817389024
-0.1919518254
-0.1872392485
-0.1789361140
-0.1931120124
-0.1885836539
-0.1812522276
-0.1952724683
-0.1911551198
-0.1852904599
-0.1965209182
-0.1924704001
-0.1867639635
-0.1994462010
-0.2128103057
-0.2053555374
-0.2057556616
-0.2063345082
-0.2035876655
-0.2004244774
-0.1966138831
-0.1915458357
-0.1999751900
-0.1957643002
-0.1896028491
-0.2054858300
-0.2021521979
-0.1980053163
-0.1919767236
-0.2016311796
-0.1966800416
-0.1873574578
-0.1947070242
-0.1949666565
-0.1987039729
-0.1885875846
-0.1879370309
-0.1842112535
-0.1786920389
-0.1739999250
-0.1707319538
-0.1658088465
-0.1613489402
-0.1642393909
-0.1624970123
-0.1662605882
-0.1699039984
-0.1626854219
-0.1644272021
-0.1714210407
-0.1653815499
-0.1697400730
-0.1721797966
-0.1658853373
-0.1706583121
-0.1697305241
-0.1683512717
-0.1679664978
-0.1639643327
-0.1656830156
-0.1642605312
-0.1625632860
-0.1604559667
-0.1576188365
-0.1525484691
-0.1496103451
-0.1557941951
-0.1543939216
-0.1587587710
-0.1576841447
0.0000000000
0.0000000000
0.0000000000
0.0000000000
0.0000000000
0.0000000000
0.0000000000
0.0000000000
0.0000000000
0.0000000000
0.0000000000
0.0000000000
0.0000000000
0.0000000000
0.0000000000
0.0000000000
0.0000000000
0.0000000000
0.0000000000
0.0000000000
0.0000000000
0.0000000000
0.0000000000
0.0000000000
0.0000000000
0.0000000000
0.0000000000
0.0000000000
0.0000000000
0.0000000000
0.0000000000
0.0000000000
0.0000000000
0.0000000000
0.0000000000
0.0000000000
0.0000000000
0.0000000000
0.0000000000
0.0000000000
0.0000000000
0.0000000000
0.0000000000
0.0000000000
0.0000000000
0.0000000000
0.0000000000
0.0000000000
0.0000000000
0.0000000000
0.0000000000
0.0000000000
0.0000000000
0.0000000000
0.0000000000
0.0000000000
0.0000000000
0.0000000000
0.0000000000
0.0000000000
0.0000000000
0.0000000000
0.0000000000
0.0000000000
0.0000000000
0.0000000000
0.0000000000
0.0000000000
0.0000000000
0.0000000000
0.0000000000
0.0000000000
0.0000000000
0.0000000000
0.0000000000
0.0000000000
0.0000000000
0.0000000000
0.0000000000
0.0000000000
0.0000000000
0.0000000000
0.0000000000
0.0000000000
0.0000000000
0.0000000000
0.0000000000
0.0000000000
0.0000000000
0.0000000000
0.0000000000
0.0000000000
0.0000000000
0.0000000000
0.0000000000
0.0000000000
0.0000000000
0.0000000000
0.0000000000
0.0000000000
0.0000000000
0.0000000000
0.0000000000
0.0000000000
0.0000000000
0.0000000000
0.0000000000
0.0000000000
0.0000000000
0.0000000000
0.0000000000
0.0000000000
0.0000000000
0.0000000000
0.0000000000
0.0000000000
0.0000000000
0.0000000000
0.0000000000
0.0000000000
0.0000000000
0.0000000000
0.0000000000
0.0000000000
0.0000000000
0.0000000000
0.0000000000
0.0000000000
0.0000000000
0.0000000000
0.0000000000
0.0000000000
0.0000000000
0.0000000000
0.0000000000
-0.1561948253
-0.1491495135
-0.1520187780
-0.1522312684
-0.1499518375
-0.1559847140
-0.1547586025
-0.1540396166
-0.1540940718
-0.1542784051
-0.1598626063
-0.1637271251
-0.1645882759
-0.1615137573
-0.1569640441
-0.1747105607
-0.1530363718
-0.1790717313
-0.1784139268
-0.1535448937
-0.1722011817
-0.1708776499
-0.1693795021
-0.1676551795
-0.1656189021
-0.1631057995
-0.1596991613
-0.1522664512
-0.1548192415
-0.1569574586
-0.1934558893
-0.1931815690
-0.1624609297
-0.1976707225
-0.1923647283
-0.1650493494
-0.1905989569
-0.2001186540
-0.1677712052
-0.2015333133
-0.1659500173
-0.1966171357
-0.1648035349
-0.1979256493
-0.2042093744
-0.1736078701
-0.2051223322
-0.1753833794
-0.2169852675
-0.1762459102
-0.1702535787
-0.2184455842
-0.1755796203
-0.1724187491
-0.2146109142
-0.2023223567
-0.2069212459
-0.2095216547
-0.1999636427
-0.2084463648
-0.2148616818
-0.2042194629
-0.2079381157
-0.2057379842
-0.2154652138
-0.2065820272
-0.2095674936
-0.2021748286
-0.2098489161
-0.2007371004
-0.1985173691
-0.2004758979
-0.2008149658
-0.2000948239
-0.2005986329
-0.2007031082
-0.2013751916
-0.2101319948
-0.2156475587
-0.2054115465
-0.2123225013
-0.2173625611
-0.2073005618
-0.2135835238
-0.2024892189
-0.2106363797
-0.2160938645
-0.2076902615
-0.2139444768
-0.2036274825
-0.2112218161
-0.2002682932
-0.2091023451
-0.2144012014
-0.2054025998
-0.2115778587
-0.2130054037
-0.2199588274
-0.1962039333
-0.2064805188
-0.2120131430
-0.2029333859
-0.2094353681
-0.1987338686
-0.2069125689
-0.1981309937
-0.2064484907
-0.1976588864
-0.2061126175
-0.2114377826
-0.2157148267
-0.1999920173
-0.2071894826
-0.1994753201
-0.2068973294
-0.2001285151
-0.2073101167
-0.2115663083
-0.2165825987
-0.2202641788
-0.1968940683
-0.2053691142
-0.2099741266
-0.2134606953
-0.2018124387
-0.2067623593
-0.2104222456
-0.1944799067
-0.2014149212
-0.2057713701
-0.2091594290
-0.1967470491
-0.2018709083
-0.2056333936
-0.1874244860
-0.1960859178
-0.1982778437
-0.1990759355
-0.2013002780
-0.2018784221
-0.2029393961
-0.1993295598
-0.2011849999
-0.2055651116
-0.1813215702
-0.1911915374
-0.1960038544
-0.1996692430
-0.2027238538
-0.2053798329
-0.1880615117
-0.1932680821
-0.1865599706
-0.1920537338
-0.1871495928
-0.1922610714
-0.1866422926
-0.1917462984
-0.1955747828
-0.1987543267
-0.2014977052
-0.2039475123
-0.2061731222
-0.2082195767
0.0000000000
0.0000000000
0.0000000000
0.0000000000
0.0000000000
0.0000000000
0.0000000000
0.0000000000
0.0000000000
0.0000000000
0.0000000000
0.0000000000
0.0000000000
0.0000000000
0.0000000000
0.0000000000
0.0000000000
0.0000000000
0.0000000000
0.0000000000
0.0000000000
0.0000000000
0.0000000000
0.0000000000
0.0000000000
0.0000000000
0.0000000000
0.0000000000
0.0000000000
0.0000000000
0.0000000000
0.0000000000
0.0000000000
0.0000000000
0.0000000000
0.0000000000
0.0000000000
0.0000000000
0.0000000000
0.0000000000
0.0000000000
0.0000000000
0.0000000000
0.0000000000
0.0000000000
0.0000000000
0.0000000000
0.0000000000
0.0000000000
0.0000000000
0.0000000000
0.0000000000
0.0000000000
0.0000000000
0.0000000000
0.0000000000
0.0000000000
0.0000000000
0.0000000000
0.0000000000
0.0000000000
0.0000000000
0.0000000000
0.0000000000
0.0000000000
0.0000000000
0.0000000000
0.0000000000
0.0000000000
0.0000000000
0.0000000000
0.0000000000
0.0000000000
0.0000000000
0.0000000000
0.0000000000
0.0000000000
0.0000000000
0.0000000000
0.0000000000
0.0000000000
0.0000000000
0.0000000000
0.0000000000
0.0000000000
0.0000000000
0.0000000000
0.0000000000
0.0000000000
0.0000000000
0.0000000000
0.0000000000
0.0000000000
0.0000000000
0.0000000000
0.0000000000
0.0000000000
0.0000000000
0.0000000000
0.0000000000
0.0000000000
0.0000000000
0.0000000000
0.0000000000
0.0000000000
0.0000000000
0.0000000000
0.0000000000
0.0000000000
0.0000000000
0.0000000000
0.0000000000
0.0000000000
0.0000000000
0.0000000000
0.0000000000
0.0000000000
0.0000000000
0.0000000000
0.0000000000
0.0000000000
0.0000000000
0.0000000000
0.0000000000
0.0000000000
0.0000000000
0.0000000000
0.0000000000
0.0000000000
0.0000000000
0.0000000000
0.0000000000
0.0000000000
0.0000000000
0.0000000000
0.0000000000
0.0000000000
0.0000000000
0.0000000000
0.0000000000
0.0000000000
0.0000000000
0.0000000000
0.0000000000
0.0000000000
0.0000000000
0.0000000000
0.0000000000
-0.1732205017
-0.1690609507
-0.1623361479
-0.1638276742
-0.1604049338
-0.1582344033
-0.1611209119
-0.1602500537
-0.1610681995
-0.1900317931
-0.1931886582
-0.1923140135
-0.1965583975
-0.1987136880
-0.1916812828
-0.1991534562
-0.1897195430
-0.1902328836
-0.1830291491
-0.1765796735
-0.1796931046
-0.1798683759
-0.1795457870
-0.1861941548
-0.1880112191
-0.1870128496
-0.1863530289
-0.1863840807
-0.1803204146
-0.1856967117
-0.1841202075
-0.1876535137
-0.1846101631
-0.1781358869
-0.1876546591
-0.1838819173
-0.1870365073
-0.1833999923
-0.1889485176
-0.1872331785
-0.1793973673
-0.1890839617
-0.1876703121
-0.1835950881
-0.1845663383
-0.1877318484
-0.1954406422
-0.1935779613
-0.1880662799
-0.1862481183
-0.1820067932
-0.1873282991
-0.1880578876
-0.1859920101
-0.1876150578
-0.1839787880
-0.1856210316
-0.1838842724
-0.1869341408
-0.1809810384
-0.1807012939
-0.1772003337
-0.1831649668
-0.1846021272
-0.1791058235
-0.1785153392
-0.1766027901
-0.1845051258
-0.1852958669
-0.1811100845
-0.1870154498
-0.1809722866
-0.1874497526
-0.1780345603
-0.1838549752
-0.1843899655
-0.1816892303
-0.1888876159
-0.1861780256
-0.1890170005
-0.1851350702
-0.1854827426
-0.1808599209
-0.1878629102
-0.1869754575
-0.1855999042
-0.1872254095
-0.1898961972
-0.1856119982
-0.1900228022
-0.1892443947
-0.1891844405
-0.1867788330
-0.1836805556
-0.1889131518
-0.1867660710
-0.1916714890
-0.1925227290
-0.1863517282
-0.1851445982
-0.1875659908
-0.1899797416
-0.1801210576
-0.1779035480
-0.1839742739
-0.1841529803
-0.1772375967
-0.1801893516
-0.1855689583
-0.1820442408
-0.1791056911
-0.1817916929
-0.1807966364
-0.1841766075
-0.1837452435
-0.1791582500
-0.1775772079
-0.1878534103
-0.1847392115
-0.1895378950
-0.1817370457
-0.1808675151
-0.1894103606
-0.1870849865
-0.1894280726
-0.1861751697
-0.1906761335
-0.1877093610
-0.1844152418
-0.1915278112
-0.1900466284
-0.1875191016
-0.1800292691
-0.1902018157
-0.1881762830
-0.1813196159
-0.1895008646
-0.1851766132
-0.1824093606
-0.1774674186
-0.1713043910
-0.1756967458
-0.1739259653
-0.1772091310
-0.1694548808
-0.1764867813
-0.1676039920
-0.1764901440
-0.1804719944
-0.1757019408
-0.1666963110
-0.1757704398
-0.1679311009
-0.1756190843
-0.1685372843
-0.1753823346
-0.1688742079
-0.1743078520
-0.1674216331
-0.1741666648
-0.1677816634
-0.1739806519
-0.1679764722
-0.1801459497
-0.1767524970
-0.1726161664
-0.1666318513
-0.1723484629
-0.1666935238
-0.1765706653
-0.1746361891
-0.1718665748
-0.1666782751
-0.1676351549
-0.1646158061
-0.1608511186
-0.1550112465
-0.1543993956
-0.1533468568
-0.1555610062
-0.1525787823
-0.1588895883
-0.1525325245
-0.1551695080
-0.1553153050
-0.1550428836
-0.1588701712
-0.1533626414
-0.1545994091
-0.1571332953
-0.1496986143
-0.1555011191
-0.1575199166
-0.1547135286
-0.1511966434
-0.1455731309
-0.1586984937
-0.1539640546
-0.1586030249
-0.1539228829
-0.1586284137
-0.1540378695
-0.1585434392
-0.1540813507
-0.1592846364
-0.1553085168
-0.1564542987
-0.1534567691
-0.1494486619
-0.1438624811
-0.1481534717
-0.1494392222
-0.1504124635
-0.1445097385
-0.1454999125
-0.1437071058
-0.1486451360
-0.1462841971
-0.1484811484
-0.1475795066
-0.1447924712
-0.1478026887
-0.1480170653
-0.1485826773
-0.1459961710
-0.1474528108
-0.1501612021
-0.1504701096
-0.1508520972
-0.1430937263
-0.1482426902
-0.1497994073
-0.1463330029
-0.1395317601
-0.1427150735
-0.1427992554
-0.1417250555
0.0000000000
0.0000000000
0.0000000000
0.0000000000
0.0000000000
0.0000000000
0.0000000000
0.0000000000
0.0000000000
0.0000000000
0.0000000000
0.0000000000
0.0000000000
0.0000000000
0.0000000000
0.0000000000
0.0000000000
0.0000000000
0.0000000000
0.0000000000
0.0000000000
0.0000000000
0.0000000000
0.0000000000
0.0000000000
0.0000000000
0.0000000000
0.0000000000
0.0000000000
0.0000000000
0.0000000000
0.0000000000
0.0000000000
0.0000000000
0.0000000000
0.0000000000
0.0000000000
0.0000000000
0.0000000000
0.0000000000
0.0000000000
0.0000000000
0.0000000000
0.0000000000
0.0000000000
0.0000000000
0.0000000000
0.0000000000
0.0000000000
0.0000000000
0.0000000000
0.0000000000
0.0000000000
0.0000000000
0.0000000000
0.0000000000
0.0000000000
0.0000000000
0.0000000000
0.0000000000
0.0000000000
0.0000000000
0.0000000000
0.0000000000
0.0000000000
0.0000000000
0.0000000000
0.0000000000
0.0000000000
0.0000000000
0.0000000000
0.0000000000
0.0000000000
0.0000000000
0.0000000000
0.0000000000
0.0000000000
0.0000000000
0.0000000000
0.0000000000
0.0000000000
0.0000000000
0.0000000000
0.0000000000
0.0000000000
0.0000000000
0.0000000000
0.0000000000
0.0000000000
0.0000000000
0.0000000000
0.0000000000
0.0000000000
0.0000000000
0.0000000000
0.0000000000
0.0000000000
0.0000000000
0.0000000000
0.0000000000
0.0000000000
0.0000000000
0.0000000000
0.0000000000
0.0000000000
0.0000000000
0.0000000000
0.0000000000
0.0000000000
0.0000000000
0.0000000000
0.0000000000
0.0000000000
0.0000000000
0.0000000000
-0.1346844706
-0.1772082931
-0.1822851068
-0.1751525725
-0.1811479632
-0.1742038938
-0.1741956095
-0.1680724247
-0.1683141861
-0.1725478627
-0.1761094821
-0.1694973054
-0.1740552427
-0.1757742989
-0.1742547290
-0.1705305465
-0.1734082362
-0.1686076355
-0.1726303371
-0.1644827083
-0.1695051405
-0.1735704105
-0.1659072713
-0.1711587431
-0.1744529129
-0.1671070987
-0.1694895790
-0.1674357402
-0.1766954196
-0.1729048842
-0.1826716875
-0.1877411317
-0.1755892705
-0.1835321331
-0.1884027485
-0.1770205213
-0.1842263025
-0.1889045950
-0.1765231957
-0.1871843976
-0.1798955925
-0.1783815565
-0.1810152898
-0.1766941116
-0.1758697987
-0.1728754016
-0.1809958443
-0.1866406885
-0.2080269792
-0.2148862432
-0.2149690939
-0.2039284513
-0.2128377536
-0.2186523934
-0.2063012458
-0.2140731717
-0.2195954513
-0.2088647887
-0.2012707257
-0.2066907803
-0.2143059753
-0.2070737701
-0.2111179675
-0.2090077142
-0.2015378290
-0.2117811389
-0.2048197478
-0.1983219252
-0.2007279398
-0.2030728234
-0.2126088237
-0.2129521985
-0.2166721893
-0.2114500349
-0.2266887935
-0.2175956933
-0.2112311142
-0.2755220019
-0.2879355219
-0.2827950721
-0.2744305409
-0.2796953394
-0.2842336802
-0.2819548445
-0.2787761053
-0.2866167343
-0.2783341718
-0.2851445740
-0.2932426090
-0.2425133611
-0.2598688221
-0.2686906639
-0.2847243480
-0.2821468031
-0.2932868129
-0.2733153378
-0.2898241984
-0.2823649694
-0.2794663963
-0.2892395479
-0.2822860902
-0.2821031102
-0.2895937445
-0.2768954913
-0.2719905366
-0.2885329777
-0.2701773968
-0.2750660267
-0.2747374977
-0.2743863324
-0.2739480453
0.4218398452
0.7637209658
0.4996908447
