2.927373707766933175e-01
1.399999999880870316e+00
9.314139016304852081e-01
9.327316758942729713e-01
9.341659205168514335e-01
9.357189359075671620e-01
9.373932639487754237e-01
9.391917059526634359e-01
9.411173431698636183e-01
9.431735602265427509e-01
9.453640719411775528e-01
9.506544614894452128e-01
9.501646785913739901e-01
9.527841544587389855e-01
9.555567745675591640e-01
9.584884703506033610e-01
9.615857753362859750e-01
9.648558995417831907e-01
9.683068169826032356e-01
9.719473691875419874e-01
9.757873883982012275e-01
9.798378451827132185e-01
1.234049370418899283e+00
1.182465668237523193e+00
1.208461930264395079e+00
1.170795770901399413e+00
1.200209339522149588e+00
1.165671850974621782e+00
1.193785724625160638e+00
1.161267047355226012e+00
1.209536517255811905e+00
1.169710058520316620e+00
1.043391149036793308e+00
1.189967443297202054e+00
1.158017350754727559e+00
1.240950230272316990e+00
1.178771057128303434e+00
1.092766111266777918e+00
1.105906095797386968e+00
1.188452854055753516e+00
1.110787707583387629e+00
1.117776861512979503e+00
1.198705546563535895e+00
1.161711437090717114e+00
1.112183816316028473e+00
1.196788674231888061e+00
1.141434192817748938e+00
1.168691209955552868e+00
1.218938429246324340e+00
1.227987894085107889e+00
1.214061282872671121e+00
1.225255707843306396e+00
1.220277820337714703e+00
1.206695980960962089e+00
1.203456442247778480e+00
1.221391027218095671e+00
1.182289443121314010e+00
1.171553613792444937e+00
1.218638380405618005e+00
1.189000213174307818e+00
1.195054305546833673e+00
1.220502949826768990e+00
1.185577188800037929e+00
1.197312312322502015e+00
1.190392373784839197e+00
1.162089661567829113e+00
1.192772253926577930e+00
1.176930484181171188e+00
1.201568158850477408e+00
1.234017825092065701e+00
1.218910144995707823e+00
1.186125644778817767e+00
1.227046568262613491e+00
1.195316207978392109e+00
1.215005279977013020e+00
1.205714173957736612e+00
1.232722711301801777e+00
1.217498851825903117e+00
1.223983375966410936e+00
1.230911369728812987e+00
1.238328027943326415e+00
1.246287859323900182e+00
1.254857582104097702e+00
1.264120302094301707e+00
1.274181746005959903e+00
1.285179943293965676e+00
1.297301028141790713e+00
1.310806694457214316e+00
1.326085956097907914e+00
1.343764275108939366e+00
1.364974783424242943e+00
1.392245145646975990e+00
1.434933851141412697e+00
1.421292818333341090e+00
1.366214188420560083e+00
1.394254610133484951e+00
1.439932072531858065e+00
1.402794600292639249e+00
1.464956524413171923e+00
1.406029882574376888e+00
1.362361150064088422e+00
1.389547430454135091e+00
1.431982715790282468e+00
1.368601322612090332e+00
1.398525410691882742e+00
1.454330282430505772e+00
1.364921941445168319e+00
1.393638452772673508e+00
1.442433268786888823e+00
1.356119511375038833e+00
1.382018197748010380e+00
1.420320004474646902e+00
1.353421224286065705e+00
1.378722239644391667e+00
1.415325708019824935e+00
1.340774408063492462e+00
1.271862544006917117e+00
1.311329152257795672e+00
1.310682083679516774e+00
1.309171640171083117e+00
1.325445639565688172e+00
1.344556018731491998e+00
1.368101064331977978e+00
1.400310496365309243e+00
1.352742245417164479e+00
1.379076488648438570e+00
1.418782054137406767e+00
1.328758773752295674e+00
1.349209892215513573e+00
1.375113250911774054e+00
1.413526998619061503e+00
1.358486016929365103e+00
1.388803058394352918e+00
1.448569187917093659e+00
1.404556204420753351e+00
1.405109735450337904e+00
1.385162480610349522e+00
1.449503125160700456e+00
1.456173919863630983e+00
1.483549031753706782e+00
1.524988134204037005e+00
1.562783124508080101e+00
1.591317733871121520e+00
1.634913530038181406e+00
1.677101056854604311e+00
1.655167241150409696e+00
1.674035781757838626e+00
1.645103464879009270e+00
1.618563647590095522e+00
1.683917500644455778e+00
1.672623077163010619e+00
1.617781170328367990e+00
1.672142951044592429e+00
1.639256521755106499e+00
1.623424382865065629e+00
1.680253197101214901e+00
1.643996211621503001e+00
1.655816117248492869e+00
1.671707788360599301e+00
1.679412733215999154e+00
1.719158966835659497e+00
1.708575783579017848e+00
1.726176102003617263e+00
1.746744596773088798e+00
1.771765921492140849e+00
1.804765833346678727e+00
1.862415536402024507e+00
1.900155584341829629e+00
1.840295174849593263e+00
1.860684359084100459e+00
1.822333156546926958e+00
1.839211170840381104e+00
1.831289970593469540e+00
1.856873547731419993e+00
1.681129551480202489e+00
1.747482057050551818e+00
1.687206657237145135e+00
1.674050930867641229e+00
1.712423339375812592e+00
1.714459413171540936e+00
1.711259004225978764e+00
1.711784095864606003e+00
1.517720678431794923e+00
1.539973753763755893e+00
1.568489475904060404e+00
1.612387939293947969e+00
1.526755907486941677e+00
1.551311204488780460e+00
1.584515400605059687e+00
1.661213170410171580e+00
1.549303543764574798e+00
1.581652704318273539e+00
1.645644923804833848e+00
1.317170063580457073e+00
1.396634864283230693e+00
1.414870983742393395e+00
1.436812413967336610e+00
1.465171412043098087e+00
1.510464017294385952e+00
1.536520191839688243e+00
1.564005804790527421e+00
1.604660751427256837e+00
1.631109237554119185e+00
1.559876771255963579e+00
1.597844326724493502e+00
1.536601800216120361e+00
1.564250414383061560e+00
1.605396928426366498e+00
1.540162151503996490e+00
1.569195729862551181e+00
1.614937416218143351e+00
1.554526910612635149e+00
1.590252898361850020e+00
1.548576792152249526e+00
1.581712549675542423e+00
1.657229874437061268e+00
1.576797117450456698e+00
1.637868149569785547e+00
1.579316927701095441e+00
1.655608907952963671e+00
1.581435271047879620e+00
1.559223814278811959e+00
1.602576818839843265e+00
1.562603181199469615e+00
1.576855802150090691e+00
1.567932681833752229e+00
1.623290061403172224e+00
1.599151542617860633e+00
1.554294349279132348e+00
1.575726337853987413e+00
1.576772813496709613e+00
1.604740230882342189e+00
1.358982616391614107e+00
1.389279551879877062e+00
1.448814251601886038e+00
1.381852194928301802e+00
1.432208082814983685e+00
1.381591767754871691e+00
1.435353098076548095e+00
1.374543567168814429e+00
1.420846410590182352e+00
1.367206912388307938e+00
1.408310610870817436e+00
1.360107907730248478e+00
1.397034148610043047e+00
1.308559019683199987e+00
1.328077006526202863e+00
1.352378304522222852e+00
1.386585528058169592e+00
1.294475907284571514e+00
1.311948637026271625e+00
1.332903698165293971e+00
1.359830508470545096e+00
1.401915015141435683e+00
1.342816053760377937e+00
1.374404113467466715e+00
1.287568262589336099e+00
1.307284100948749250e+00
1.317940703218130505e+00
1.302568156489660289e+00
1.320687176836881527e+00
1.326107351319868233e+00
1.330922508921227099e+00
1.331215855488828703e+00
1.324713090762476897e+00
1.366045533794377764e+00
1.334149201315576017e+00
1.363427303563425896e+00
1.416643445349567099e+00
1.344244948478654944e+00
1.378682076066434892e+00
1.365206543966658304e+00
1.334216803136365925e+00
1.354532707822924342e+00
1.396692069327914343e+00
1.704897259359547501e+00
1.701074657179113991e+00
1.719955584952283623e+00
1.366921499915884297e+00
1.360478604948409442e+00
1.693402915449105262e+00
1.720884455937063962e+00
1.386814755055515658e+00
1.373194548401063697e+00
1.411910327232433593e+00
1.712296830716793172e+00
1.751498116397685489e+00
1.416471386415268485e+00
1.640303060191033113e+00
1.449104529546616060e+00
1.504539332420421927e+00
1.645220731155654592e+00
1.503187534833427152e+00
1.529519432726668349e+00
1.653483372307108734e+00
1.592051535056858480e+00
1.726650834497074793e+00
1.662959247892560777e+00
1.542891819500040063e+00
1.487376193266137792e+00
1.821082280922736940e+00
1.535785764101896600e+00
1.488731117254287639e+00
1.459804843826674858e+00
1.634068331045447353e+00
1.547580633760897939e+00
1.788078341242352431e+00
1.564739868634160924e+00
1.630612998719560780e+00
1.605833832087778079e+00
1.605979189665929896e+00
1.629377474053741892e+00
1.576803732573066608e+00
1.589944216113361009e+00
1.598806677765332473e+00
1.600846056466335599e+00
1.601809799401571421e+00
1.555969783817192420e+00
1.526978554116094067e+00
1.522866933104787268e+00
1.550652885094733646e+00
1.592414912023573104e+00
1.455495118695770307e+00
1.634314983473908356e+00
1.431248685504400875e+00
1.438837831312991700e+00
1.640247020583971427e+00
1.489602460839017706e+00
1.502975494132266387e+00
1.517989967769459048e+00
1.535140593780539575e+00
1.555254068543228563e+00
1.579926298427217546e+00
1.613208760337443426e+00
1.685723111675335950e+00
1.666270398300070621e+00
1.651354085467444444e+00
1.386141097464977268e+00
1.391978024820876625e+00
1.617558973754204210e+00
1.374029312525388180e+00
1.410218154551713621e+00
1.611264252588692880e+00
1.430695738191406052e+00
1.378281208978318295e+00
1.605365251519621950e+00
1.380030537901093979e+00
1.632311407677079051e+00
1.419286013341076735e+00
1.654601968336578244e+00
1.422468709869842751e+00
1.391508048127451103e+00
1.601751126923325996e+00
1.397912412424905826e+00
1.601445885678001835e+00
1.346094175717290842e+00
1.602143836656237497e+00
1.647911955013736884e+00
1.335567626237932792e+00
1.601247455654863039e+00
1.624354813668295927e+00
1.350500181447452874e+00
1.416567773435007283e+00
1.389023168423356713e+00
1.373472291537821910e+00
1.426513372801230028e+00
1.377017621219174925e+00
1.341979512395043539e+00
1.398562797640942490e+00
1.376902746186929205e+00
1.388270507862918501e+00
1.335572972994796492e+00
1.382155163384495067e+00
1.365250890247496462e+00
1.405996207548015686e+00
1.362789634680378725e+00
1.413542796695903547e+00
1.426402847908887495e+00
1.414551492810506295e+00
1.412413962315844040e+00
1.416575026773227108e+00
1.413614578098679075e+00
1.413081865516029101e+00
1.409309928581593985e+00
1.360648061650425511e+00
1.332180966015404699e+00
1.387167346079160479e+00
1.350150682074728437e+00
1.324831117970031391e+00
1.378253168709056453e+00
1.345328448211616346e+00
1.406830038430044505e+00
1.362392683048142095e+00
1.334842341195421778e+00
1.380231355124586168e+00
1.347848916197755820e+00
1.405251723519393758e+00
1.363373056412952922e+00
1.423767035457718322e+00
1.372599722153596158e+00
1.343586227103347186e+00
1.391141742321333696e+00
1.356640153044431640e+00
1.348396789352086955e+00
1.312607967317630298e+00
1.442241581178459686e+00
1.381702351664630957e+00
1.351369383322666984e+00
1.400868384595979954e+00
1.364410522118017832e+00
1.424918040778222039e+00
1.377773752241575167e+00
1.428282826392702765e+00
1.380244869410537367e+00
1.431185692444737922e+00
1.382311670948386473e+00
1.353655365178397130e+00
1.331777315178831689e+00
1.418271340701860339e+00
1.377648925184233430e+00
1.422307960402229066e+00
1.380356078034463918e+00
1.419718463431460354e+00
1.379472858473913544e+00
1.357283363059933912e+00
1.332191428327975435e+00
1.314804299877952998e+00
1.443778579588937294e+00
1.391714019067915808e+00
1.362408701521020227e+00
1.340192963856110975e+00
1.400040998969099393e+00
1.368435632980214089e+00
1.345150147216178871e+00
1.432550785317662889e+00
1.387766351770321815e+00
1.359979615361795569e+00
1.338517222128966733e+00
1.405093479148387559e+00
1.372195221709110236e+00
1.348346205708612633e+00
1.453899628174054826e+00
1.396922890678931051e+00
1.381236438178458092e+00
1.373937958318367514e+00
1.358710706619252306e+00
1.352997208192548095e+00
1.344625767039637987e+00
1.362393429340887696e+00
1.349544741615110066e+00
1.323356773123833152e+00
1.467716872369569936e+00
1.401359543040534561e+00
1.370384817905736075e+00
1.347372286893539828e+00
1.328573611835648816e+00
1.312509442829826734e+00
1.410834617486323772e+00
1.376983598490108207e+00
1.416642224309424325e+00
1.380779321516818925e+00
1.409464199428795528e+00
1.376346291064136196e+00
1.409585812068088195e+00
1.376563806798261513e+00
1.352648022649856507e+00
1.333306317044870903e+00
1.316867446899271155e+00
1.302491164961417036e+00
1.289683439136859233e+00
1.278124282225607811e+00
1.267592236467969258e+00
1.257926439727561352e+00
1.249005654963097900e+00
1.240735816002708880e+00
1.233042206349769021e+00
1.224790860746794108e+00
1.242675640836467199e+00
1.208051421514614976e+00
1.147336270170655759e+00
1.110271758650339669e+00
1.095017580797807755e+00
1.103463821487028707e+00
1.211407417968684896e+00
1.112885825634168491e+00
1.229954927650626972e+00
1.088203281673737921e+00
1.109595979119652798e+00
1.099983567567815790e+00
1.088085690069600764e+00
1.069856926177967793e+00
1.084492960253514937e+00
1.132866844343668244e+00
1.070925719345893201e+00
1.064768238704077996e+00
1.065547764294598077e+00
1.062584988634229122e+00
1.062694444755478473e+00
1.060340686161174606e+00
1.104685992355886937e+00
1.059230301621038040e+00
1.059487413688690705e+00
1.065773563886563524e+00
1.081372678801705289e+00
1.044003239029251073e+00
1.044044457942273629e+00
1.083754249894518296e+00
1.064750014005305889e+00
1.034416107730766754e+00
1.087697001123116847e+00
1.066067731387248863e+00
1.035121561102648968e+00
1.072344149301514449e+00
1.062983980187084843e+00
1.033022095533769891e+00
1.049247016344672323e+00
1.021331682330896218e+00
1.092574265965988500e+00
1.089328762421432950e+00
1.076394626689747058e+00
1.062651497657400190e+00
1.070980642151096562e+00
1.110246302550873532e+00
1.056788636283164884e+00
1.027489043040091810e+00
1.006483669537057368e+00
9.350544248096740452e-01
9.360135348479448059e-01
9.370845711195430194e-01
9.382691761602958147e-01
9.395691943396500267e-01
9.409866837951339491e-01
9.425239301257963831e-01
9.441834620668692057e-01
9.459680694101534337e-01
9.478808234853451919e-01
9.499251005788820201e-01
9.521046087415068193e-01
9.544234185271683879e-01
9.568859983185935558e-01
9.594972550347707907e-01
9.622625811904732540e-01
9.651879094981743457e-01
9.682797764821280406e-01
9.715453969318735838e-01
9.749927514836174147e-01
9.786306902186328038e-01
9.824690559576816362e-01
9.865188319804052419e-01
9.907923203100800214e-01
9.953033586254319554e-01
1.000067586511667495e+00
1.005102775473619703e+00
1.010429242413091844e+00
1.016070373917631109e+00
1.022053299998626041e+00
1.028409772959929303e+00
1.035177333442785841e+00
1.042400887620729355e+00
1.050134888329327110e+00
1.058446430010554717e+00
1.067419775176122299e+00
1.077163217709817600e+00
1.087819955551713180e+00
1.099586278417452601e+00
1.102243141385902625e+00
1.103176026588563285e+00
1.104145643183935377e+00
1.104722514885032369e+00
1.105873311568474016e+00
1.106844032013501122e+00
1.107960297534234861e+00
1.109113670482341218e+00
1.110107075689978906e+00
1.111088543862060796e+00
1.111024128300081681e+00
1.111101786204083286e+00
1.111340326779763021e+00
1.111738465982105240e+00
1.112293557936491206e+00
1.113003646152465498e+00
1.113859656970125567e+00
1.115293545418615251e+00
1.117490232546888507e+00
1.119859901109401035e+00
1.122407869333660768e+00
1.125140046602486565e+00
1.128062998615896317e+00
1.131184023886324885e+00
1.134511243909722022e+00
1.138053709968106730e+00
1.141821530323158029e+00
1.145826022626510898e+00
1.150079897801870477e+00
1.153088300464779614e+00
1.156173168973547938e+00
1.159468135185590887e+00
1.162982244028097689e+00
1.166725605344393513e+00
1.170709546371186294e+00
1.174946795688636358e+00
1.179451706813630762e+00
1.184240532261805923e+00
1.189331762607019671e+00
1.194746550313515510e+00
1.200509245679440617e+00
1.206648083344796341e+00
1.213196074501049271e+00
1.220192185589018097e+00
1.227682924777308449e+00
1.235724523462359281e+00
1.244386011229696942e+00
1.253753677975725900e+00
1.263937776494764798e+00
1.275083019866324330e+00
1.287385892495152229e+00
1.301125128908268369e+00
1.316720203904772291e+00
1.334857792694990497e+00
1.356818618629590301e+00
1.385627131841687953e+00
1.435166374971866166e+00
1.424434611164807629e+00
1.451143927332039896e+00
1.468973452815015568e+00
1.446991386326525353e+00
1.454581740723100092e+00
1.449103143252925996e+00
1.259551068835717658e+00
1.242236916581132444e+00
1.246149652601808766e+00
1.222837406642259150e+00
1.211078725260540612e+00
1.247514701951188298e+00
1.207688674338305956e+00
1.257261537588358014e+00
1.253968593491623373e+00
1.295044937447954903e+00
1.334694138785845308e+00
1.314777663028907417e+00
1.313496999497866247e+00
1.315369116503073199e+00
1.275491510782373217e+00
1.265104643198899259e+00
1.270859503123455525e+00
1.274785201606258189e+00
1.274805854194996479e+00
1.311211318612051535e+00
1.279379200368382374e+00
1.289016749717947663e+00
1.268422813712256181e+00
1.285852698104060110e+00
1.325188916200677136e+00
1.268087375036784703e+00
1.290013643480889538e+00
1.271719357864357525e+00
1.293113241904737976e+00
1.261236905267284492e+00
1.271233173592102306e+00
1.318357203680594392e+00
1.261496287531771676e+00
1.269959220868299044e+00
1.294240674820481107e+00
1.289096906837390089e+00
1.271414379201593947e+00
1.229900908232273604e+00
1.239961740190880457e+00
1.269796314368986767e+00
1.279679270318525575e+00
1.304323262215081103e+00
1.272558754770050315e+00
1.268049358238283242e+00
1.279615244335550406e+00
1.270058890286771769e+00
1.291035064511913522e+00
1.281293657568995492e+00
1.291471409313949215e+00
1.273709432077862358e+00
1.309111174309579795e+00
1.310997458922504411e+00
1.333175725712755000e+00
1.295693425637624907e+00
1.286617988523192091e+00
1.319451791242667982e+00
1.322723123254135436e+00
1.334512007861433647e+00
1.285646925655623773e+00
1.280794246167706874e+00
1.305609409835485124e+00
1.270614109068551434e+00
1.306332521654893997e+00
1.268147736243356194e+00
1.324733836795582986e+00
1.289304593242930341e+00
1.286380429920326085e+00
1.302829993427701893e+00
1.261173259588292073e+00
1.277040897237363914e+00
1.260764810635893518e+00
1.282545348718260314e+00
1.280130190699183768e+00
1.307402811867205195e+00
1.265877549341511976e+00
1.270745815823373093e+00
1.278554252925847790e+00
1.269130864459466324e+00
1.254099904115653308e+00
1.278495589302253377e+00
1.253596260319327804e+00
1.258124757129524207e+00
1.258719621151993096e+00
1.272679389415112494e+00
1.291165772419970992e+00
1.261405032451879960e+00
1.274124552827212042e+00
1.247223010332439097e+00
1.243232422020620787e+00
1.278476056169016717e+00
1.285517166731686922e+00
1.270858786728350953e+00
1.256678625720798692e+00
1.313937045023633177e+00
1.327334316165790895e+00
1.289749118804502492e+00
1.288356722435758162e+00
1.330529286522838195e+00
1.311806937967005648e+00
1.279446421892155517e+00
1.300267554401767667e+00
1.318307344195734476e+00
1.301846150020763426e+00
1.308033990437817096e+00
1.287893207954246000e+00
1.290700992750007492e+00
1.318944567140130975e+00
1.329300929366266315e+00
1.267993218451368920e+00
1.286503713407358473e+00
1.259580729390509912e+00
1.305689242201718780e+00
1.311728624899985096e+00
1.262393271260437766e+00
1.276424831396936854e+00
1.263907632685628002e+00
1.282566780002774243e+00
1.257198218200803019e+00
1.274108276458038924e+00
1.293561368735826500e+00
1.253349299350038581e+00
1.261960287450148988e+00
1.276736473250988047e+00
1.322033207815080491e+00
1.262721138759508310e+00
1.274013748181107797e+00
1.314344298594099847e+00
1.266165903077764554e+00
1.290941700140225024e+00
1.307450303196023622e+00
1.338294178807288182e+00
1.379309044762854208e+00
1.350059828529351913e+00
1.362012037068275561e+00
1.340841923189407536e+00
1.393371774658650031e+00
1.346363262579765907e+00
1.407167160391323391e+00
1.346160083159525289e+00
1.320660821695834874e+00
1.350842735321063026e+00
1.412787262815318634e+00
1.349997117151509940e+00
1.402638687161589903e+00
1.349213464156156839e+00
1.396627976771991797e+00
1.349267971861768389e+00
1.392843700747541602e+00
1.355121486319410096e+00
1.402060899329406807e+00
1.355111730145140303e+00
1.398651070534544294e+00
1.355515914145671186e+00
1.396087541476753069e+00
1.314749032317040323e+00
1.335605051095070328e+00
1.362328713897038579e+00
1.403635929639173829e+00
1.363393628469040442e+00
1.402572784774254178e+00
1.335132254787150918e+00
1.347576743203396044e+00
1.366006411000105558e+00
1.402302744739095219e+00
1.395524526681934496e+00
1.417602164155891797e+00
1.446323840382159664e+00
1.493578616468792974e+00
1.499096749768326298e+00
1.508483075240957039e+00
1.490410468598493354e+00
1.516249937949257554e+00
1.464683293751369186e+00
1.518143726732681165e+00
1.495459266280465105e+00
1.493422238833909121e+00
1.494947657614171144e+00
1.463112614801465927e+00
1.507854577364544202e+00
1.496878865866400954e+00
1.475538234245897806e+00
1.538493908943530775e+00
1.488273539753633967e+00
1.471557864994036180e+00
1.494482427571897754e+00
1.524525811115685636e+00
1.575700371583335535e+00
1.462030262871440556e+00
1.500999034928260922e+00
1.463192560383133944e+00
1.501913071954068091e+00
1.463504215539838560e+00
1.501034368395961494e+00
1.464035088531790096e+00
1.500670017084648089e+00
1.458305577729154479e+00
1.490701210413007516e+00
1.481516573537398740e+00
1.506886515094521428e+00
1.542356166278328722e+00
1.594987878700232953e+00
1.555196922186693698e+00
1.544212460959129674e+00
1.534939405041954474e+00
1.588877294304657628e+00
1.578952130963831690e+00
1.595746842415777911e+00
1.549085829163740602e+00
1.570616578407453501e+00
1.550189864482226731e+00
1.558361442591608359e+00
1.584504355628944872e+00
1.556398523673943268e+00
1.554596853799487421e+00
1.549682446006506620e+00
1.573909746411318089e+00
1.560743389127576153e+00
1.536683524638237097e+00
1.534491366570979842e+00
1.531741872758593193e+00
1.604645012706726437e+00
1.556625515146406569e+00
1.543304291973867759e+00
1.575963744318256810e+00
1.643961144201778302e+00
1.612832141041230738e+00
1.613133790760086894e+00
1.622963049792229384e+00
1.643014827537025546e+00
1.649506634360099921e+00
1.666104390759481024e+00
1.644244131968570111e+00
1.674677336405372863e+00
1.581594993395779802e+00
1.651283260439385447e+00
1.566226340028853414e+00
1.597063965036379374e+00
1.649955614332907050e+00
1.568566236830688743e+00
1.599340613684694823e+00
1.651840245345875813e+00
1.601728165266385062e+00
1.692698783631285231e+00
1.674169555799120301e+00
1.661573067250935232e+00
1.669911253932216511e+00
1.705914895471965842e+00
1.648208809383140627e+00
1.681788442086953772e+00
1.661429626760343670e+00
1.696084602533981966e+00
1.646623426919768374e+00
1.616240339204673804e+00
1.669899305326081551e+00
1.632983159664668449e+00
1.709925073438067100e+00
1.655220077601821771e+00
1.623674160235677899e+00
1.710802738584603189e+00
1.656802112199270205e+00
1.625380731628753184e+00
1.710820060694975941e+00
1.658270412665421079e+00
1.627132155737576635e+00
1.712006407298959587e+00
1.659956334752998641e+00
1.628913688735303511e+00
1.711389567316752292e+00
1.661027591212796972e+00
1.630354332839845766e+00
1.606796650224999290e+00
1.587303935795834953e+00
1.570549034427574098e+00
1.555810447895868975e+00
1.542643602498012356e+00
1.530751333374243073e+00
1.519923274712179584e+00
1.510004011570984295e+00
1.500874876502438449e+00
1.492442856054008393e+00
1.484633479017275048e+00
1.477386066187611702e+00
1.470650447803740102e+00
1.464384629406541682e+00
1.458553091134742852e+00
1.453125522245941381e+00
1.448075862130053570e+00
1.443381561878295694e+00
1.439023007639405272e+00
1.434983064708190925e+00
1.431246713116407054e+00
1.427800753559024693e+00
1.424633568092888325e+00
1.421734924007752809e+00
1.419095812117114219e+00
1.416708312792288593e+00
1.414565484597849032e+00
1.412661271535482488e+00
1.410990425774683255e+00
1.413253656967408789e+00
1.417380304471999031e+00
1.421824197266383427e+00
1.426602875968709494e+00
1.431736421338569709e+00
1.437247928956114640e+00
1.443164110961282054e+00
1.449516068652379142e+00
1.456340298902438768e+00
1.463680026892310249e+00
1.471587004466974102e+00
1.480742487630643645e+00
1.490782157331376423e+00
1.501748377773161058e+00
1.513804896832623204e+00
1.527175201770349933e+00
1.542178472623829233e+00
1.559299516973364108e+00
1.579342957220207122e+00
1.603844387843735841e+00
1.636608204770535258e+00
1.700463334171696816e+00
1.708154322825621518e+00
1.711255088513296441e+00
1.684319304311538312e+00
1.657299657378424884e+00
1.622824499026043643e+00
1.655908049220724987e+00
1.721365402786191989e+00
1.643812817634451973e+00
1.688120325954976408e+00
1.630078192410099103e+00
1.664444730578198861e+00
1.609214301582697182e+00
1.635188220399236503e+00
1.671101988806594107e+00
1.615000905781518448e+00
1.641955302645823123e+00
1.680275339298857640e+00
1.619523077374245501e+00
1.647255991049104695e+00
1.687650471265367269e+00
1.625581643969386647e+00
1.654527355455503113e+00
1.698532600701432749e+00
1.339007726611238569e+00
1.306411427808721104e+00
1.350530048577518905e+00
1.311708514291347161e+00
1.355234533704517963e+00
1.354617429121240946e+00
1.396026238169260081e+00
1.393760917176154912e+00
1.364022733579576707e+00
1.340105647616282480e+00
1.384222783711604787e+00
1.352971462902613942e+00
1.341515022344694774e+00
1.351345857685559260e+00
1.376427140355306555e+00
1.356931828164712472e+00
1.389946640347962559e+00
1.362387835830969562e+00
1.420174580700455103e+00
1.384339112385960746e+00
1.356978898146437018e+00
1.410836772571001596e+00
1.374217803961987006e+00
1.352169336471670036e+00
1.402654099628530826e+00
1.385420772387002009e+00
1.399609964916986193e+00
1.336524608726126884e+00
1.361230898697612712e+00
1.299060525264542632e+00
1.269348953851668904e+00
1.343323506035147830e+00
1.293949422926485404e+00
1.265826656450565357e+00
1.334531395438998347e+00
1.290347162897976574e+00
1.263304717819907941e+00
1.337841161577403515e+00
1.273147314903442906e+00
1.316738532546410934e+00
1.326419602999045155e+00
1.310315153686220757e+00
1.337795367359738918e+00
1.343541167235090095e+00
1.363825100983088845e+00
1.312196770853774064e+00
1.279185531048874225e+00
1.168964464902882305e+00
1.138721098179707125e+00
1.139063584845392718e+00
1.189834578411916866e+00
1.148026367699332750e+00
1.122482878838830800e+00
1.177298269723467961e+00
1.141604866264279705e+00
1.117759551901831516e+00
1.164697880389832019e+00
1.200958571918572027e+00
1.174712764563298428e+00
1.140149488676046152e+00
1.173032135997887915e+00
1.154563395185611574e+00
1.164396117143671416e+00
1.200368119088513152e+00
1.152370744953200354e+00
1.185084923290232961e+00
1.217777951127689162e+00
1.205805815864810393e+00
1.194007077442296394e+00
1.149355979583198462e+00
1.147749515659588937e+00
1.131484257936369309e+00
1.154490870147751425e+00
1.090520570669317291e+00
1.127823646324003004e+00
1.155948579374366902e+00
9.334782360040392302e-01
9.021872940967498034e-01
9.152310948286177528e-01
9.373434651643184345e-01
9.239071778020232495e-01
9.128296592854365787e-01
9.179254245603027940e-01
9.253567643511380059e-01
9.048913924453410029e-01
9.251832004491535866e-01
9.072986377574565608e-01
8.872407186958838343e-01
1.030152347114229539e+00
9.742649056695995569e-01
9.484210901787876180e-01
9.059364792523332266e-01
9.120351684311217566e-01
8.847267554238962273e-01
9.343008735413406152e-01
8.921560141040738579e-01
9.101187670859516299e-01
9.172146428031360266e-01
8.927794791196227431e-01
9.096143279328912090e-01
9.098490760572024438e-01
8.913177460903659588e-01
9.228792720157343865e-01
9.357743724685070319e-01
8.934606285275391580e-01
9.404745521099932004e-01
9.272691246419672018e-01
9.281397024416362385e-01
9.291196775556249676e-01
9.302105230686752435e-01
1.075643717061590721e+01
5.791609225345988321e+00
3.136291225822218198e+00
