-8.942850850760101125e-12
-1.085456932911179617e+00
-1.854246598099604881e+01
-2.029840486306477132e+01
-3.133735234362634792e+00
2.006110816387285112e-01
2.010001748270210109e-01
2.008282803583648912e-01
2.012681026952911068e-01
2.000911666701002123e-01
1.985434667431275058e-01
2.020375304712546949e-01
2.020910718985695909e-01
2.014571618021210042e-01
2.003738417521402082e-01
1.987863371870841056e-01
2.029393697802701901e-01
2.010838905270312948e-01
2.007044433853472920e-01
1.990868721354530080e-01
2.025553657042218902e-01
1.989673640020568901e-01
2.019718278240779097e-01
2.006244426196238939e-01
1.990425240610985969e-01
2.033379072341094940e-01
2.040781285689430014e-01
2.023493678764040071e-01
2.005898689197923024e-01
2.005545534878641900e-01
2.034165500473404109e-01
1.996683882483765993e-01
2.007478034382098042e-01
2.021478475216136883e-01
2.022793201293310028e-01
2.023820532352308965e-01
1.981033648613320930e-01
1.993818418087678901e-01
2.018485627560142881e-01
2.041579464751218931e-01
2.057412689874640044e-01
2.032844682206376985e-01
2.028953813212595048e-01
2.050899839119577073e-01
2.037507806293299972e-01
2.044788712836093092e-01
2.050272705161499953e-01
2.029393851385404013e-01
2.038657535364815920e-01
2.057175003249425982e-01
2.070632772308995950e-01
2.064926344746091103e-01
2.045369982973272993e-01
2.044495140841318948e-01
2.060799813568696126e-01
2.060223095460509968e-01
2.066668877782474045e-01
2.092434536862572969e-01
2.073123334847574994e-01
2.084303408943559976e-01
2.099244331977040967e-01
2.114180550246798906e-01
2.074168821355089898e-01
2.093122074700894120e-01
2.114652986634857901e-01
2.096857806281854919e-01
2.108021718995266025e-01
2.132150570064128003e-01
2.122525815371922864e-01
2.064281500505669997e-01
2.110915523956110873e-01
2.120764078963101873e-01
2.148790257925549951e-01
2.122597725328342899e-01
2.124057744920856972e-01
2.118766697471516081e-01
2.160243644747031899e-01
2.146845558750277994e-01
2.123556520527019043e-01
2.154076754249963088e-01
2.167547805828816121e-01
2.143118953605543942e-01
2.156550647849604929e-01
2.185400544243012999e-01
2.174359781482922971e-01
2.147491217312803014e-01
2.158924088139556052e-01
2.191720364156055922e-01
2.205196427216576105e-01
2.202610847443279007e-01
2.192864721431095065e-01
2.201414268611500968e-01
2.215273025238397864e-01
2.228061388047339886e-01
2.217739110536987024e-01
2.214742045063075870e-01
2.201241263919788971e-01
2.247714635492563118e-01
2.242875891788863041e-01
2.241257237482578990e-01
2.259055254365013032e-01
2.267475661555712896e-01
2.240276611195408940e-01
2.271371813065118928e-01
2.270728500691316099e-01
2.312717344361457927e-01
2.292907468128116966e-01
2.250410083099627090e-01
2.291240006319351930e-01
2.307541621140916932e-01
2.329632429199506027e-01
2.311259205412878881e-01
2.348575897398358925e-01
2.323907902517660107e-01
2.344088962975326984e-01
2.338077923080343068e-01
2.376060934106319078e-01
2.379400930100729061e-01
2.381902233235954069e-01
2.395562493215500077e-01
2.401490418506934954e-01
2.409986981421899932e-01
2.430411750170302088e-01
2.437946071140505988e-01
2.425526656677612913e-01
2.474813156306301942e-01
2.456193394959949039e-01
2.439693951588242926e-01
2.485242799919553103e-01
2.513348655030838152e-01
2.499434990867034911e-01
2.528382498790882060e-01
2.548752431521568163e-01
2.552684719321273166e-01
2.569289747558481940e-01
2.575625118340854058e-01
2.604323655390776149e-01
2.570937603853603037e-01
2.615177027265929155e-01
2.654949767669264049e-01
2.649803120226683073e-01
2.621103518976322100e-01
2.666855914758969881e-01
2.688428403841638947e-01
2.665895872840894909e-01
2.689589338004462205e-01
2.714129069710974895e-01
2.730208546438185890e-01
2.732506363039973740e-01
2.740642198106503225e-01
2.722649052561252891e-01
2.752653657428372203e-01
2.775484861726628116e-01
2.796510461766956723e-01
2.815398856902717184e-01
2.849324611164925081e-01
2.832193521421808025e-01
2.873072390211822147e-01
2.873359869514962028e-01
2.877701461079752998e-01
2.905543212318524859e-01
2.878757534317645805e-01
2.969981466254099089e-01
2.971154801991808814e-01
2.979134839584209882e-01
2.990528364148830054e-01
2.965546907659649123e-01
3.037692900867924872e-01
3.037886259987956916e-01
3.054329018382390126e-01
3.038994659117492114e-01
3.108298538315154014e-01
3.088621697604616023e-01
3.135322075665126773e-01
3.135503131802520049e-01
3.152247468286791254e-01
3.190340534173936038e-01
3.191757436192265152e-01
3.203336126331987055e-01
3.208682921849289049e-01
3.248875022113892896e-01
3.291985347922667948e-01
3.325550895275172225e-01
3.362593579164671054e-01
3.347557983275464832e-01
3.413170903059377093e-01
3.451343414929805009e-01
3.443920602328824909e-01
3.505095917500187230e-01
3.543603139463288865e-01
3.455589979258391065e-01
3.575073173786458836e-01
3.614604185668084946e-01
3.638400047964719941e-01
3.703427884810723825e-01
3.698941455071492190e-01
3.747573710957124993e-01
3.746925149796037080e-01
3.766126534419073080e-01
3.810304035594511141e-01
3.798304255376042105e-01
3.874725059931973803e-01
3.913291014936666756e-01
3.945117102649032259e-01
3.971417048462402843e-01
3.995521039795945084e-01
4.088586800898074136e-01
4.115060708854074156e-01
4.136310453304463119e-01
4.163803984861076946e-01
4.252157739337905085e-01
4.266808694159626159e-01
4.329411503996549726e-01
4.382524787103709851e-01
4.425973896994230827e-01
4.503918808437923915e-01
4.549042398621038763e-01
4.647048701745667976e-01
4.685565071212471899e-01
4.691679664175422149e-01
4.772420306773084153e-01
4.774844272634919951e-01
4.778217769782494018e-01
4.859917039282197759e-01
4.943812460008301102e-01
4.907661615478446926e-01
4.995720980195041960e-01
5.028410267902366781e-01
5.060348915372475664e-01
5.116617075275684545e-01
5.207963051394719489e-01
5.234974640160757753e-01
5.289036206630028936e-01
5.350659066606932024e-01
5.400076795502065652e-01
5.427161292605308107e-01
5.480312301410982245e-01
5.558418896614235605e-01
5.553050392731042617e-01
5.680728015139666631e-01
5.703086278310941504e-01
5.689294330580931813e-01
5.718964891292797059e-01
5.682048764925481388e-01
5.695508763155963106e-01
5.698152355173348171e-01
5.742693877705301597e-01
5.708006400984010353e-01
5.730935424997907202e-01
5.716127567589808223e-01
5.744520436832571963e-01
5.765031007634577875e-01
5.761375850687375788e-01
5.715207917922705549e-01
5.758808983830819850e-01
5.794938580060553512e-01
5.751620722696434429e-01
5.762021797815041202e-01
5.808011330512294901e-01
5.846015341106444163e-01
5.793701963509414465e-01
5.863149784777123008e-01
5.815655937254595731e-01
5.855112440892953352e-01
5.938518688733749329e-01
5.872789680132238788e-01
5.853891206689714188e-01
5.909660723409966288e-01
5.928474263513113796e-01
5.936322535415932133e-01
5.962158193041880994e-01
5.927431428885896469e-01
6.011153167863440006e-01
6.000143070467868212e-01
5.977319098871562986e-01
6.030589342504049100e-01
6.078530923759135618e-01
6.100232343149550873e-01
6.063553910452322837e-01
6.136679214448325093e-01
6.118481391426116023e-01
6.161915806296025533e-01
6.162677015108466438e-01
6.290056650873764310e-01
6.231479564870585630e-01
6.256280726003637938e-01
6.262759315583423803e-01
6.323176453758642124e-01
6.347308389568030451e-01
6.403335789037926107e-01
6.450641348508900919e-01
6.489337007661709622e-01
6.502809078012129484e-01
6.492151260386727074e-01
6.655884276340005012e-01
6.654533872433714414e-01
6.741505894081869510e-01
6.712540718312293153e-01
6.723173469356147347e-01
6.709751820388640819e-01
6.660926352086590230e-01
6.599752870026951435e-01
6.517938144876128659e-01
6.598322523324763322e-01
6.365040741024350357e-01
6.192254900436995335e-01
6.023080929127950789e-01
5.936579308263141286e-01
5.811981891717906690e-01
5.742820995798078032e-01
5.643932860531846174e-01
5.604338886029575084e-01
5.467527543930367218e-01
5.436562313432836691e-01
5.340032502372017431e-01
5.336208802766443382e-01
5.288193635212068422e-01
5.260698654641530192e-01
5.157488789437064680e-01
5.103809722416333683e-01
5.107723959067426156e-01
5.071270546767074894e-01
4.998102673530219753e-01
4.955646195183963099e-01
4.902291236481916004e-01
4.873210981108248019e-01
4.836680407603026755e-01
4.830594073444369196e-01
4.781516629264394025e-01
4.760255557953985139e-01
4.721261823790037782e-01
4.614370845232311780e-01
4.724796416138383748e-01
4.652899758145693787e-01
4.635742453203767210e-01
4.685367254443784102e-01
4.628298787820375182e-01
4.565755318413873831e-01
4.484310569499991850e-01
4.567697219706405853e-01
4.534000966554944112e-01
4.453151800403091221e-01
4.506888665002699024e-01
4.468127621848351771e-01
4.414023512267610250e-01
4.384822953991187044e-01
4.404330594259294740e-01
4.379026600675369196e-01
4.338242181637498862e-01
4.344978783298412139e-01
4.321389962630962089e-01
4.342731751497257986e-01
4.303918713877171731e-01
4.325969140415816261e-01
4.299067077596385733e-01
4.262159018208229733e-01
4.254938377662361160e-01
4.278216969506772882e-01
4.232945711215801987e-01
4.202115955726949958e-01
4.168093125590021097e-01
4.193397982271095947e-01
4.153030128333469739e-01
4.184026367172204997e-01
4.217508555756458999e-01
4.176355742499239243e-01
4.129846299162642786e-01
4.202082911002572030e-01
4.145661934541939875e-01
4.172303560096337072e-01
4.136080521884111794e-01
4.191766355455854853e-01
4.128116408359788769e-01
4.151413061782618930e-01
4.091474651152859909e-01
4.115452202734377063e-01
4.113247747818545852e-01
4.094910817794797930e-01
4.088424245818801928e-01
4.056864901788501121e-01
4.057826342410250087e-01
4.074065697245088935e-01
4.066612072447146065e-01
4.110961794284455073e-01
4.054729941908193913e-01
4.084645131960348841e-01
4.068781209316216785e-01
4.064522383432832009e-01
4.067300498257193087e-01
4.059765121457852843e-01
4.060644810058912091e-01
4.056507292632055006e-01
4.063681510423898247e-01
4.051873623948292757e-01
4.035446374390220248e-01
4.048422125662328730e-01
4.086319745941148218e-01
4.026798972754540018e-01
4.092454316528800762e-01
4.070633214236842878e-01
4.062296143493360767e-01
4.062659395512479010e-01
4.076646269389022081e-01
4.062802416688517937e-01
4.057010828122373791e-01
4.064338548964893105e-01
4.049176092460243792e-01
4.057630971159952860e-01
4.026064820343258077e-01
4.019264479095077114e-01
3.965148626948236110e-01
3.961119803823537899e-01
3.914875725835398890e-01
3.890373776159555819e-01
3.884618062177612186e-01
3.885332547559460781e-01
3.900904439495264109e-01
3.860635453168375086e-01
3.809599686244729000e-01
3.811597197568952766e-01
3.768492924896664764e-01
3.777268626649645800e-01
3.725515569736773114e-01
3.694875200080758870e-01
3.646352302601340023e-01
3.629592400866347157e-01
3.622632825913563170e-01
3.630801034357131751e-01
3.583362526151775973e-01
3.563735267003393936e-01
3.565294130766029079e-01
3.534551876271272985e-01
3.518004849391235256e-01
3.464046675285455956e-01
3.481450681555064985e-01
3.440927168739547071e-01
3.457135706537788900e-01
3.435074321034151112e-01
3.395919032946573823e-01
3.400555412189992799e-01
3.336173931668983128e-01
3.396808034315186853e-01
3.343676646822196785e-01
3.326385275689058840e-01
3.327095910591846839e-01
3.325988502808469027e-01
3.318993725331662037e-01
3.304623027004989222e-01
3.254903481321410053e-01
3.240658580338843242e-01
3.225502260334280891e-01
3.236622462673615086e-01
3.242070205711756747e-01
3.217816376117245136e-01
3.217064473502967981e-01
3.188723692506575946e-01
3.165257850273640039e-01
3.201500255431052877e-01
3.167963907663639000e-01
3.160958492850765023e-01
3.112735691009659855e-01
3.131487191558720018e-01
3.127111876754369857e-01
3.133805103289077909e-01
3.114066355344942139e-01
3.118465171233270050e-01
3.107352641752061939e-01
3.080723073654481059e-01
3.079893998639940955e-01
3.051691603213448900e-01
3.053893532561953172e-01
3.054748311002342120e-01
3.053899108818131092e-01
3.052406503117067182e-01
3.040984425493536980e-01
3.053955427735032813e-01
3.054200368785611741e-01
3.048304496547076803e-01
2.998552347062278800e-01
3.013073656722977112e-01
3.006008805253995164e-01
3.009533995535135231e-01
3.002333667083332824e-01
3.004131606402988819e-01
2.982587673904746883e-01
2.998339043609792864e-01
2.995851602031894267e-01
2.956927725555736908e-01
2.978702193383063745e-01
2.985916022148297766e-01
2.966132568674159087e-01
2.985113679820450838e-01
2.936926271171987901e-01
2.940414620255321076e-01
2.952755889975847148e-01
2.940550815103271098e-01
2.937642223231639038e-01
2.952102039959668134e-01
2.933290020145638000e-01
2.954705122127210815e-01
2.950927610223266773e-01
2.905730352381639126e-01
2.940536600269140211e-01
2.915071622753073743e-01
2.934117059909870928e-01
2.924938509810932064e-01
2.923592879275487277e-01
2.949644099990595958e-01
2.936832023777006806e-01
2.908079104823623751e-01
2.917806198099289761e-01
2.916157978156432851e-01
2.907780816533458990e-01
2.914853370149153022e-01
2.932649145884675956e-01
2.915192369796629768e-01
2.904683076027281818e-01
2.898319598994512081e-01
2.900408620661399928e-01
2.904509342578293074e-01
2.892193737314349145e-01
2.877898605319104131e-01
2.890273205819779978e-01
2.896187520894616951e-01
2.863523424175137277e-01
2.892284137859540971e-01
2.868256721456062253e-01
2.886174393688065165e-01
2.894408193492740144e-01
2.852645161882947922e-01
2.872054143430922135e-01
2.889318057699591935e-01
2.886812259820055182e-01
2.863064395484368752e-01
2.887786226770646114e-01
2.887183270516014977e-01
2.887295209873046997e-01
2.883953644710918751e-01
2.864958274770744162e-01
2.868674682999101111e-01
2.848223931149924115e-01
2.884006055967484050e-01
2.841339405686263975e-01
2.884978235181068773e-01
2.884246529602266795e-01
2.860859859771686109e-01
2.855912831191038115e-01
2.886042319238789067e-01
2.878303794508594859e-01
2.879077463722775065e-01
2.888432507366238133e-01
2.857917381157223935e-01
2.897675339171197906e-01
2.889630199063958904e-01
2.870505279492279738e-01
2.871887671986793067e-01
2.876551933669059258e-01
2.882055243053451843e-01
2.881193677368883987e-01
2.869198223386087987e-01
2.865601794628767074e-01
2.824859086515498774e-01
2.881370333806739237e-01
2.882334049299719037e-01
2.878900586324453226e-01
2.890416195819905942e-01
2.883288588557986198e-01
2.865597194290464000e-01
2.896429294606213123e-01
2.895450703986512941e-01
2.871523025547221275e-01
2.908829693435375785e-01
2.892287588155864064e-01
2.859507149967555062e-01
2.891080128363885948e-01
2.891360178295950822e-01
2.910914638086634088e-01
2.893657124261757030e-01
2.890458247034630723e-01
2.908786957361536030e-01
2.902659963751231809e-01
2.890860947197899100e-01
2.932291664377053020e-01
2.917872663885192064e-01
2.934217833047275126e-01
2.929053755484454236e-01
2.915651684770919072e-01
2.909545476420030141e-01
2.876756704147747090e-01
2.909556446290965104e-01
2.939931213400260868e-01
2.917814058513515940e-01
2.925192195190822742e-01
2.954714646706386727e-01
2.926280772797855145e-01
2.904886697238823756e-01
2.952483235473727929e-01
2.956893315807486156e-01
2.947511659992673727e-01
2.972648199476530806e-01
2.964979412662342995e-01
2.966922488895664123e-01
2.931208424589915040e-01
2.982810351312429886e-01
2.996820250137546826e-01
2.999393885425605255e-01
3.004349674902808132e-01
2.988941109063393275e-01
2.997250023336369140e-01
3.021739903507856817e-01
3.060015537217825043e-01
3.038370472422470825e-01
3.063967827131853228e-01
3.048934843556059815e-01
3.053659620006645148e-01
3.036347017393848935e-01
3.051530438912292142e-01
3.075357781955591063e-01
3.086567622813916056e-01
3.115567487721334072e-01
3.112248167748383199e-01
3.123623917464674049e-01
3.126235059972564123e-01
3.132243188261207845e-01
3.132217896144310898e-01
3.145313576249247900e-01
3.140881673260118023e-01
3.180124892368639822e-01
3.188346285161698934e-01
3.186199637335648815e-01
3.221017377690583161e-01
3.249718659006852195e-01
3.224318588199264757e-01
3.267533819508131043e-01
3.274198853101240037e-01
3.275642404212508185e-01
3.272369921573161089e-01
3.271593431139552810e-01
3.293660034704630757e-01
3.282632905087771724e-01
3.338918764124158001e-01
3.330422032946981914e-01
3.332342455740197051e-01
3.357627223687913998e-01
3.390907046642319123e-01
3.380162846045988156e-01
3.381188539640331836e-01
3.369968950333461777e-01
3.393834942384995057e-01
3.372868993983763053e-01
3.426954206877356190e-01
3.423885989887955894e-01
3.480619317219689757e-01
3.453080005905553862e-01
3.466998915149994143e-01
3.489330206015103797e-01
3.489047287575092193e-01
3.496102761878481791e-01
3.505763658054169007e-01
3.549689093842282039e-01
3.524007389705052784e-01
3.541949199435424078e-01
3.572812588071261897e-01
3.599636716743069842e-01
3.602702246851293144e-01
3.593739196038069905e-01
3.631494296184533122e-01
3.613813273850374208e-01
3.626800519290178104e-01
3.642053223923572003e-01
3.662674743380445741e-01
3.656990325288776988e-01
3.676991437228406823e-01
3.683709729140332012e-01
3.674375246682894947e-01
3.707167889432878005e-01
3.700445688211905226e-01
3.696215197726003820e-01
3.760884802994025056e-01
3.730131825102231957e-01
3.740031351711630148e-01
3.751162282568442086e-01
3.738910462406718760e-01
3.773307376571807814e-01
3.754598047064612865e-01
3.785284401201757243e-01
3.767026446541040796e-01
3.775646523856083792e-01
3.826545889433934922e-01
3.838739484252643996e-01
3.770469420490982770e-01
3.857282464348167905e-01
3.840232833933580059e-01
3.870822076284706759e-01
3.861849741537282110e-01
3.914471537969297921e-01
3.891912797837466798e-01
3.918858289439637876e-01
3.948413793178329190e-01
3.920777520491477985e-01
3.943017034257922937e-01
3.961661094270497729e-01
3.966097627453823993e-01
3.993691547328732105e-01
4.020074158416829802e-01
4.057150726611954972e-01
4.053964485608815838e-01
4.056354577691944074e-01
4.057352182764406012e-01
4.045099865859105859e-01
4.137373421110673855e-01
4.127525785143499881e-01
4.171666844780413941e-01
4.162489676646031755e-01
4.200345128313882070e-01
4.208545958689459132e-01
4.202960932858962884e-01
4.203986184255283920e-01
4.234659972006826201e-01
4.277402737562054913e-01
4.267589020070713945e-01
4.265210126265491786e-01
4.313948234318049080e-01
4.387696086669964912e-01
4.349347509347323837e-01
4.436209369796100810e-01
4.432029363802300059e-01
4.398770113814197136e-01
4.422233144383768133e-01
4.476475990338864008e-01
4.505186774505396952e-01
4.542925740274181834e-01
4.533835492324413963e-01
4.592343061876262844e-01
4.562557785978169078e-01
4.594737729618396105e-01
4.612718367315166157e-01
4.640101611967987760e-01
4.646689347663259251e-01
4.690327123563802214e-01
4.677095791633287813e-01
4.697715618176303010e-01
4.719888564828650934e-01
4.742576550264911983e-01
4.717769526931979152e-01
4.777417194816234169e-01
4.787218596575649743e-01
4.790102856942419218e-01
4.840367339723978812e-01
4.838393059120127959e-01
4.865380980120456167e-01
4.894399640640749172e-01
4.867946597510047768e-01
4.916734247234791910e-01
4.962800284728411948e-01
4.999296779301555249e-01
5.005393068626456943e-01
5.014085721477444801e-01
5.070207710018133085e-01
5.042819025537058630e-01
5.113631166558568752e-01
5.117728847364108047e-01
5.106111459530867647e-01
5.172354125205345099e-01
5.188140916861535556e-01
5.223233649792100586e-01
5.256861446693303908e-01
5.301153478631257521e-01
5.341262067343789388e-01
5.348870367630337297e-01
5.352947486849977121e-01
5.358020783871082493e-01
5.430402691588577246e-01
5.490767594205119284e-01
5.490155857078500290e-01
5.555041780108189720e-01
5.561993211397284753e-01
5.534201401486834593e-01
5.567249201877303433e-01
5.596461769460090441e-01
5.547465672818453486e-01
5.583900712063986083e-01
5.626580767542546102e-01
5.667000477248733681e-01
5.653640723970010384e-01
5.659958677699169494e-01
5.631405015852771756e-01
5.717725240476186910e-01
5.685846275640807912e-01
5.725974756101676055e-01
5.717466411694432926e-01
5.791471028210588567e-01
5.811667909044415659e-01
5.812804134687471480e-01
5.866495211600816218e-01
5.855493067654979900e-01
5.867081216170029201e-01
5.874685286931856654e-01
5.931375364947605311e-01
5.944747480313580246e-01
5.944368174734128152e-01
5.952259782727723492e-01
6.023199309803829449e-01
6.037328974252856861e-01
6.059187849048989216e-01
6.126509047325889856e-01
6.132875792121408320e-01
6.151454169514845027e-01
6.165668006728804995e-01
6.198247974099404534e-01
6.231613279591876609e-01
6.294891446062003126e-01
6.303661409857364006e-01
6.332361766720469021e-01
6.373957224860000714e-01
6.365193855738346951e-01
6.384676102887960614e-01
6.464826152232572287e-01
6.500615900004816927e-01
6.535340905589167582e-01
6.503968473526028360e-01
6.489154644636997427e-01
6.449738171372826345e-01
6.408436025991711693e-01
6.376200313596523950e-01
6.336121748530093578e-01
6.191879196825464948e-01
6.089574861607612855e-01
6.007164100441201304e-01
5.918104249844501341e-01
5.825881885855388465e-01
5.742103549094833559e-01
5.674399427695244746e-01
5.552367227041535847e-01
5.544748831264521005e-01
5.454459880426041352e-01
5.431968613674711399e-01
5.387718365716730462e-01
5.339289201574802801e-01
5.273333609492990570e-01
5.206010269205042507e-01
5.173160826035647641e-01
5.177850030129108605e-01
5.078936416147463717e-01
5.067402255135483591e-01
5.027239537573903183e-01
4.946779753594148787e-01
4.943301333705074074e-01
4.915786184482816012e-01
4.888310496764475821e-01
4.858525331979154926e-01
4.801940350595753082e-01
4.793651229368683930e-01
4.788065598436739845e-01
4.737581647233807258e-01
4.707738144174780093e-01
4.651114991472387050e-01
4.570890336724179881e-01
4.544429212480349811e-01
4.512054572859153789e-01
4.494910991164181024e-01
4.415673838656034023e-01
4.359557604988523183e-01
4.294259181672187009e-01
4.315171098525090176e-01
4.227949849567202989e-01
4.251678994706230008e-01
4.208231184009074144e-01
4.150357081209471999e-01
4.154393616820906132e-01
4.133010341891992789e-01
4.077068186921237736e-01
4.046681746999932772e-01
4.019372543127689990e-01
3.998585975993477759e-01
3.933031210454758786e-01
3.942744944056000844e-01
3.896550638517142229e-01
3.891202219671383022e-01
3.877186035356995908e-01
3.816953707132200724e-01
3.851535792065837738e-01
3.802223135134363274e-01
3.794754922614639869e-01
3.797456100101558873e-01
3.748362190980016884e-01
3.719450475956914137e-01
3.673474861590452778e-01
3.666046321176433809e-01
3.672988652798122033e-01
3.641011163222128144e-01
3.593344082104885095e-01
3.580013534723783808e-01
3.527760943819560069e-01
3.538828299595423998e-01
3.551415017975230737e-01
3.531628841803535757e-01
3.484441232482795026e-01
3.484057641113068038e-01
3.412065716769427937e-01
3.448119110572759882e-01
3.423428689779742795e-01
3.381189359600529909e-01
3.350397251334776838e-01
3.354136462441004163e-01
3.321767004074340779e-01
3.262821575764595083e-01
3.294494202420996110e-01
3.252896773031170863e-01
3.206260764649740969e-01
3.189230747790477993e-01
3.153834029936419814e-01
3.162599315939386146e-01
3.140380729249012126e-01
3.124475151871055068e-01
3.086375265140813839e-01
3.048825430064996955e-01
3.065777375410265182e-01
3.067971601471700116e-01
3.046922636479217905e-01
3.020221221070720774e-01
2.994784837623528095e-01
2.965650053567829847e-01
2.958003480918843797e-01
2.938523583705239806e-01
2.936932578955304129e-01
2.896404944200803855e-01
2.901972361040702220e-01
2.829601362552874866e-01
2.860532411898759064e-01
2.862924430505336959e-01
2.843398984991590273e-01
2.844163210962594723e-01
2.843274326249561890e-01
2.793679344237370854e-01
2.783471379629345877e-01
2.786414451940725234e-01
2.787000701969815086e-01
2.771362128911953882e-01
2.703519925176386951e-01
2.717901820780204147e-01
2.735918907855957038e-01
2.724889652694292841e-01
2.696391241078939793e-01
2.673444333673880013e-01
2.688019057006191259e-01
2.671225289621876886e-01
2.706001507456238797e-01
2.598842001342416830e-01
2.660211830789330767e-01
2.637712247909677066e-01
2.643789682591933810e-01
2.597628049025488273e-01
2.634305876101720734e-01
2.606726762553451815e-01
2.626690177756728084e-01
2.599411934892597031e-01
2.578864445746990031e-01
2.562377122056807011e-01
2.539761831359553801e-01
2.565405723411398053e-01
2.543570145566769747e-01
2.512086427671321731e-01
2.530509920512025723e-01
2.519713605998378791e-01
2.510509312838726248e-01
2.486828707949630957e-01
2.485301843560056012e-01
2.463339826083240092e-01
2.460298351702608077e-01
2.437182039329816030e-01
2.429013763963412120e-01
2.421158213704752982e-01
2.416983877116714030e-01
2.420250212297639092e-01
2.396415509297613045e-01
2.381637657971676092e-01
2.390937728884378888e-01
2.381539192846399977e-01
2.364833354676834087e-01
2.363183546275756108e-01
2.349965928501024093e-01
2.339858583076420973e-01
2.345226704594934042e-01
2.343495221800080963e-01
2.342209464049554990e-01
2.326773226759474011e-01
2.319908119532348989e-01
2.288350424856573917e-01
2.335392528640752030e-01
2.275505770770130942e-01
2.288893794871701970e-01
2.249029881323514057e-01
2.280987940665178126e-01
2.303752018601039064e-01
2.257770521324883872e-01
2.257692676267442911e-01
2.236848751126488122e-01
2.268510766841518034e-01
2.254619037447400109e-01
2.245834400490998028e-01
2.236192940015551966e-01
2.227665554706061979e-01
2.242427070032105008e-01
2.209317681796685029e-01
2.198499487429400878e-01
2.194116281204313013e-01
2.205428523022134046e-01
2.205758470067278876e-01
2.168123172990460978e-01
2.193788239417689967e-01
2.169234835535580053e-01
2.194297397545763861e-01
2.180569584376735870e-01
2.171555926085176891e-01
2.139347153205443941e-01
2.160664570352117952e-01
2.146223650024602914e-01
2.143987948075548877e-01
2.130409077948323127e-01
2.116644999582955877e-01
2.154743263813165000e-01
2.125518492826762862e-01
2.144367692990105934e-01
2.100331136463435000e-01
2.113099354149726994e-01
2.117354434183101874e-01
2.097189550510741018e-01
2.124122623746985961e-01
2.086459119673620966e-01
2.079102844812215078e-01
2.077082117842415920e-01
2.082661925491119115e-01
2.076098341130253044e-01
2.072019226941521075e-01
2.060133359996177971e-01
2.052974645470868886e-01
2.054365189824985949e-01
2.074227416750540065e-01
2.102948141306590912e-01
2.074286780096681049e-01
2.022836449240779932e-01
2.071860187004953002e-01
2.033476205367936995e-01
2.031207962267606026e-01
2.033336304254828031e-01
2.019280189937757986e-01
2.045943034837459928e-01
2.053080163499524102e-01
2.052466051335944119e-01
2.016792144837356027e-01
2.029904280859342880e-01
2.052641861842902926e-01
2.033241474485054934e-01
2.038790026151411083e-01
2.032400363748597116e-01
1.977678798929131954e-01
2.024224227830286882e-01
2.040281404997962011e-01
2.020726736258723066e-01
2.026848417037031003e-01
2.008612566736369121e-01
2.006772489419038907e-01
2.016424451779980920e-01
1.991783797982480120e-01
1.974432163677851126e-01
2.044071383960966992e-01
2.009943792396096940e-01
2.002928302165929986e-01
2.030475898911424104e-01
2.025774916713369012e-01
2.031509805037184924e-01
1.993451176434709038e-01
2.001867509655329003e-01
2.018917870869081921e-01
2.012873157235958999e-01
2.029554234849086924e-01
2.024213116503766896e-01
2.009632818429109014e-01
2.015872465772906019e-01
1.969773917847967015e-01
2.027615188632264920e-01
2.012414555793760051e-01
1.989314121596506002e-01
1.995816475238323118e-01
