timestamp,world_num,model_path,initial_x,initial_y,initial_yaw,goal_x,goal_y,trial_result,local_goal_reached,num_lg,RADIUS,NUM_VALID_OBSTACLES,OFFSET,TRIAL_TIME,CMD_AVG_LIN,CMD_AVG_ANG,CMD_RMS_LIN,CMD_RMS_ANG,ODOM_AVG_LIN,ODOM_AVG_ANG,ODOM_RMS_LIN,ODOM_RMS_ANG
2025-10-03 12:33:16,world 12,created_models/gauss_3_mlp_asym,-2.9250000000000003,5.075,0.7853981633974498,0,0,AMCL TIMEOUT - MAX RETRIES EXCEEDED,0,0,0.4,20,1.0,0.000,0.000,0.000,0.000,0.000,0.000,0.000,0.000,0.000
2025-10-03 13:48:46,world 12,created_models/gauss_4_mlp_asym,-2.9250000000000003,5.075,0.7853981633974498,-1.295639251369291,9.23009667991878,COLLISION,18,28,0.4,20,1.0,67.721,0.156,0.215,0.176,0.304,0.151,0.210,0.170,0.286
2025-10-03 13:51:12,world 12,created_models/gauss_4_mlp_asym,-2.9250000000000003,5.075,0.7853981633974498,-1.295639251369291,9.23009667991878,SUCCESS,25,28,0.4,20,1.0,83.649,0.173,0.109,0.192,0.221,0.169,0.104,0.188,0.202
2025-10-03 13:53:55,world 12,created_models/gauss_4_mlp_asym,-2.9250000000000003,5.075,0.7853981633974498,-1.295639251369291,9.23009667991878,SUCCESS,25,28,0.4,20,1.0,100.679,0.168,0.241,0.189,0.363,0.163,0.226,0.182,0.326
2025-10-03 13:55:36,world 12,created_models/gauss_4_mlp_asym,-2.9250000000000003,5.075,0.7853981633974498,0,0,AMCL TIMEOUT - MAX RETRIES EXCEEDED,0,0,0.4,20,1.0,0.000,0.000,0.000,0.000,0.000,0.000,0.000,0.000,0.000
2025-10-03 13:58:04,world 12,created_models/gauss_4_mlp_asym,-2.9250000000000003,5.075,0.7853981633974498,-1.295639251369291,9.23009667991878,COLLISION,17,28,0.4,20,1.0,70.664,0.142,0.180,0.167,0.257,0.142,0.179,0.166,0.249
2025-10-03 13:59:46,world 12,created_models/gauss_4_mlp_asym,-2.9250000000000003,5.075,0.7853981633974498,0,0,AMCL TIMEOUT - MAX RETRIES EXCEEDED,0,0,0.4,20,1.0,0.000,0.000,0.000,0.000,0.000,0.000,0.000,0.000,0.000
2025-10-03 14:01:37,world 12,created_models/gauss_4_mlp_asym,-2.9250000000000003,5.075,0.7853981633974498,0,0,AMCL TIMEOUT - MAX RETRIES EXCEEDED,0,0,0.4,20,1.0,0.000,0.000,0.000,0.000,0.000,0.000,0.000,0.000,0.000
2025-10-03 14:04:06,world 12,created_models/gauss_4_mlp_asym,-2.9250000000000003,5.075,0.7853981633974498,-1.295639251369291,9.23009667991878,SUCCESS,25,28,0.4,20,1.0,76.660,0.190,0.107,0.209,0.212,0.185,0.104,0.204,0.194
2025-10-03 14:05:47,world 12,created_models/gauss_4_mlp_asym,-2.9250000000000003,5.075,0.7853981633974498,0,0,AMCL TIMEOUT - MAX RETRIES EXCEEDED,0,0,0.4,20,1.0,0.000,0.000,0.000,0.000,0.000,0.000,0.000,0.000,0.000
2025-10-03 14:08:18,world 12,created_models/gauss_4_mlp_asym,-2.9250000000000003,5.075,0.7853981633974498,-1.295639251369291,9.23009667991878,COLLISION,17,28,0.4,20,1.0,73.625,0.144,0.166,0.167,0.246,0.143,0.167,0.165,0.243
2025-10-03 14:10:37,world 12,created_models/gauss_4_mlp_asym,-2.9250000000000003,5.075,0.7853981633974498,-1.295639251369291,9.23009667991878,SUCCESS,25,28,0.4,20,1.0,75.675,0.197,0.100,0.213,0.217,0.192,0.097,0.208,0.197
2025-10-03 14:11:54,world 12,created_models/gauss_4_mlp_asym,-2.9250000000000003,5.075,0.7853981633974498,0,0,NAV_SERVER_UNAVAILABLE,0,28,0.4,20,1.0,0.000,0.000,0.000,0.000,0.000,0.000,0.000,0.000,0.000
2025-10-03 14:14:46,world 12,created_models/gauss_4_mlp_asym,-2.9250000000000003,5.075,0.7853981633974498,-1.295639251369291,9.23009667991878,SUCCESS,25,28,0.4,20,1.0,99.630,0.154,0.170,0.173,0.262,0.151,0.166,0.170,0.247
2025-10-03 14:16:56,world 12,created_models/gauss_4_mlp_asym,-2.9250000000000003,5.075,0.7853981633974498,-1.295639251369291,9.23009667991878,COLLISION,17,28,0.4,20,1.0,67.652,0.147,0.121,0.170,0.231,0.144,0.115,0.166,0.208
2025-10-03 14:19:18,world 12,created_models/gauss_4_mlp_asym,-2.9250000000000003,5.075,0.7853981633974498,-1.295639251369291,9.23009667991878,COLLISION,16,28,0.4,20,1.0,79.584,0.131,0.188,0.155,0.289,0.129,0.182,0.151,0.264
2025-10-03 14:21:24,world 36,created_models/gauss_4_mlp_asym,-1.8750000000000004,5.375,1.5707963267948966,-2.32848196384391,9.271518036156092,SUCCESS,22,24,0.4,20,1.0,56.725,0.193,0.211,0.207,0.352,0.191,0.196,0.203,0.313
2025-10-03 14:23:05,world 36,created_models/gauss_4_mlp_asym,-1.8750000000000004,5.375,1.5707963267948966,0,0,AMCL TIMEOUT - MAX RETRIES EXCEEDED,0,0,0.4,20,1.0,0.000,0.000,0.000,0.000,0.000,0.000,0.000,0.000,0.000
2025-10-03 14:25:13,world 36,created_models/gauss_4_mlp_asym,-1.8750000000000004,5.375,1.5707963267948966,-2.32848196384391,9.271518036156092,SUCCESS,21,24,0.4,20,1.0,55.690,0.197,0.245,0.210,0.384,0.192,0.227,0.204,0.341
2025-10-03 14:26:55,world 36,created_models/gauss_4_mlp_asym,-1.8750000000000004,5.375,1.5707963267948966,0,0,AMCL TIMEOUT - MAX RETRIES EXCEEDED,0,0,0.4,20,1.0,0.000,0.000,0.000,0.000,0.000,0.000,0.000,0.000,0.000
2025-10-03 14:29:05,world 36,created_models/gauss_4_mlp_asym,-1.8750000000000004,5.375,1.5707963267948966,-2.32848196384391,9.271518036156092,SUCCESS,21,24,0.4,20,1.0,63.804,0.171,0.185,0.191,0.305,0.171,0.179,0.190,0.274
2025-10-03 14:31:21,world 36,created_models/gauss_4_mlp_asym,-1.8750000000000004,5.375,1.5707963267948966,-2.32848196384391,9.271518036156092,SUCCESS,20,24,0.4,20,1.0,74.653,0.161,0.237,0.180,0.364,0.158,0.221,0.175,0.324
2025-10-03 14:32:38,world 36,created_models/gauss_4_mlp_asym,-1.8750000000000004,5.375,1.5707963267948966,0,0,NAV_SERVER_UNAVAILABLE,0,24,0.4,20,1.0,0.000,0.000,0.000,0.000,0.000,0.000,0.000,0.000,0.000
2025-10-03 14:35:09,world 36,created_models/gauss_4_mlp_asym,-1.8750000000000004,5.375,1.5707963267948966,-2.32848196384391,9.271518036156092,FAILURE,15,24,0.4,20,1.0,79.717,0.161,0.215,0.183,0.312,0.157,0.206,0.178,0.284
2025-10-03 14:36:51,world 36,created_models/gauss_4_mlp_asym,-1.8750000000000004,5.375,1.5707963267948966,0,0,AMCL TIMEOUT - MAX RETRIES EXCEEDED,0,0,0.4,20,1.0,0.000,0.000,0.000,0.000,0.000,0.000,0.000,0.000,0.000
2025-10-03 14:39:28,world 36,created_models/gauss_4_mlp_asym,-1.8750000000000004,5.375,1.5707963267948966,-2.32848196384391,9.271518036156092,SUCCESS,20,24,0.4,20,1.0,84.720,0.125,0.146,0.146,0.247,0.125,0.134,0.145,0.215
2025-10-03 14:41:10,world 36,created_models/gauss_4_mlp_asym,-1.8750000000000004,5.375,1.5707963267948966,0,0,AMCL TIMEOUT - MAX RETRIES EXCEEDED,0,0,0.4,20,1.0,0.000,0.000,0.000,0.000,0.000,0.000,0.000,0.000,0.000
2025-10-03 14:43:17,world 36,created_models/gauss_4_mlp_asym,-1.8750000000000004,5.375,1.5707963267948966,-2.32848196384391,9.271518036156092,SUCCESS,20,24,0.4,20,1.0,55.747,0.187,0.196,0.202,0.320,0.186,0.190,0.199,0.293
2025-10-03 14:45:17,world 36,created_models/gauss_4_mlp_asym,-1.8750000000000004,5.375,1.5707963267948966,-2.32848196384391,9.271518036156092,SUCCESS,20,24,0.4,20,1.0,56.649,0.190,0.187,0.204,0.331,0.187,0.178,0.200,0.303
2025-10-03 14:46:34,world 36,created_models/gauss_4_mlp_asym,-1.8750000000000004,5.375,1.5707963267948966,0,0,NAV_SERVER_UNAVAILABLE,0,24,0.4,20,1.0,0.000,0.000,0.000,0.000,0.000,0.000,0.000,0.000,0.000
2025-10-03 14:48:00,world 36,created_models/gauss_4_mlp_asym,-1.8750000000000004,5.375,1.5707963267948966,0,0,NAV_SERVER_UNAVAILABLE,0,24,0.4,20,1.0,0.000,0.000,0.000,0.000,0.000,0.000,0.000,0.000,0.000
2025-10-03 14:50:00,world 36,created_models/gauss_4_mlp_asym,-1.8750000000000004,5.375,1.5707963267948966,-2.32848196384391,9.271518036156092,SUCCESS,20,24,0.4,20,1.0,57.757,0.189,0.174,0.203,0.303,0.187,0.169,0.200,0.280
2025-10-03 14:51:42,world 36,created_models/gauss_4_mlp_asym,-1.8750000000000004,5.375,1.5707963267948966,0,0,AMCL TIMEOUT - MAX RETRIES EXCEEDED,0,0,0.4,20,1.0,0.000,0.000,0.000,0.000,0.000,0.000,0.000,0.000,0.000
2025-10-03 14:53:14,world 36,created_models/gauss_4_mlp_asym,-1.8750000000000004,5.375,1.5707963267948966,0,0,NAV_SERVER_UNAVAILABLE,0,24,0.4,20,1.0,0.000,0.000,0.000,0.000,0.000,0.000,0.000,0.000,0.000
2025-10-03 14:54:55,world 36,created_models/gauss_4_mlp_asym,-1.8750000000000004,5.375,1.5707963267948966,0,0,AMCL TIMEOUT - MAX RETRIES EXCEEDED,0,0,0.4,20,1.0,0.000,0.000,0.000,0.000,0.000,0.000,0.000,0.000,0.000
2025-10-03 14:56:52,world 36,created_models/gauss_4_mlp_asym,-1.8750000000000004,5.375,1.5707963267948966,-2.32848196384391,9.271518036156092,SUCCESS,20,24,0.4,20,1.0,49.704,0.208,0.229,0.221,0.334,0.208,0.216,0.219,0.303
2025-10-03 15:03:44,world 75,created_models/gauss_4_mlp_asym,-3.375,5.375,1.5707963267948966,-2.6610303038033,9.20926406871193,TIMEOUT,19,23,0.4,20,1.0,350.726,0.174,0.211,0.200,0.326,0.058,0.070,0.108,0.158
2025-10-03 15:05:25,world 75,created_models/gauss_4_mlp_asym,-3.375,5.375,1.5707963267948966,0,0,AMCL TIMEOUT - MAX RETRIES EXCEEDED,0,0,0.4,20,1.0,0.000,0.000,0.000,0.000,0.000,0.000,0.000,0.000,0.000
2025-10-03 15:07:17,world 75,created_models/gauss_4_mlp_asym,-3.375,5.375,1.5707963267948966,0,0,AMCL TIMEOUT - MAX RETRIES EXCEEDED,0,0,0.4,20,1.0,0.000,0.000,0.000,0.000,0.000,0.000,0.000,0.000,0.000
2025-10-03 15:09:08,world 75,created_models/gauss_4_mlp_asym,-3.375,5.375,1.5707963267948966,0,0,AMCL TIMEOUT - MAX RETRIES EXCEEDED,0,0,0.4,20,1.0,0.000,0.000,0.000,0.000,0.000,0.000,0.000,0.000,0.000
2025-10-03 15:11:30,world 75,created_models/gauss_4_mlp_asym,-3.375,5.375,1.5707963267948966,-2.6610303038033,9.20926406871193,SUCCESS,20,23,0.4,20,1.0,72.761,0.174,0.261,0.189,0.394,0.169,0.244,0.183,0.355
2025-10-03 15:13:43,world 75,created_models/gauss_4_mlp_asym,-3.375,5.375,1.5707963267948966,-2.6610303038033,9.20926406871193,SUCCESS,20,23,0.4,20,1.0,70.708,0.169,0.197,0.192,0.340,0.163,0.185,0.184,0.305
2025-10-03 15:16:03,world 75,created_models/gauss_4_mlp_asym,-3.375,5.375,1.5707963267948966,-2.6610303038033,9.20926406871193,SUCCESS,20,23,0.4,20,1.0,77.784,0.169,0.174,0.187,0.299,0.166,0.163,0.183,0.269
2025-10-03 15:18:31,world 75,created_models/gauss_4_mlp_asym,-3.375,5.375,1.5707963267948966,-2.6610303038033,9.20926406871193,FAILURE,17,23,0.4,20,1.0,85.818,0.179,0.186,0.195,0.256,0.176,0.181,0.193,0.244
2025-10-03 15:20:48,world 75,created_models/gauss_4_mlp_asym,-3.375,5.375,1.5707963267948966,-2.6610303038033,9.20926406871193,SUCCESS,20,23,0.4,20,1.0,73.679,0.164,0.157,0.181,0.258,0.161,0.148,0.178,0.235
2025-10-03 15:22:29,world 75,created_models/gauss_4_mlp_asym,-3.375,5.375,1.5707963267948966,0,0,AMCL TIMEOUT - MAX RETRIES EXCEEDED,0,0,0.4,20,1.0,0.000,0.000,0.000,0.000,0.000,0.000,0.000,0.000,0.000
2025-10-03 15:24:16,world 75,created_models/gauss_4_mlp_asym,-3.375,5.375,1.5707963267948966,0,0,AMCL TIMEOUT - MAX RETRIES EXCEEDED,0,0,0.4,20,1.0,0.000,0.000,0.000,0.000,0.000,0.000,0.000,0.000,0.000
2025-10-03 15:27:05,world 75,created_models/gauss_4_mlp_asym,-3.375,5.375,1.5707963267948966,-2.6610303038033,9.20926406871193,SUCCESS,22,23,0.4,20,1.0,97.731,0.141,0.181,0.158,0.285,0.140,0.174,0.156,0.264
2025-10-03 15:29:24,world 75,created_models/gauss_4_mlp_asym,-3.375,5.375,1.5707963267948966,-2.6610303038033,9.20926406871193,SUCCESS,20,23,0.4,20,1.0,70.719,0.178,0.252,0.192,0.378,0.173,0.236,0.186,0.340
2025-10-03 15:31:44,world 75,created_models/gauss_4_mlp_asym,-3.375,5.375,1.5707963267948966,-2.6610303038033,9.20926406871193,SUCCESS,20,23,0.4,20,1.0,77.633,0.172,0.214,0.189,0.344,0.166,0.201,0.182,0.308
2025-10-03 15:38:43,world 75,created_models/gauss_4_mlp_asym,-3.375,5.375,1.5707963267948966,-2.6610303038033,9.20926406871193,TIMEOUT,19,23,0.4,20,1.0,350.718,0.172,0.206,0.197,0.316,0.055,0.066,0.106,0.154
2025-10-03 15:41:04,world 125,created_models/gauss_4_mlp_asym,-2.0250000000000004,5.375,1.5707963267948966,-3.2462489168102797,9.30323376490863,SUCCESS,22,26,0.4,20,1.0,77.554,0.257,0.205,0.257,0.310,0.252,0.194,0.253,0.282
2025-10-03 15:47:57,world 125,created_models/gauss_4_mlp_asym,-2.0250000000000004,5.375,1.5707963267948966,-3.2462489168102797,9.30323376490863,TIMEOUT,12,26,0.4,20,1.0,350.676,0.155,0.175,0.184,0.282,0.041,0.051,0.090,0.136
2025-10-03 15:50:13,world 125,created_models/gauss_4_mlp_asym,-2.0250000000000004,5.375,1.5707963267948966,-3.2462489168102797,9.30323376490863,SUCCESS,22,26,0.4,20,1.0,73.707,0.260,0.140,0.260,0.214,0.257,0.135,0.257,0.199
2025-10-03 15:51:55,world 125,created_models/gauss_4_mlp_asym,-2.0250000000000004,5.375,1.5707963267948966,0,0,AMCL TIMEOUT - MAX RETRIES EXCEEDED,0,0,0.4,20,1.0,0.000,0.000,0.000,0.000,0.000,0.000,0.000,0.000,0.000
2025-10-03 15:58:58,world 125,created_models/gauss_4_mlp_asym,-2.0250000000000004,5.375,1.5707963267948966,-3.2462489168102797,9.30323376490863,TIMEOUT,12,26,0.4,20,1.0,350.751,0.212,0.200,0.227,0.282,0.043,0.046,0.097,0.124
2025-10-03 16:00:15,world 125,created_models/gauss_4_mlp_asym,-2.0250000000000004,5.375,1.5707963267948966,0,0,NAV_SERVER_UNAVAILABLE,0,26,0.4,20,1.0,0.000,0.000,0.000,0.000,0.000,0.000,0.000,0.000,0.000
2025-10-03 16:02:45,world 125,created_models/gauss_4_mlp_asym,-2.0250000000000004,5.375,1.5707963267948966,-3.2462489168102797,9.30323376490863,SUCCESS,22,26,0.4,20,1.0,78.689,0.255,0.214,0.256,0.341,0.249,0.197,0.250,0.301
2025-10-03 16:05:06,world 125,created_models/gauss_4_mlp_asym,-2.0250000000000004,5.375,1.5707963267948966,-3.2462489168102797,9.30323376490863,SUCCESS,22,26,0.4,20,1.0,78.599,0.257,0.198,0.257,0.317,0.251,0.186,0.252,0.285
2025-10-03 16:06:48,world 125,created_models/gauss_4_mlp_asym,-2.0250000000000004,5.375,1.5707963267948966,0,0,AMCL TIMEOUT - MAX RETRIES EXCEEDED,0,0,0.4,20,1.0,0.000,0.000,0.000,0.000,0.000,0.000,0.000,0.000,0.000
2025-10-03 16:13:50,world 125,created_models/gauss_4_mlp_asym,-2.0250000000000004,5.375,1.5707963267948966,-3.2462489168102797,9.30323376490863,TIMEOUT,12,26,0.4,20,1.0,350.603,0.192,0.220,0.212,0.329,0.038,0.047,0.091,0.134
2025-10-03 16:15:36,world 125,created_models/gauss_4_mlp_asym,-2.0250000000000004,5.375,1.5707963267948966,0,0,AMCL TIMEOUT - MAX RETRIES EXCEEDED,0,0,0.4,20,1.0,0.000,0.000,0.000,0.000,0.000,0.000,0.000,0.000,0.000
2025-10-03 16:22:38,world 125,created_models/gauss_4_mlp_asym,-2.0250000000000004,5.375,1.5707963267948966,-3.2462489168102797,9.30323376490863,TIMEOUT,12,26,0.4,20,1.0,350.576,0.191,0.151,0.214,0.246,0.038,0.036,0.091,0.109
2025-10-03 16:29:31,world 125,created_models/gauss_4_mlp_asym,-2.0250000000000004,5.375,1.5707963267948966,-3.2462489168102797,9.30323376490863,TIMEOUT,18,26,0.4,20,1.0,350.640,0.151,0.180,0.176,0.274,0.048,0.055,0.099,0.142
2025-10-03 16:31:14,world 125,created_models/gauss_4_mlp_asym,-2.0250000000000004,5.375,1.5707963267948966,0,0,AMCL TIMEOUT - MAX RETRIES EXCEEDED,0,0,0.4,20,1.0,0.000,0.000,0.000,0.000,0.000,0.000,0.000,0.000,0.000
2025-10-03 16:38:08,world 125,created_models/gauss_4_mlp_asym,-2.0250000000000004,5.375,1.5707963267948966,-3.2462489168102797,9.30323376490863,TIMEOUT,12,26,0.4,20,1.0,350.571,0.160,0.177,0.187,0.278,0.033,0.036,0.084,0.117
2025-10-03 16:41:09,world 203,created_models/gauss_4_mlp_asym,-2.325,5.375,1.5707963267948966,-1.5416190488337573,9.219852813742387,FAILURE,24,27,0.4,20,1.0,118.726,0.155,0.158,0.174,0.282,0.152,0.148,0.170,0.252
2025-10-03 16:47:24,world 203,created_models/gauss_4_mlp_asym,-2.325,5.375,1.5707963267948966,-1.5416190488337573,9.219852813742387,FAILURE,19,27,0.4,20,1.0,312.584,0.129,0.115,0.154,0.178,0.043,0.043,0.085,0.099
2025-10-03 16:49:06,world 203,created_models/gauss_4_mlp_asym,-2.325,5.375,1.5707963267948966,0,0,AMCL TIMEOUT - MAX RETRIES EXCEEDED,0,0,0.4,20,1.0,0.000,0.000,0.000,0.000,0.000,0.000,0.000,0.000,0.000
2025-10-03 16:50:52,world 203,created_models/gauss_4_mlp_asym,-2.325,5.375,1.5707963267948966,0,0,AMCL TIMEOUT - MAX RETRIES EXCEEDED,0,0,0.4,20,1.0,0.000,0.000,0.000,0.000,0.000,0.000,0.000,0.000,0.000
2025-10-03 16:52:39,world 203,created_models/gauss_4_mlp_asym,-2.325,5.375,1.5707963267948966,0,0,AMCL TIMEOUT - MAX RETRIES EXCEEDED,0,0,0.4,20,1.0,0.000,0.000,0.000,0.000,0.000,0.000,0.000,0.000,0.000
2025-10-03 16:55:46,world 203,created_models/gauss_4_mlp_asym,-2.325,5.375,1.5707963267948966,-1.5416190488337573,9.219852813742387,FAILURE,24,27,0.4,20,1.0,115.668,0.163,0.193,0.181,0.305,0.161,0.181,0.177,0.277
2025-10-03 16:59:17,world 203,created_models/gauss_4_mlp_asym,-2.325,5.375,1.5707963267948966,-1.5416190488337573,9.219852813742387,SUCCESS,24,27,0.4,20,1.0,148.729,0.196,0.165,0.212,0.235,0.140,0.145,0.166,0.201
2025-10-03 17:06:16,world 203,created_models/gauss_4_mlp_asym,-2.325,5.375,1.5707963267948966,-1.5416190488337573,9.219852813742387,TIMEOUT,19,27,0.4,20,1.0,350.542,0.138,0.115,0.163,0.170,0.037,0.036,0.081,0.090
2025-10-03 17:07:58,world 203,created_models/gauss_4_mlp_asym,-2.325,5.375,1.5707963267948966,0,0,AMCL TIMEOUT - MAX RETRIES EXCEEDED,0,0,0.4,20,1.0,0.000,0.000,0.000,0.000,0.000,0.000,0.000,0.000,0.000
2025-10-03 17:11:34,world 203,created_models/gauss_4_mlp_asym,-2.325,5.375,1.5707963267948966,-1.5416190488337573,9.219852813742387,SUCCESS,24,27,0.4,20,1.0,146.615,0.204,0.200,0.217,0.270,0.153,0.189,0.172,0.247
2025-10-03 17:18:27,world 203,created_models/gauss_4_mlp_asym,-2.325,5.375,1.5707963267948966,-1.5416190488337573,9.219852813742387,TIMEOUT,19,27,0.4,20,1.0,350.688,0.125,0.112,0.150,0.187,0.038,0.038,0.081,0.095
2025-10-03 17:21:35,world 203,created_models/gauss_4_mlp_asym,-2.325,5.375,1.5707963267948966,-1.5416190488337573,9.219852813742387,SUCCESS,26,27,0.4,20,1.0,125.671,0.154,0.177,0.172,0.269,0.152,0.171,0.169,0.254
2025-10-03 17:28:34,world 203,created_models/gauss_4_mlp_asym,-2.325,5.375,1.5707963267948966,-1.5416190488337573,9.219852813742387,TIMEOUT,21,27,0.4,20,1.0,350.636,0.184,0.166,0.203,0.246,0.047,0.051,0.096,0.117
2025-10-03 17:30:16,world 203,created_models/gauss_4_mlp_asym,-2.325,5.375,1.5707963267948966,0,0,AMCL TIMEOUT - MAX RETRIES EXCEEDED,0,0,0.4,20,1.0,0.000,0.000,0.000,0.000,0.000,0.000,0.000,0.000,0.000
2025-10-03 17:33:31,world 203,created_models/gauss_4_mlp_asym,-2.325,5.375,1.5707963267948966,-1.5416190488337573,9.219852813742387,SUCCESS,24,27,0.4,20,1.0,123.596,0.192,0.145,0.209,0.204,0.156,0.146,0.176,0.193
2025-10-03 17:40:25,world 210,created_models/gauss_4_mlp_asym,-1.4250000000000003,5.375,1.5707963267948966,-1.950182899632297,9.301066017177984,TIMEOUT,13,24,0.4,20,1.0,350.543,0.221,0.068,0.240,0.170,0.027,0.007,0.083,0.035
2025-10-03 17:47:23,world 210,created_models/gauss_4_mlp_asym,-1.4250000000000003,5.375,1.5707963267948966,-1.950182899632297,9.301066017177984,TIMEOUT,19,24,0.4,20,1.0,350.634,0.177,0.182,0.205,0.328,0.062,0.078,0.114,0.194
2025-10-03 17:49:55,world 210,created_models/gauss_4_mlp_asym,-1.4250000000000003,5.375,1.5707963267948966,-1.950182899632297,9.301066017177984,SUCCESS,21,24,0.4,20,1.0,89.521,0.194,0.087,0.210,0.174,0.192,0.085,0.207,0.161
2025-10-03 17:51:37,world 210,created_models/gauss_4_mlp_asym,-1.4250000000000003,5.375,1.5707963267948966,0,0,AMCL TIMEOUT - MAX RETRIES EXCEEDED,0,0,0.4,20,1.0,0.000,0.000,0.000,0.000,0.000,0.000,0.000,0.000,0.000
2025-10-03 17:55:45,world 210,created_models/gauss_4_mlp_asym,-1.4250000000000003,5.375,1.5707963267948966,-1.950182899632297,9.301066017177984,FAILURE,16,24,0.4,20,1.0,176.732,0.151,0.147,0.189,0.344,0.098,0.101,0.156,0.281
2025-10-03 17:57:27,world 210,created_models/gauss_4_mlp_asym,-1.4250000000000003,5.375,1.5707963267948966,0,0,AMCL TIMEOUT - MAX RETRIES EXCEEDED,0,0,0.4,20,1.0,0.000,0.000,0.000,0.000,0.000,0.000,0.000,0.000,0.000
2025-10-03 18:04:31,world 210,created_models/gauss_4_mlp_asym,-1.4250000000000003,5.375,1.5707963267948966,-1.950182899632297,9.301066017177984,TIMEOUT,14,24,0.4,20,1.0,350.579,0.196,0.146,0.223,0.325,0.029,0.020,0.086,0.105
2025-10-03 18:11:23,world 210,created_models/gauss_4_mlp_asym,-1.4250000000000003,5.375,1.5707963267948966,-1.950182899632297,9.301066017177984,TIMEOUT,14,24,0.4,20,1.0,350.744,0.202,0.068,0.223,0.142,0.031,0.010,0.087,0.043
2025-10-03 18:13:34,world 210,created_models/gauss_4_mlp_asym,-1.4250000000000003,5.375,1.5707963267948966,-1.950182899632297,9.301066017177984,SUCCESS,21,24,0.4,20,1.0,67.609,0.260,0.065,0.260,0.157,0.257,0.060,0.257,0.135
2025-10-03 18:16:19,world 210,created_models/gauss_4_mlp_asym,-1.4250000000000003,5.375,1.5707963267948966,-1.950182899632297,9.301066017177984,FAILURE,17,24,0.4,20,1.0,102.566,0.218,0.198,0.238,0.347,0.165,0.145,0.206,0.290
2025-10-03 18:23:12,world 210,created_models/gauss_4_mlp_asym,-1.4250000000000003,5.375,1.5707963267948966,-1.950182899632297,9.301066017177984,TIMEOUT,18,24,0.4,20,1.0,350.532,0.199,0.175,0.225,0.342,0.051,0.041,0.112,0.153
2025-10-03 18:25:22,world 210,created_models/gauss_4_mlp_asym,-1.4250000000000003,5.375,1.5707963267948966,-1.950182899632297,9.301066017177984,SUCCESS,21,24,0.4,20,1.0,67.599,0.260,0.075,0.260,0.152,0.257,0.069,0.258,0.135
2025-10-03 18:27:05,world 69,created_models/gauss_4_mlp_asym,-1.725,5.075,2.356194490192345,0,0,AMCL TIMEOUT - MAX RETRIES EXCEEDED,0,0,0.4,20,1.0,0.000,0.000,0.000,0.000,0.000,0.000,0.000,0.000,0.000
2025-10-03 18:30:39,world 69,created_models/gauss_4_mlp_asym,-1.725,5.075,2.356194490192345,-1.725,9.283679656440357,FAILURE,15,28,0.4,20,1.0,136.680,0.115,0.210,0.141,0.361,0.111,0.195,0.135,0.333
2025-10-03 18:32:22,world 69,created_models/gauss_4_mlp_asym,-1.725,5.075,2.356194490192345,0,0,AMCL TIMEOUT - MAX RETRIES EXCEEDED,0,0,0.4,20,1.0,0.000,0.000,0.000,0.000,0.000,0.000,0.000,0.000,0.000
2025-10-03 18:36:42,world 69,created_models/gauss_4_mlp_asym,-1.725,5.075,2.356194490192345,-1.725,9.283679656440357,FAILURE,23,28,0.4,20,1.0,188.616,0.123,0.141,0.141,0.225,0.122,0.140,0.139,0.220
2025-10-03 18:40:59,world 69,created_models/gauss_4_mlp_asym,-1.725,5.075,2.356194490192345,-1.725,9.283679656440357,FAILURE,25,28,0.4,20,1.0,195.500,0.123,0.129,0.141,0.217,0.123,0.125,0.140,0.208
2025-10-03 18:42:43,world 69,created_models/gauss_4_mlp_asym,-1.725,5.075,2.356194490192345,0,0,AMCL TIMEOUT - MAX RETRIES EXCEEDED,0,0,0.4,20,1.0,0.000,0.000,0.000,0.000,0.000,0.000,0.000,0.000,0.000
2025-10-03 18:47:19,world 69,created_models/gauss_4_mlp_asym,-1.725,5.075,2.356194490192345,-1.725,9.283679656440357,SUCCESS,27,28,0.4,20,1.0,209.713,0.116,0.166,0.130,0.244,0.115,0.164,0.129,0.239
2025-10-03 18:51:32,world 69,created_models/gauss_4_mlp_asym,-1.725,5.075,2.356194490192345,-1.725,9.283679656440357,FAILURE,25,28,0.4,20,1.0,190.586,0.127,0.152,0.142,0.240,0.126,0.148,0.140,0.233
2025-10-03 18:58:31,world 69,created_models/gauss_4_mlp_asym,-1.725,5.075,2.356194490192345,-1.725,9.283679656440357,TIMEOUT,23,28,0.4,20,1.0,350.707,0.120,0.132,0.137,0.202,0.066,0.078,0.099,0.153
2025-10-03 19:02:39,world 69,created_models/gauss_4_mlp_asym,-1.725,5.075,2.356194490192345,-1.725,9.283679656440357,SUCCESS,27,28,0.4,20,1.0,185.652,0.142,0.217,0.156,0.305,0.140,0.211,0.153,0.293
2025-10-03 19:07:00,world 69,created_models/gauss_4_mlp_asym,-1.725,5.075,2.356194490192345,-1.725,9.283679656440357,SUCCESS,25,28,0.4,20,1.0,192.734,0.114,0.129,0.133,0.184,0.113,0.130,0.132,0.182
2025-10-03 19:10:59,world 69,created_models/gauss_4_mlp_asym,-1.725,5.075,2.356194490192345,-1.725,9.283679656440357,FAILURE,25,28,0.4,20,1.0,176.662,0.132,0.152,0.147,0.244,0.131,0.148,0.145,0.237
2025-10-03 19:15:32,world 69,created_models/gauss_4_mlp_asym,-1.725,5.075,2.356194490192345,-1.725,9.283679656440357,FAILURE,24,28,0.4,20,1.0,209.682,0.118,0.120,0.134,0.211,0.117,0.117,0.132,0.203
2025-10-03 19:18:16,world 187,created_models/gauss_4_mlp_asym,-1.725,5.375,2.356194490192345,-1.6295941546018398,9.261066017177983,SUCCESS,22,25,0.4,20,1.0,95.610,0.184,0.091,0.201,0.164,0.181,0.089,0.198,0.152
2025-10-03 19:19:59,world 187,created_models/gauss_4_mlp_asym,-1.725,5.375,2.356194490192345,0,0,AMCL TIMEOUT - MAX RETRIES EXCEEDED,0,0,0.4,20,1.0,0.000,0.000,0.000,0.000,0.000,0.000,0.000,0.000,0.000
2025-10-03 19:23:53,world 187,created_models/gauss_4_mlp_asym,-1.725,5.375,2.356194490192345,-1.6295941546018398,9.261066017177983,FAILURE,21,25,0.4,20,1.0,167.726,0.155,0.133,0.175,0.224,0.118,0.111,0.143,0.190
2025-10-03 19:25:35,world 187,created_models/gauss_4_mlp_asym,-1.725,5.375,2.356194490192345,0,0,AMCL TIMEOUT - MAX RETRIES EXCEEDED,0,0,0.4,20,1.0,0.000,0.000,0.000,0.000,0.000,0.000,0.000,0.000,0.000
2025-10-03 19:28:19,world 187,created_models/gauss_4_mlp_asym,-1.725,5.375,2.356194490192345,-1.6295941546018398,9.261066017177983,SUCCESS,22,25,0.4,20,1.0,93.640,0.192,0.133,0.208,0.216,0.189,0.130,0.204,0.203
2025-10-03 19:30:01,world 187,created_models/gauss_4_mlp_asym,-1.725,5.375,2.356194490192345,0,0,AMCL TIMEOUT - MAX RETRIES EXCEEDED,0,0,0.4,20,1.0,0.000,0.000,0.000,0.000,0.000,0.000,0.000,0.000,0.000
2025-10-03 19:36:58,world 187,created_models/gauss_4_mlp_asym,-1.725,5.375,2.356194490192345,-1.6295941546018398,9.261066017177983,TIMEOUT,20,25,0.4,20,1.0,350.583,0.138,0.155,0.166,0.288,0.056,0.072,0.101,0.183
2025-10-03 19:40:03,world 187,created_models/gauss_4_mlp_asym,-1.725,5.375,2.356194490192345,-1.6295941546018398,9.261066017177983,FAILURE,20,25,0.4,20,1.0,121.564,0.157,0.106,0.179,0.197,0.132,0.093,0.163,0.175
2025-10-03 19:43:16,world 187,created_models/gauss_4_mlp_asym,-1.725,5.375,2.356194490192345,-1.6295941546018398,9.261066017177983,SUCCESS,22,25,0.4,20,1.0,124.583,0.148,0.106,0.168,0.190,0.146,0.103,0.165,0.175
2025-10-03 19:44:40,world 187,created_models/gauss_4_mlp_asym,-1.725,5.375,2.356194490192345,0,0,NAV_SERVER_UNAVAILABLE,0,25,0.4,20,1.0,0.000,0.000,0.000,0.000,0.000,0.000,0.000,0.000,0.000
2025-10-03 19:51:42,world 187,created_models/gauss_4_mlp_asym,-1.725,5.375,2.356194490192345,-1.6295941546018398,9.261066017177983,TIMEOUT,20,25,0.4,20,1.0,350.602,0.125,0.161,0.155,0.316,0.060,0.084,0.103,0.203
2025-10-03 19:54:56,world 187,created_models/gauss_4_mlp_asym,-1.725,5.375,2.356194490192345,-1.6295941546018398,9.261066017177983,SUCCESS,22,25,0.4,20,1.0,131.713,0.158,0.111,0.179,0.229,0.134,0.103,0.161,0.197
2025-10-03 20:01:55,world 187,created_models/gauss_4_mlp_asym,-1.725,5.375,2.356194490192345,-1.6295941546018398,9.261066017177983,TIMEOUT,21,25,0.4,20,1.0,350.614,0.154,0.136,0.175,0.244,0.054,0.049,0.099,0.132
2025-10-03 20:05:04,world 187,created_models/gauss_4_mlp_asym,-1.725,5.375,2.356194490192345,-1.6295941546018398,9.261066017177983,SUCCESS,22,25,0.4,20,1.0,126.624,0.156,0.123,0.173,0.218,0.148,0.121,0.165,0.204
2025-10-03 20:06:46,world 266,created_models/gauss_4_mlp_asym,-2.1750000000000003,5.375,1.5707963267948966,0,0,AMCL TIMEOUT - MAX RETRIES EXCEEDED,0,0,0.4,20,1.0,0.000,0.000,0.000,0.000,0.000,0.000,0.000,0.000,0.000
2025-10-03 20:09:10,world 266,created_models/gauss_4_mlp_asym,-2.1750000000000003,5.375,1.5707963267948966,-1.0760764773832459,9.191812408671316,COLLISION,12,36,0.4,20,1.0,72.660,0.116,0.148,0.137,0.190,0.113,0.148,0.134,0.191
2025-10-03 20:10:52,world 266,created_models/gauss_4_mlp_asym,-2.1750000000000003,5.375,1.5707963267948966,0,0,AMCL TIMEOUT - MAX RETRIES EXCEEDED,0,0,0.4,20,1.0,0.000,0.000,0.000,0.000,0.000,0.000,0.000,0.000,0.000
2025-10-03 20:12:51,world 266,created_models/gauss_4_mlp_asym,-2.1750000000000003,5.375,1.5707963267948966,-1.0760764773832459,9.191812408671316,COLLISION,12,36,0.4,20,1.0,54.631,0.149,0.238,0.173,0.330,0.143,0.232,0.166,0.309
2025-10-03 20:18:55,world 266,created_models/gauss_4_mlp_asym,-2.1750000000000003,5.375,1.5707963267948966,-1.0760764773832459,9.191812408671316,TIMEOUT,0,36,0.4,20,1.0,0.000,0.000,0.000,0.000,0.000,0.000,0.000,0.000,0.000
2025-10-03 20:20:51,world 266,created_models/gauss_4_mlp_asym,-2.1750000000000003,5.375,1.5707963267948966,-1.0760764773832459,9.191812408671316,COLLISION,12,36,0.4,20,1.0,44.724,0.166,0.211,0.184,0.281,0.161,0.211,0.178,0.275
2025-10-03 20:23:01,world 266,created_models/gauss_4_mlp_asym,-2.1750000000000003,5.375,1.5707963267948966,-1.0760764773832459,9.191812408671316,COLLISION,12,36,0.4,20,1.0,67.717,0.129,0.155,0.148,0.198,0.126,0.154,0.145,0.198
2025-10-03 20:25:15,world 266,created_models/gauss_4_mlp_asym,-2.1750000000000003,5.375,1.5707963267948966,-1.0760764773832459,9.191812408671316,COLLISION,12,36,0.4,20,1.0,71.695,0.124,0.168,0.144,0.205,0.122,0.168,0.142,0.205
2025-10-03 20:27:23,world 266,created_models/gauss_4_mlp_asym,-2.1750000000000003,5.375,1.5707963267948966,-1.0760764773832459,9.191812408671316,COLLISION,12,36,0.4,20,1.0,65.658,0.133,0.176,0.155,0.230,0.130,0.175,0.150,0.226
2025-10-03 20:29:00,world 266,created_models/gauss_4_mlp_asym,-2.1750000000000003,5.375,1.5707963267948966,-1.0760764773832459,9.191812408671316,COLLISION,10,36,0.4,20,1.0,28.612,0.165,0.357,0.186,0.412,0.162,0.344,0.181,0.389
2025-10-03 20:31:10,world 266,created_models/gauss_4_mlp_asym,-2.1750000000000003,5.375,1.5707963267948966,-1.0760764773832459,9.191812408671316,COLLISION,12,36,0.4,20,1.0,67.615,0.125,0.176,0.146,0.222,0.123,0.175,0.143,0.220
2025-10-03 20:33:18,world 266,created_models/gauss_4_mlp_asym,-2.1750000000000003,5.375,1.5707963267948966,-1.0760764773832459,9.191812408671316,COLLISION,12,36,0.4,20,1.0,64.673,0.128,0.144,0.147,0.191,0.125,0.143,0.144,0.191
