-6.187451509631739431e-12
-1.047456012787195023e+00
-1.922955705670585047e+01
-2.106691676284913584e+01
-3.135368757248874427e+00
2.004416780636529005e-01
2.005293734444910936e-01
2.006273772540067002e-01
2.007357238883155093e-01
2.008544514668944014e-01
2.009836018744106945e-01
2.011232208068932936e-01
2.012733578223590003e-01
2.014340663960149935e-01
2.016054039801737086e-01
2.017874320690266066e-01
2.019802162684379010e-01
2.021838263709344885e-01
2.023983364360789905e-01
2.026238248764344885e-01
2.028603745493421928e-01
2.031080728547504100e-01
2.033670118393559045e-01
2.036372883073349072e-01
2.039190039379653874e-01
2.042122654104621127e-01
2.045171845363744911e-01
2.048338783999200940e-01
2.051624695066568138e-01
2.055030859409263111e-01
2.058558615325364050e-01
2.062209360331805907e-01
2.065984553031361970e-01
2.069885715088226885e-01
2.073914433318418959e-01
2.078072361901769083e-01
2.082361224722749926e-01
2.086782817847959992e-01
2.091339012148722976e-01
2.096031756077915975e-01
2.100863078610883949e-01
2.105835092361084127e-01
2.110949996881995028e-01
2.116210082167744866e-01
2.121617732366017084e-01
2.127175429717856059e-01
2.132885758740316884e-01
2.138751410669250119e-01
2.144775188181012870e-01
2.150960010413613954e-01
2.157308918309575885e-01
2.163825080304871973e-01
2.170511798390536984e-01
2.177372514575982021e-01
2.184410817785895909e-01
2.191630451225539955e-01
2.199035320252784032e-01
2.206629500798870935e-01
2.214417248384251136e-01
2.222403007780436868e-01
2.230591423374148063e-01
2.238987350295950918e-01
2.247595866382164076e-01
2.256422285046356946e-01
2.265472169145106018e-01
2.274751345932239932e-01
2.284265923206501014e-01
2.294022306769822883e-01
2.304027219327159925e-01
2.314287720974751994e-01
2.324811231441532011e-01
2.335605554269148953e-01
2.346678903139635120e-01
2.358039930586932065e-01
2.369697759359868094e-01
2.381662016740385968e-01
2.393942872162825031e-01
2.406551078528965937e-01
2.419498017670478895e-01
2.432795750477192986e-01
2.446457072287910872e-01
2.460495574232750005e-01
2.474925711325330902e-01
2.489762878232593124e-01
2.505023493804758861e-01
2.520725095632863066e-01
2.536886446123913785e-01
2.553527651852490199e-01
2.570670298274075893e-01
2.588337602283738992e-01
2.606554585592548157e-01
2.625348272497430857e-01
2.644747916369225016e-01
2.664785260119916788e-01
2.685494837087977205e-01
2.706914320274315111e-01
2.729084929768798018e-01
2.752051910665160861e-01
2.775865096955983935e-01
2.800579581090993919e-01
2.826256514438686973e-01
2.852964071340894914e-01
2.880778619557801123e-01
2.909786153796108943e-01
2.940084068389253735e-01
2.971783372642594068e-01
2.987110909812955017e-01
2.991342806985133884e-01
2.995771348118514976e-01
3.000398735778749271e-01
3.005227292072332745e-01
3.010040469691860898e-01
3.014934399733650849e-01
3.020033405062197973e-01
3.025340106014557939e-01
3.030857257798101889e-01
3.036327315321576958e-01
3.041968081087093045e-01
3.047824553682502158e-01
3.053899865523005963e-01
3.060197304586732003e-01
3.066720320995555138e-01
3.073472534056680971e-01
3.080457739800019912e-01
3.087679919049778898e-01
3.095143246072484255e-01
3.102852097847875190e-01
3.110811064013725979e-01
3.119024957540934007e-01
3.127498826201017823e-01
3.136057290612976889e-01
3.144796398528338921e-01
3.153806935914043041e-01
3.163094737185377925e-01
3.172665927309277767e-01
3.182526938444383835e-01
3.192684527917680759e-01
3.203145797667031891e-01
3.213918215294306879e-01
3.225009636890998066e-01
3.236428331818090864e-01
3.248183009644481922e-01
3.260282849474163136e-01
3.272002191571694030e-01
3.267646755811077774e-01
3.263510153785056933e-01
3.259590235338726272e-01
3.255884978408504771e-01
3.252392485386815801e-01
3.249110979751618777e-01
3.246038802946986102e-01
3.243174411502144916e-01
3.240516374377587772e-01
3.238063370527822782e-01
3.235814186671331916e-01
3.233767715259296960e-01
3.231922952635313262e-01
3.230278997379317785e-01
3.228835048829536980e-01
3.227590405777068794e-01
3.226544465328328726e-01
3.225696721931267108e-01
3.225046766561835976e-01
3.224594286067840043e-01
3.224339062667784250e-01
3.224280973602983158e-01
3.224419990941698733e-01
3.224756181534585986e-01
3.225289707121324900e-01
3.226020824588787250e-01
3.226949886381669796e-01
3.228077341067034922e-01
3.229403734054768771e-01
3.230929708476514839e-01
3.232656006226247158e-01
3.234583469166198988e-01
3.236713040502560146e-01
3.239045766335911236e-01
3.241582797392157933e-01
3.244325390940335785e-01
3.247274912904541955e-01
3.250432840177944760e-01
3.253800763147802200e-01
3.257380388441253882e-01
3.261173541902745998e-01
3.265182171814933754e-01
3.269408352376150795e-01
3.273854287448745848e-01
3.278522314594004006e-01
3.283414909410798943e-01
3.288534690196833199e-01
3.293884422953023972e-01
3.299467026753615806e-01
3.305285579506671012e-01
3.311343324132018928e-01
3.317643675186272012e-01
3.324190225967394996e-01
3.330986756134527993e-01
3.338037239882180041e-01
3.345345854711863076e-01
3.352916990848512913e-01
3.360755261353904899e-01
3.368865512994527744e-01
3.377252837927502971e-01
3.385922586274708879e-01
3.394880379662876257e-01
3.404132125815825805e-01
3.413684034294495739e-01
3.423542633491183929e-01
3.433714788996490852e-01
3.444207723471185978e-01
3.455029038170794875e-01
3.466186736288379144e-01
3.477689248301242264e-01
3.489545459530266069e-01
3.501764740147149113e-01
3.514356977895022882e-01
3.527332613823055962e-01
3.540702681375884064e-01
3.554478849225579107e-01
3.568673468288076078e-01
3.583299623429339054e-01
3.598371190440424749e-01
3.613902898947328746e-01
3.629910402023567850e-01
3.646410353393921833e-01
3.663420493260644006e-01
3.680959743953473029e-01
3.699048316808021264e-01
3.717707831921064909e-01
3.736961452725460764e-01
3.756834037683915994e-01
3.777352311835037724e-01
3.798545061456716221e-01
3.820443355766618976e-01
3.843080800390559770e-01
3.866493828340620276e-01
3.890722035513825006e-01
3.915808569326360011e-01
3.941800581141433057e-01
3.968749755772739141e-01
3.996712934744133805e-01
4.025752854430136862e-01
4.055939026070615183e-01
4.087348792488603166e-01
4.120068606923871779e-01
4.154195593873895032e-01
4.189839471917646829e-01
4.227124946780110859e-01
4.266194723390843158e-01
4.307213344744468264e-01
4.350372153259394747e-01
4.395895804133193030e-01
4.444050969154408892e-01
4.495158205323827039e-01
4.549608520658176003e-01
4.607887132517932138e-01
4.670608651032915892e-01
4.738571223501473195e-01
4.812843868084469845e-01
4.894915886851821107e-01
4.986972721458070024e-01
5.092460470559494468e-01
5.080896127609940693e-01
5.008022157589996359e-01
4.940997826540907134e-01
4.878893427240741931e-01
4.821001896485911931e-01
4.766770628168989776e-01
4.715758005805187891e-01
4.667604509071893171e-01
4.622012831505301067e-01
4.578733794587427908e-01
4.537556117083462182e-01
4.498298823073310082e-01
4.460805501432293929e-01
4.424939892948281939e-01
4.390582447920571840e-01
4.357627605393479264e-01
4.325981617262941725e-01
4.295560789505066812e-01
4.266290046742459152e-01
4.238101750316268235e-01
4.210934717190215060e-01
4.184733399482140070e-01
4.159447193600661064e-01
4.135029854808073835e-01
4.111438998189280158e-01
4.088635670934610000e-01
4.066583983865675878e-01
4.045250792476834945e-01
4.024605419598851763e-01
4.004619413237204828e-01
3.985266334286302059e-01
3.966521569739517861e-01
3.948362167754739804e-01
3.930766691534294810e-01
3.913715089466200947e-01
3.897188579373787043e-01
3.881169545049796832e-01
3.865641443523942788e-01
3.850588721739162112e-01
3.835996741501294105e-01
3.821851711725525735e-01
3.808140627136631928e-01
3.794851212693032827e-01
3.781971873100574144e-01
3.769491646863611933e-01
3.757400164390691799e-01
3.745687609731956913e-01
3.734344685576826972e-01
3.723362581184856968e-01
3.712732942961021743e-01
3.702447847420007876e-01
3.692499776312941906e-01
3.682881593715365831e-01
3.673586524897167749e-01
3.664608136814662132e-01
3.655940320081901840e-01
3.647577272293303086e-01
3.639513482582821813e-01
3.631743717316637809e-01
3.624263006826589084e-01
3.617066633100797790e-01
3.610150118356120208e-01
3.603509214424280849e-01
3.597139892890118817e-01
3.591038335926118874e-01
3.585200927772723145e-01
3.579624246818481903e-01
3.574305058238430033e-01
3.569240307152823921e-01
3.564427112271841835e-01
3.559862759994930070e-01
3.555544698936353165e-01
3.551470534851026151e-01
3.547638025937078221e-01
3.544045078493721079e-01
3.540689742914963078e-01
3.537570210001497184e-01
3.534684807574723919e-01
3.532031997378458077e-01
3.529610372255198025e-01
3.527418653585205899e-01
3.525455688977832125e-01
3.523720450205711785e-01
3.522212031373451735e-01
3.520929647313517097e-01
3.519872632202958873e-01
3.519040438395508175e-01
3.518432635464494029e-01
3.518048909452858863e-01
3.517889062327326233e-01
3.517953011634666893e-01
3.518240790358700965e-01
3.518752546977484963e-01
3.519488545720925732e-01
3.520449167029804927e-01
3.521634908217963766e-01
3.523046384340258186e-01
3.524684329269598959e-01
3.526549596987342272e-01
3.528643163092042845e-01
3.530966126532574800e-01
3.533519711572498112e-01
3.536305269993587075e-01
3.539324283547430894e-01
3.542578366665182776e-01
3.546069269436701865e-01
3.549798880871545825e-01
3.553769232455769034e-01
3.557982502019801929e-01
3.562441017934414034e-01
3.567147263653374090e-01
3.572103882623464122e-01
3.577313683584367743e-01
3.582779646283373864e-01
3.588504927632201191e-01
3.594492868336011115e-01
3.597895404433705258e-01
3.595104948633779940e-01
3.592552206479348031e-01
3.590235808113698135e-01
3.588154515952904910e-01
3.586307222422827068e-01
3.584692947947606956e-01
3.583310839181459984e-01
3.582160167476581836e-01
3.581240327581048932e-01
3.580550836561479100e-01
3.580091332946193083e-01
3.579861576085492936e-01
3.579861445726528202e-01
3.580090941801085114e-01
3.580550184425462801e-01
3.581239414112448727e-01
3.578996792665887772e-01
3.576400710234103886e-01
3.574039662518875837e-01
3.571912391732632863e-01
3.570017769211443759e-01
3.568354793371498745e-01
3.566922587907003228e-01
3.565720400222188724e-01
3.564747600091187074e-01
3.554760410554295147e-01
3.539840755603732014e-01
3.525359653351081146e-01
3.511303486429204757e-01
3.497659409694187094e-01
3.484415294862476253e-01
3.471559680242448098e-01
3.459081725003116947e-01
3.446971167493468879e-01
3.435218287186588837e-01
3.423813869874817728e-01
3.412749175787034850e-01
3.402015910337977123e-01
3.391606197253078103e-01
3.381512553841525270e-01
3.371727868215692037e-01
3.362245378277268770e-01
3.353058652309940935e-01
3.344161571035467739e-01
3.335548311005067101e-01
3.327213329211249904e-01
3.319151348816919977e-01
3.310931288669616834e-01
3.302675242755918061e-01
3.294502785770855868e-01
3.285838027922017845e-01
3.277448685571942022e-01
3.269329460146825905e-01
3.261475305310886919e-01
3.253881414599241739e-01
3.246543209919238171e-01
3.239048166080484847e-01
3.227954535702081129e-01
3.216439477508089007e-01
3.205253452825546079e-01
3.194388068856561791e-01
3.183835353410439106e-01
3.173587729513140943e-01
3.163637992028691115e-01
3.153979286104394153e-01
3.144605087272295818e-01
3.135509183057327842e-01
3.126448133842338883e-01
3.117500081542708967e-01
3.108820413602315091e-01
3.100403641655610776e-01
3.092244533848502730e-01
3.084338101816433975e-01
3.076679588579380731e-01
3.069264457279640146e-01
3.062088380695410783e-01
3.055147231469517166e-01
3.048437072998319008e-01
3.041954150930890055e-01
3.035694885233187756e-01
3.029655862775899045e-01
3.023369321981002056e-01
3.016923536224501157e-01
3.010699020658132996e-01
3.004692399891760179e-01
2.998900456073579912e-01
2.993320122527092786e-01
2.987948477799993174e-01
2.982782740097086882e-01
2.977820262071734780e-01
2.972368226028924143e-01
2.967024807079856052e-01
2.961885361444387965e-01
2.956947268167594012e-01
2.952208034091483024e-01
2.947665289365939967e-01
2.943031363443706083e-01
2.938102449371521874e-01
2.933370833392974775e-01
2.928834158592413250e-01
2.924490185934928155e-01
2.920336790374132852e-01
2.916371957211552068e-01
2.912445781732587724e-01
2.908071806050789854e-01
2.903887391821119990e-01
2.897801560531403919e-01
2.891256404421074788e-01
2.884924622406612738e-01
2.878802822933784755e-01
2.872887768165995892e-01
2.867102160846008996e-01
2.861453124133531145e-01
2.855943536084543100e-01
2.850584662742178810e-01
2.845421092357683923e-01
2.840346041368000951e-01
2.835250335107009079e-01
2.830323220932914885e-01
2.825585138407679109e-01
2.821033773511972265e-01
2.816666924271262751e-01
2.812482497005708848e-01
2.808478502816990074e-01
2.804479906361492247e-01
2.800587157146792183e-01
2.796871405581756731e-01
2.793330924177743757e-01
2.789964078994111030e-01
2.786769327062740276e-01
2.783745213984242795e-01
2.780787278243271876e-01
2.777257465562870120e-01
2.773899961214272847e-01
2.770713232416971983e-01
2.767695833994076038e-01
2.764846406155845870e-01
2.762163672436157014e-01
2.759646437774777028e-01
2.757293586738904789e-01
2.755075318071376067e-01
2.752851573019554077e-01
2.750790195424023254e-01
2.748890284201714884e-01
2.747111468547753788e-01
2.745339959844229072e-01
2.743623849766974043e-01
2.741987711816447071e-01
2.740498605694111078e-01
2.738830331823234876e-01
2.737321027237594739e-01
2.735970041597161062e-01
2.734776794468820049e-01
2.733653050651160821e-01
2.732448121536169006e-01
2.731400263012053187e-01
2.730509027264222954e-01
2.729683314775597780e-01
2.728954014665578853e-01
2.728380570489293833e-01
2.727874682759299785e-01
2.727413813399613973e-01
2.727108369321109005e-01
2.726958220888349160e-01
2.726963304405402022e-01
2.726883961536772927e-01
2.726781671274124963e-01
2.726834593681780050e-01
2.727042751206619764e-01
2.727406232161471156e-01
2.727712154107573839e-01
2.728125861196386004e-01
2.728695155532060990e-01
2.729420279122758974e-01
2.730066106899178835e-01
2.730489330639961909e-01
2.731068341217480211e-01
2.731803384937431800e-01
2.732694774898282164e-01
2.733742891423527888e-01
2.734948182588285981e-01
2.735926159569779803e-01
2.736872372877036108e-01
2.737975767950276973e-01
2.739236817322602824e-01
2.740656062341380039e-01
2.742234113925328121e-01
2.743971653422911938e-01
2.745869433574710805e-01
2.747871738354725757e-01
2.739187978030088177e-01
2.717248575868747018e-01
2.696046020425642009e-01
2.675540449504988927e-01
2.655695386393441826e-01
2.636477356075666023e-01
2.617855555571846904e-01
2.599801569357266806e-01
2.582289122555805894e-01
2.565293865959181185e-01
2.548793187999757182e-01
2.532766049662281138e-01
2.517192839007892924e-01
2.502055242539129032e-01
2.487336131085839952e-01
2.473019458260327097e-01
2.459090169832570949e-01
2.445534122626187024e-01
2.432338011742707085e-01
2.419489305094423004e-01
2.406976184370248073e-01
2.394787491680440972e-01
2.382912681228246954e-01
2.371341775443177036e-01
2.360065325084269028e-01
2.349074372884379924e-01
2.338360420360360015e-01
2.327915397459937863e-01
2.317731634755960946e-01
2.307801837932774991e-01
2.298119064339297912e-01
2.288676701409040892e-01
2.279468446769792878e-01
2.270488289885239097e-01
2.261730495087913018e-01
2.253189585877891921e-01
2.244860330374857937e-01
2.236737727822749877e-01
2.228816996056502964e-01
2.221093559849444954e-01
2.213563040067965115e-01
2.206221243567209889e-01
2.199064153767910090e-01
2.192087921860106092e-01
2.185288858584608085e-01
2.178663426547514936e-01
2.172208233027211888e-01
2.165920023236846959e-01
2.159795674008598010e-01
2.153832187868952031e-01
2.148026687476871921e-01
2.142376410399133013e-01
2.136878704199235979e-01
2.131531021818308946e-01
2.126330917228121953e-01
2.121276041338019114e-01
2.116364138138958906e-01
2.111593041069257937e-01
2.106960669587762125e-01
2.102465025941372134e-01
2.098104192114765010e-01
2.093876326951145950e-01
2.089779663433659063e-01
2.085812506117916132e-01
2.081973228706739953e-01
2.078260271758944899e-01
2.074672140524523867e-01
2.071207402899183092e-01
2.067864687491695885e-01
2.064642681797961010e-01
2.061540130476149923e-01
2.058555833717675976e-01
2.055688645709131124e-01
2.052937473180642125e-01
2.050301274036452903e-01
2.047779056063807890e-01
2.045369875716513963e-01
2.043072836969790085e-01
2.040887090243279078e-01
2.038811831389290008e-01
2.036846300743601901e-01
2.034989782236281131e-01
2.033241602560237060e-01
2.031601130395322974e-01
2.030067775686044129e-01
2.028640988971019965e-01
2.027320260762519866e-01
2.026105120974552865e-01
2.024995138398069938e-01
2.023989920222029060e-01
2.023089111599135070e-01
2.022292395255226027e-01
2.021599491141345961e-01
2.021010156127701907e-01
2.020524183738766910e-01
2.020141403928888135e-01
2.019861682897904909e-01
2.019684922946305972e-01
2.019611062369627008e-01
2.019640075391798129e-01
2.019771972137326954e-01
2.020006798642224877e-01
2.020344636903710911e-01
2.020785604968813876e-01
2.021329857062068025e-01
2.021977583752619101e-01
2.022729012161101902e-01
2.023584406206823116e-01
2.024544066895770100e-01
2.025608332650196963e-01
2.026777579680507924e-01
2.028052222400378024e-01
2.029432713886069883e-01
2.030919546381090013e-01
2.032513251847402058e-01
2.034214402564528124e-01
2.036023611778071951e-01
2.037941534399229926e-01
2.039968867757080973e-01
2.042106352405576863e-01
2.044354772987257984e-01
2.046714959156011870e-01
2.049187786561225966e-01
2.051774177895998863e-01
2.054475104012198072e-01
2.057291585105424925e-01
2.060224691973142896e-01
2.063275547349500971e-01
2.066445327320625969e-01
2.069735262824478061e-01
2.073146641239645982e-01
2.076680808067808970e-01
2.080339168714931963e-01
2.084123190376681034e-01
2.088034404033927982e-01
2.092074406564699007e-01
2.096244862979382007e-01
2.100547508786584083e-01
2.104984152497550998e-01
2.109556678277748898e-01
2.114267048754847889e-01
2.119117307993113875e-01
2.124109584645031967e-01
2.129246095291849883e-01
2.134529147985725073e-01
2.139961146007215986e-01
2.145544591853006111e-01
2.151282091470035907e-01
2.157176358753642997e-01
2.163230220328808129e-01
2.169446620635337997e-01
2.175828627339687904e-01
2.182379437098168895e-01
2.189102381698609101e-01
2.196000934610028987e-01
2.203078717972745959e-01
2.210339510064394941e-01
2.217787253280837090e-01
2.225426062674820127e-01
2.233260235099503999e-01
2.241294259008813072e-01
2.249532824971977041e-01
2.257980836965625127e-01
2.266643424513622995e-01
2.275525955752444873e-01
2.284634051508485919e-01
2.293973600483475983e-01
2.303550775655114902e-01
2.313372052012556135e-01
2.323444225760575021e-01
2.333774435142360881e-01
2.344370183049410972e-01
2.355239361608076065e-01
2.366390278956564952e-01
2.377831688454112025e-01
2.389572820596188862e-01
2.401623417946817107e-01
2.413993773442260904e-01
2.426694772470560924e-01
2.439737939189982052e-01
2.453135487618159916e-01
2.466900378104276981e-01
2.481046379891823916e-01
2.495588140591913084e-01
2.510541263520967847e-01
2.525922394016071881e-01
2.541749316032366757e-01
2.558041060556948132e-01
2.574818027651771257e-01
2.592102124275960096e-01
2.609916920450729982e-01
2.628287826836950836e-01
2.647242297421688040e-01
2.666810061788362773e-01
2.687023392419048973e-01
2.707917413704241105e-01
2.729530460892546917e-01
2.751904499204406163e-01
2.775085615903358782e-01
2.799124601462751882e-01
2.824077640361246089e-01
2.850007137878265984e-01
2.876982717101170817e-01
2.905082431015988953e-01
2.934394249240435126e-01
2.965017899487363828e-01
2.997067173001700113e-01
3.030672845346947808e-01
3.065986425993024178e-01
3.103185043599807069e-01
3.142477917974803026e-01
3.182711389732634233e-01
3.225277674386342053e-01
3.270602381013100191e-01
3.319084228008074011e-01
3.371226329817101908e-01
3.427678899914186061e-01
3.489307434898724081e-01
3.557307866597730905e-01
3.630798264501304828e-01
3.712774613353964082e-01
3.804066933645847137e-01
3.906520495073912969e-01
4.031625916151160838e-01
4.193329261143640130e-01
4.474779685717809041e-01
4.946773732761470810e-01
4.928737386589647773e-01
4.911329268802142045e-01
4.894529638095801993e-01
4.878320003477416011e-01
4.862683027863701213e-01
4.847602441397824147e-01
4.833062963327839912e-01
4.819050231452240984e-01
4.805550738272439948e-01
4.792551773106336066e-01
4.780041369514062000e-01
4.768008257469933953e-01
4.756441819785546810e-01
4.745332052349859886e-01
4.734669527804618028e-01
4.724445362318872021e-01
4.714651185165557035e-01
4.705279110837470857e-01
4.696321713469575054e-01
4.687772003360756723e-01
4.679623405410869852e-01
4.671869739309080227e-01
4.664505201327028838e-01
4.657524347586061153e-01
4.650922078681538063e-01
4.644693625559475070e-01
4.638834536551714738e-01
4.633340665485565224e-01
4.628208160792547932e-01
4.623433455548717763e-01
4.619013258386088783e-01
4.614944545221033034e-01
4.611224551751305079e-01
4.607850766678588950e-01
4.604820925618253735e-01
4.602133005662368825e-01
4.599785220566172117e-01
4.590354725454885987e-01
4.550994395660615810e-01
4.513400413338550798e-01
4.477436922973762057e-01
4.442984676567410252e-01
4.409938337839244271e-01
4.378204324738774744e-01
4.140925447235723755e-01
3.958964806680163040e-01
3.829988705000448856e-01
3.725353570909615830e-01
3.633565085174420006e-01
3.554010425252407956e-01
3.483427849097848750e-01
3.419784380070514107e-01
3.361711585515976819e-01
3.308236305358607243e-01
3.258637271093056120e-01
3.212362378684984754e-01
3.168977923937655872e-01
3.128135889760947919e-01
3.089552009397878996e-01
3.052990560720914015e-01
3.018253527280707060e-01
2.985172684758103934e-01
2.953603702098883121e-01
2.923421663842185048e-01
2.894517616328550758e-01
2.866795865428404255e-01
2.840171835123095900e-01
2.814570350931031029e-01
2.789924249510852827e-01
2.766173241761801793e-01
2.743150934300961907e-01
2.720583668709046776e-01
2.698789623031550011e-01
2.677725647436485779e-01
2.657352365612268841e-01
2.637633734290226739e-01
2.618536666669307733e-01
2.600030708771677856e-01
2.582087759916590897e-01
2.564681830182863886e-01
2.547788829052959891e-01
2.531386380479133114e-01
2.515453660447369844e-01
2.499971253785449044e-01
2.484921027503259883e-01
2.470286018393784977e-01
2.456050332982925022e-01
2.442199058212065899e-01
2.428718181481311911e-01
2.415594518883892872e-01
2.402815650631044964e-01
2.390369862807990020e-01
2.378246094720407877e-01
2.366433891191010996e-01
2.354923359250792880e-01
2.343705128741624955e-01
2.332770316408530886e-01
2.322110493112559959e-01
2.311717653840560105e-01
2.301584190226974025e-01
2.291702865336572026e-01
2.282066790486055874e-01
2.272669403907910946e-01
2.263504451081828073e-01
2.254565966578326031e-01
2.245848257275996906e-01
2.237345886828626951e-01
2.229053661271374887e-01
2.220966615666634947e-01
2.213080001700384880e-01
2.205389276148632949e-01
2.197890090141607911e-01
2.190578279160310116e-01
2.183449853706314059e-01
2.176500990591312135e-01
2.169728024797825117e-01
2.163127441867027101e-01
2.156695870773543966e-01
2.150430077250750915e-01
2.144326957533251032e-01
2.138383532486133054e-01
2.132596942093240022e-01
2.126964440279016932e-01
2.121483390040626027e-01
2.116151258868992913e-01
2.110965614439150040e-01
2.105924120551848910e-01
2.101024533309868991e-01
2.096264697513745001e-01
2.091642543262839937e-01
2.087156082748783947e-01
2.082803407229285864e-01
2.078582684171257078e-01
2.074492154552992074e-01
2.070530130315944017e-01
2.066694991957316041e-01
2.062985186255343051e-01
2.059399224119722871e-01
2.055935678560213975e-01
2.052593182766906943e-01
2.049370428296163060e-01
2.046266163356592060e-01
2.043279191189913135e-01
2.040408368541843931e-01
2.037652604218528896e-01
2.035010857724348921e-01
2.032482137977218994e-01
2.030065502097770924e-01
2.027760054269072132e-01
2.025564944663766909e-01
2.023479368435741887e-01
2.021502564773638988e-01
2.019633816013725047e-01
2.017872446809806097e-01
2.016217823358056882e-01
2.014669352674789138e-01
2.013226481925352029e-01
2.011888697802456105e-01
2.010655525952433076e-01
2.009526530447973136e-01
2.008501313306091940e-01
2.007579514050144009e-01
2.006760809314837024e-01
2.006044912493308019e-01
2.005431573425411895e-01
2.004920578126503095e-01
2.004511748556055961e-01
2.004204942425593938e-01
2.004000053045477125e-01
2.003897009210184044e-01
2.003895775121828093e-01
2.003996350351736899e-01
2.004198769839984906e-01
2.004503103932901986e-01
2.004909458458634941e-01
2.005417974840927042e-01
2.006028830251400108e-01
2.006742237800674955e-01
2.007558446768795135e-01
2.008477742875471039e-01
2.009500448590794963e-01
2.010626923487172091e-01
2.011857564633255935e-01
2.013192807030894094e-01
2.014633124096081029e-01
2.016179028185093869e-01
2.017831071167107970e-01
2.019209262262748883e-01
2.018653427794447897e-01
2.018200748418106094e-01
2.017851065894684937e-01
2.017604258104853943e-01
2.017460238916974902e-01
2.017418958094094050e-01
2.017480401239739041e-01
2.017644589782398024e-01
2.017911580998623944e-01
2.018281468074847873e-01
2.018754380208011012e-01
2.018868864928251017e-01
2.018449439590470074e-01
2.018132993069667036e-01
2.017919414869644990e-01
2.017808630460344033e-01
2.017800601197370924e-01
2.017895324280311875e-01
2.018092832749706911e-01
2.018393195522696915e-01
2.018796517467418006e-01
2.019302939516315898e-01
2.019912638818648076e-01
2.020625828932531010e-01
2.021442760056977872e-01
2.022363719304482998e-01
2.023389031014783956e-01
2.024519057110558129e-01
2.025754197495895914e-01
2.027094890498505886e-01
2.028541613356719120e-01
2.030094882752480068e-01
2.031755255391625992e-01
2.033523328632879101e-01
2.035399741167124021e-01
2.037385173748675893e-01
2.039480349980374863e-01
2.041686037154538946e-01
2.044003047151934926e-01
2.046432237401105136e-01
2.048974511900616136e-01
2.051630822306939883e-01
2.054402169090923103e-01
2.057289602766012027e-01
2.060294225191670880e-01
2.063417190955645075e-01
2.066659708839042042e-01
2.070023043368489912e-01
2.073508516459939000e-01
2.077117509159057129e-01
2.079101825322726138e-01
2.076091996987624866e-01
2.073200610616688089e-01
2.070426558043430010e-01
2.067768783129269039e-01
2.065226280446635920e-01
2.062697215881300061e-01
2.059896621788820936e-01
2.056511792547101036e-01
2.053247331240247997e-01
2.050101965757799016e-01
2.047024696197221050e-01
2.044000707303919029e-01
2.041093210726775131e-01
2.038301098982316095e-01
2.035623315701166891e-01
2.033058854319332032e-01
2.030606756844446914e-01
2.028266112693604961e-01
2.026036057599550078e-01
2.023915772582272066e-01
2.021904482983274964e-01
2.020001457559955083e-01
2.018206007637725896e-01
2.016517486317709884e-01
2.014935287737963931e-01
2.013458846386380896e-01
2.012087636463543994e-01
2.010821171293951937e-01
2.009586819920212986e-01
2.008314819952048969e-01
2.007146967149417982e-01
2.006082849733026030e-01
2.005122093494078883e-01
2.004264361383985005e-01
2.003509353146329108e-01
2.002856804990214012e-01
2.002306489304221948e-01
2.001858214410306980e-01
2.001511824357042058e-01
2.001267198751754128e-01
2.001124252631132916e-01
2.001082936370036924e-01
2.001143235628264905e-01
2.001305171335178990e-01
2.001568799712148961e-01
2.001934212332859009e-01
2.002401536221619094e-01
2.002970933989917102e-01
2.003642604011519057e-01
