-8.942850850760101125e-12
-1.085456932911179617e+00
-1.996711546774632140e+01
-2.122929408324731426e+01
-3.141010453722348217e+00
1.640000000000000069e-01
1.640000000000000069e-01
1.640000000000000069e-01
1.640000000000000069e-01
1.640000000000000069e-01
1.640000000000000069e-01
1.640000000000000069e-01
1.640000000000000069e-01
1.640000000000000069e-01
1.640000000000000069e-01
1.640000000000000069e-01
1.640000000000000069e-01
1.640000000000000069e-01
1.640000000000000069e-01
1.640000000000000069e-01
1.640000000000000069e-01
1.640000000000000069e-01
1.640000000000000069e-01
1.640000000000000069e-01
1.640000000000000069e-01
1.640000000000000069e-01
1.640000000000000069e-01
1.640000000000000069e-01
1.640000000000000069e-01
1.640000000000000069e-01
1.640000000000000069e-01
1.640000000000000069e-01
1.640000000000000069e-01
1.640000000000000069e-01
1.640000000000000069e-01
1.640000000000000069e-01
1.640000000000000069e-01
1.640000000000000069e-01
1.640000000000000069e-01
1.640000000000000069e-01
1.640000000000000069e-01
1.640000000000000069e-01
1.640000000000000069e-01
1.640000000000000069e-01
1.640000000000000069e-01
1.640000000000000069e-01
1.640000000000000069e-01
1.640000000000000069e-01
1.640000000000000069e-01
1.640000000000000069e-01
1.640000000000000069e-01
1.640000000000000069e-01
1.640000000000000069e-01
1.640000000000000069e-01
1.640000000000000069e-01
1.640000000000000069e-01
1.640000000000000069e-01
1.640000000000000069e-01
1.640000000000000069e-01
1.640000000000000069e-01
1.640000000000000069e-01
1.640000000000000069e-01
1.640000000000000069e-01
1.640000000000000069e-01
1.640000000000000069e-01
1.640000000000000069e-01
1.640000000000000069e-01
1.640000000000000069e-01
1.640000000000000069e-01
1.640000000000000069e-01
1.640000000000000069e-01
1.640000000000000069e-01
1.640000000000000069e-01
1.640000000000000069e-01
1.640000000000000069e-01
1.640000000000000069e-01
1.640000000000000069e-01
1.640000000000000069e-01
1.640000000000000069e-01
1.640000000000000069e-01
1.640000000000000069e-01
1.640000000000000069e-01
1.640000000000000069e-01
1.640000000000000069e-01
1.640000000000000069e-01
1.640000000000000069e-01
1.640000000000000069e-01
1.640000000000000069e-01
1.640000000000000069e-01
1.640000000000000069e-01
1.640000000000000069e-01
1.640000000000000069e-01
1.640000000000000069e-01
1.640000000000000069e-01
1.640000000000000069e-01
1.640000000000000069e-01
1.640000000000000069e-01
1.640000000000000069e-01
1.640000000000000069e-01
1.640000000000000069e-01
1.640000000000000069e-01
1.640000000000000069e-01
1.640000000000000069e-01
1.640000000000000069e-01
1.640000000000000069e-01
1.640000000000000069e-01
1.640000000000000069e-01
1.640000000000000069e-01
1.640000000000000069e-01
1.640000000000000069e-01
1.640000000000000069e-01
1.640000000000000069e-01
1.640000000000000069e-01
1.640000000000000069e-01
1.640000000000000069e-01
1.640000000000000069e-01
1.640000000000000069e-01
1.640000000000000069e-01
1.640000000000000069e-01
1.640000000000000069e-01
1.640000000000000069e-01
1.640000000000000069e-01
1.640000000000000069e-01
1.640000000000000069e-01
1.640000000000000069e-01
1.640000000000000069e-01
1.640000000000000069e-01
1.640000000000000069e-01
1.640000000000000069e-01
1.640000000000000069e-01
1.640000000000000069e-01
1.640000000000000069e-01
1.641678212169996043e-01
1.651869386939101014e-01
1.652105201882488883e-01
1.655392761124337975e-01
1.665247933295433136e-01
1.672098416135628929e-01
1.666926619082388095e-01
1.645081349356977973e-01
1.696876824643918924e-01
1.672831994132850109e-01
1.732062718681035007e-01
1.702548261774622929e-01
1.718134908345470002e-01
1.719694057138909105e-01
1.722897898324526889e-01
1.736219777175828094e-01
1.755463854350118869e-01
1.718833888329885928e-01
1.720243401291997876e-01
1.785592496861068135e-01
1.771612356431883917e-01
1.780803114852952951e-01
1.795956961881308989e-01
1.846427225543353923e-01
1.802362945315859055e-01
1.804868433431630892e-01
1.834427051294653943e-01
1.839333899365336866e-01
1.844660906073370132e-01
1.857765364095292082e-01
1.900213640220999867e-01
1.884520196625903976e-01
1.917951160608679928e-01
1.927856982935290953e-01
1.908689340671604895e-01
1.931442323190742938e-01
1.942061594016384063e-01
1.965015084322188910e-01
1.940442355968494126e-01
1.962644199755982088e-01
1.969693779664546118e-01
1.993549272374832981e-01
1.985422007058227911e-01
1.992768369320790101e-01
1.976414758508248104e-01
2.006282974485397996e-01
2.016256268526298023e-01
1.986414988564730866e-01
1.998960392336721070e-01
2.019498229040311010e-01
2.067299523382344906e-01
2.054708366741133940e-01
2.058691099781282952e-01
2.044679097761886999e-01
2.045275603049762914e-01
2.097938047610108936e-01
2.054751059947295955e-01
2.124602117089200992e-01
2.117658027613396055e-01
2.086758650482327115e-01
2.158173179228544958e-01
2.197058117099947028e-01
2.202752056549688864e-01
2.172850026884078078e-01
2.188479979540852993e-01
2.251079903733474996e-01
2.248086897353663016e-01
2.266233268666364986e-01
2.298513872308662886e-01
2.288828960662928902e-01
2.266314749606415935e-01
2.324912174372675000e-01
2.360228104429784035e-01
2.383864090140700998e-01
2.407053288745986119e-01
2.383303943596306040e-01
2.470652308833246880e-01
2.447650208844674991e-01
2.540626462781457873e-01
2.501870589284347912e-01
2.576806175539542165e-01
2.667795787944726160e-01
2.605027172965391213e-01
2.664672970164467802e-01
2.599603713355658763e-01
2.686548970209214904e-01
2.642804266436710736e-01
2.647634982927983271e-01
2.628459533578506035e-01
2.667238763068172092e-01
2.696472700206414830e-01
2.678377190160690091e-01
2.682336469395574241e-01
2.694773699839546066e-01
2.714641652518897108e-01
2.767300356438736064e-01
2.740896108064920789e-01
2.727238214058045895e-01
2.791846624437114843e-01
2.743474609682934884e-01
2.795882335462341883e-01
2.735848691910809927e-01
2.763116141356747879e-01
2.816932428352377782e-01
2.798648934671988942e-01
2.916660390646179102e-01
2.916641897500149017e-01
2.876390175280175154e-01
2.883419741844933104e-01
2.905120891038884823e-01
2.928559267325548943e-01
2.949285899765876073e-01
2.992653798847014213e-01
3.030298570045911188e-01
2.997583872514962833e-01
3.072039571109790868e-01
3.093356150207431932e-01
3.080429140283312828e-01
3.204890213690814726e-01
3.099244712071305141e-01
3.213640537645139905e-01
3.269183682367649002e-01
3.256335687040620153e-01
3.309452475038145991e-01
3.281847782301061112e-01
3.117381488632404163e-01
3.024786485221632182e-01
2.913866133532316272e-01
2.787024536750216108e-01
2.839140567918990166e-01
2.739417254586187789e-01
2.649584629874247033e-01
2.689097355014611890e-01
2.617529380813212736e-01
2.598282462108241209e-01
2.549102882784090029e-01
2.521890039882639933e-01
2.486329060581287942e-01
2.439446967446916026e-01
2.512084350014359146e-01
2.444190753722008946e-01
2.352758852675999046e-01
2.354417313793386868e-01
2.345517217276616995e-01
2.344063538023140048e-01
2.276107783121943950e-01
2.319177183812075049e-01
2.266216468115382909e-01
2.257679933062086974e-01
2.264733157013522902e-01
2.285905232039940893e-01
2.284414196911870865e-01
2.190219809781079052e-01
2.197679276679286031e-01
2.179347663263845047e-01
2.108933885173681078e-01
2.131581671229960950e-01
2.149123563139836990e-01
2.107443878393296943e-01
2.169050359044780996e-01
2.151019617169505904e-01
2.104924656558357088e-01
2.097221600490326021e-01
2.087684966502612871e-01
2.078509493616854942e-01
2.057889886854800954e-01
2.115798023536447081e-01
2.013113556562126927e-01
2.074422147127037985e-01
2.066928344118464933e-01
2.036619063916589034e-01
2.011772166350022928e-01
2.021964393543944916e-01
1.975453321123707973e-01
2.007491178758387118e-01
2.007442793827315108e-01
1.982185887184688133e-01
1.982557413968122906e-01
2.032029667042362930e-01
1.988431603557014038e-01
1.979738534282692031e-01
1.951110076708340024e-01
1.989167091119594943e-01
1.998885258257054875e-01
1.953861956962663904e-01
1.977285846023467131e-01
1.949123504594522938e-01
1.883050658432955937e-01
1.939030618838477882e-01
1.924361499620330096e-01
1.900895838211804079e-01
1.908460751743860095e-01
1.892642382860151018e-01
1.897016495267666025e-01
1.955836476189475037e-01
1.915268123150822011e-01
1.922462997708763999e-01
1.910738079453876970e-01
1.910589713316099003e-01
1.918069786544167044e-01
1.874146039952901965e-01
1.857214167287538908e-01
1.923060297194472967e-01
1.855182430968023988e-01
1.902811202529335888e-01
1.888507154791080889e-01
1.860475514341496106e-01
1.829073329583014995e-01
1.918533845862588072e-01
1.842431219464610026e-01
1.879218725136446999e-01
1.828237227391202868e-01
1.893281279471130119e-01
1.834656308793221058e-01
1.862129656145415091e-01
1.938747079568745868e-01
1.839918036308975935e-01
1.848354665172403932e-01
1.845202333341121048e-01
1.894674246361708059e-01
1.877500907391753959e-01
1.841765069102609953e-01
1.812215642409535921e-01
1.874482383761310877e-01
1.801820960391276871e-01
1.876874712386210897e-01
1.900805095058827054e-01
1.827355853288459009e-01
1.911465773821215131e-01
1.901965972302878949e-01
1.888675170098406964e-01
1.910536111707110962e-01
1.873111422287218886e-01
1.884582517417592029e-01
1.886521614674581127e-01
1.876459051972128034e-01
1.888227039560052001e-01
1.918822348447827009e-01
1.875830851273748989e-01
1.898213085389026111e-01
1.939581990005515011e-01
1.949538303554441965e-01
1.906875792571811890e-01
1.968292118415896907e-01
1.922411114465087945e-01
1.893335863888943038e-01
1.886264575459606907e-01
1.899097638739613014e-01
1.934357356875187894e-01
1.960152976851552986e-01
1.914365890495677014e-01
1.968570659239297915e-01
1.945420634199483134e-01
1.976386522609308027e-01
1.952571623753479035e-01
1.930969921171505899e-01
1.951348907888305062e-01
2.006627175681393038e-01
1.980952554744102867e-01
1.897185273978266862e-01
1.992795484168868037e-01
2.013667654734334900e-01
1.931477341715225893e-01
1.973293727347220083e-01
1.941342025968202933e-01
2.018502457564506913e-01
1.978364273291206010e-01
1.981618280351352124e-01
1.939443324134635938e-01
1.959575649764370986e-01
1.931615012189057123e-01
1.913949309505162955e-01
1.956087347885661909e-01
1.871277295010523034e-01
1.897028897888783927e-01
1.916711754521830957e-01
1.915404411373838878e-01
1.919341251836275963e-01
1.894985444272135056e-01
1.859528617221118119e-01
1.890112397479561945e-01
1.882753579046899939e-01
1.895478458622363027e-01
1.864132319027693996e-01
1.819004915107493014e-01
1.866749640422515066e-01
1.849691314684170917e-01
1.864694784458451882e-01
1.838699986021078980e-01
1.820468715519177050e-01
1.826748954506176026e-01
1.813647012710425943e-01
1.758633559337982044e-01
1.829446451821137021e-01
1.806602571563085124e-01
1.803610375563244050e-01
1.796589153641242054e-01
1.775232936105979875e-01
1.761447863138841941e-01
1.780930827461283950e-01
1.773934301482867903e-01
1.746744896604797981e-01
1.757975489855868045e-01
1.704577141931840067e-01
1.724426996433321979e-01
1.739046341793807904e-01
1.716100489938199025e-01
1.717394750555304994e-01
1.687038553164456889e-01
1.709663282478730006e-01
1.664923365348749962e-01
1.649851412477958135e-01
1.664431562563437050e-01
1.671631964937692894e-01
1.677299377708356132e-01
1.640000000000000069e-01
1.645288975386841879e-01
1.640000000000000069e-01
1.640000000000000069e-01
1.640000000000000069e-01
1.640000000000000069e-01
1.640000000000000069e-01
1.640000000000000069e-01
1.640000000000000069e-01
1.640000000000000069e-01
1.640000000000000069e-01
1.640000000000000069e-01
1.640000000000000069e-01
1.640000000000000069e-01
1.640000000000000069e-01
1.640000000000000069e-01
1.640000000000000069e-01
1.640000000000000069e-01
1.640000000000000069e-01
1.640000000000000069e-01
1.640000000000000069e-01
1.640000000000000069e-01
1.640000000000000069e-01
1.640000000000000069e-01
1.640000000000000069e-01
1.640000000000000069e-01
1.640000000000000069e-01
1.640000000000000069e-01
1.640000000000000069e-01
1.640000000000000069e-01
1.640000000000000069e-01
1.640000000000000069e-01
1.640000000000000069e-01
1.640000000000000069e-01
1.640000000000000069e-01
1.640000000000000069e-01
1.640000000000000069e-01
1.640000000000000069e-01
1.640000000000000069e-01
1.640000000000000069e-01
1.640000000000000069e-01
1.640000000000000069e-01
1.640000000000000069e-01
1.640000000000000069e-01
1.640000000000000069e-01
1.640000000000000069e-01
1.640000000000000069e-01
1.640000000000000069e-01
1.640000000000000069e-01
1.640000000000000069e-01
1.640000000000000069e-01
1.640000000000000069e-01
1.640000000000000069e-01
1.640000000000000069e-01
1.640000000000000069e-01
1.640000000000000069e-01
1.640000000000000069e-01
1.640000000000000069e-01
1.640000000000000069e-01
1.640000000000000069e-01
1.640000000000000069e-01
1.640000000000000069e-01
1.640000000000000069e-01
1.640000000000000069e-01
1.640000000000000069e-01
1.640000000000000069e-01
1.640000000000000069e-01
1.640000000000000069e-01
1.640000000000000069e-01
1.640000000000000069e-01
1.640000000000000069e-01
1.640000000000000069e-01
1.640000000000000069e-01
1.640000000000000069e-01
1.640000000000000069e-01
1.640000000000000069e-01
1.640000000000000069e-01
1.640000000000000069e-01
1.640000000000000069e-01
1.640000000000000069e-01
1.640000000000000069e-01
1.640000000000000069e-01
1.640000000000000069e-01
1.640000000000000069e-01
1.640000000000000069e-01
1.640000000000000069e-01
1.640000000000000069e-01
1.640000000000000069e-01
1.640000000000000069e-01
1.640000000000000069e-01
1.640000000000000069e-01
1.640000000000000069e-01
1.640000000000000069e-01
1.640000000000000069e-01
1.640000000000000069e-01
1.640000000000000069e-01
1.640000000000000069e-01
1.640000000000000069e-01
1.640000000000000069e-01
1.640000000000000069e-01
1.640000000000000069e-01
1.640000000000000069e-01
1.640000000000000069e-01
1.640000000000000069e-01
1.640000000000000069e-01
1.640000000000000069e-01
1.640000000000000069e-01
1.640000000000000069e-01
1.640000000000000069e-01
1.640000000000000069e-01
1.640000000000000069e-01
1.640000000000000069e-01
1.640000000000000069e-01
1.640000000000000069e-01
1.640000000000000069e-01
1.640000000000000069e-01
1.640000000000000069e-01
1.640000000000000069e-01
1.640000000000000069e-01
1.640000000000000069e-01
1.640000000000000069e-01
1.640000000000000069e-01
1.640000000000000069e-01
1.640000000000000069e-01
1.640000000000000069e-01
1.640000000000000069e-01
1.640000000000000069e-01
1.640000000000000069e-01
1.640000000000000069e-01
1.640000000000000069e-01
1.640000000000000069e-01
1.640000000000000069e-01
1.640000000000000069e-01
1.640000000000000069e-01
1.640000000000000069e-01
1.640000000000000069e-01
1.640000000000000069e-01
1.640000000000000069e-01
1.640000000000000069e-01
1.640000000000000069e-01
1.640000000000000069e-01
1.640000000000000069e-01
1.640000000000000069e-01
1.640000000000000069e-01
1.640000000000000069e-01
1.640000000000000069e-01
1.640000000000000069e-01
1.640000000000000069e-01
1.640000000000000069e-01
1.640000000000000069e-01
1.640000000000000069e-01
1.640000000000000069e-01
1.640000000000000069e-01
1.640000000000000069e-01
1.640000000000000069e-01
1.640000000000000069e-01
1.640000000000000069e-01
1.640000000000000069e-01
1.640000000000000069e-01
1.640000000000000069e-01
1.640000000000000069e-01
1.640000000000000069e-01
1.640000000000000069e-01
1.640000000000000069e-01
1.640000000000000069e-01
1.640000000000000069e-01
1.640000000000000069e-01
1.640000000000000069e-01
1.640000000000000069e-01
1.640000000000000069e-01
1.640000000000000069e-01
1.640000000000000069e-01
1.640000000000000069e-01
1.640000000000000069e-01
1.640000000000000069e-01
1.640000000000000069e-01
1.640000000000000069e-01
1.640000000000000069e-01
1.640000000000000069e-01
1.640000000000000069e-01
1.640000000000000069e-01
1.640000000000000069e-01
1.640000000000000069e-01
1.640000000000000069e-01
1.640000000000000069e-01
1.640000000000000069e-01
1.640000000000000069e-01
1.640000000000000069e-01
1.640000000000000069e-01
1.640000000000000069e-01
1.640000000000000069e-01
1.640000000000000069e-01
1.640000000000000069e-01
1.640000000000000069e-01
1.640000000000000069e-01
1.640000000000000069e-01
1.640000000000000069e-01
1.640000000000000069e-01
1.640000000000000069e-01
1.640000000000000069e-01
1.640000000000000069e-01
1.640000000000000069e-01
1.640000000000000069e-01
1.640000000000000069e-01
1.640000000000000069e-01
1.640000000000000069e-01
1.640000000000000069e-01
1.640000000000000069e-01
1.640000000000000069e-01
1.640000000000000069e-01
1.640000000000000069e-01
1.640000000000000069e-01
1.640000000000000069e-01
1.640000000000000069e-01
1.640000000000000069e-01
1.640000000000000069e-01
1.640000000000000069e-01
1.640000000000000069e-01
1.640000000000000069e-01
1.640000000000000069e-01
1.640000000000000069e-01
1.640000000000000069e-01
1.640000000000000069e-01
1.640000000000000069e-01
1.640000000000000069e-01
1.640000000000000069e-01
1.640000000000000069e-01
1.640000000000000069e-01
1.640000000000000069e-01
1.640000000000000069e-01
1.640000000000000069e-01
1.640000000000000069e-01
1.640000000000000069e-01
1.640000000000000069e-01
1.640000000000000069e-01
1.640000000000000069e-01
1.640000000000000069e-01
1.640000000000000069e-01
1.640000000000000069e-01
1.640000000000000069e-01
1.640000000000000069e-01
1.640000000000000069e-01
1.640000000000000069e-01
1.640000000000000069e-01
1.640000000000000069e-01
1.640000000000000069e-01
1.640000000000000069e-01
1.640000000000000069e-01
1.640000000000000069e-01
1.640000000000000069e-01
1.640000000000000069e-01
1.640000000000000069e-01
1.640000000000000069e-01
1.640000000000000069e-01
1.640000000000000069e-01
1.640000000000000069e-01
1.640000000000000069e-01
1.640000000000000069e-01
1.640000000000000069e-01
1.640000000000000069e-01
1.640000000000000069e-01
1.640000000000000069e-01
1.640000000000000069e-01
1.640000000000000069e-01
1.640000000000000069e-01
1.640000000000000069e-01
1.640000000000000069e-01
1.640000000000000069e-01
1.640000000000000069e-01
1.640000000000000069e-01
1.640000000000000069e-01
1.640000000000000069e-01
1.640000000000000069e-01
1.640000000000000069e-01
1.640000000000000069e-01
1.640000000000000069e-01
1.640000000000000069e-01
1.640000000000000069e-01
1.640000000000000069e-01
1.640000000000000069e-01
1.640000000000000069e-01
1.640000000000000069e-01
1.640000000000000069e-01
1.640000000000000069e-01
1.640000000000000069e-01
1.640000000000000069e-01
1.640000000000000069e-01
1.640000000000000069e-01
1.640000000000000069e-01
1.640000000000000069e-01
1.640000000000000069e-01
1.640000000000000069e-01
1.640000000000000069e-01
1.640000000000000069e-01
1.640000000000000069e-01
1.640000000000000069e-01
1.640000000000000069e-01
1.640000000000000069e-01
1.640000000000000069e-01
1.640000000000000069e-01
1.640000000000000069e-01
1.640000000000000069e-01
1.640000000000000069e-01
1.640000000000000069e-01
1.640000000000000069e-01
1.640000000000000069e-01
1.640000000000000069e-01
1.640000000000000069e-01
1.640000000000000069e-01
1.640000000000000069e-01
1.640000000000000069e-01
1.640000000000000069e-01
1.640000000000000069e-01
1.640000000000000069e-01
1.640000000000000069e-01
1.640000000000000069e-01
1.652665770718206029e-01
1.658391017705581894e-01
1.640581097146618927e-01
1.690270559720150889e-01
1.708629742641047944e-01
1.730359613016967113e-01
1.746751682810483985e-01
1.749749446058531943e-01
1.788149491091846899e-01
1.816642470019327882e-01
1.807811255012848894e-01
1.857965216538718933e-01
1.881594176515578032e-01
1.890985906715997034e-01
1.904321472017050931e-01
1.920183500303276058e-01
1.881977721755664079e-01
1.881500332316042023e-01
1.923876435920419958e-01
1.937207304317042078e-01
1.914476495021016078e-01
1.972562605973539052e-01
1.973741749908324017e-01
1.893915208845989018e-01
1.988306891962449974e-01
1.908133191011784913e-01
1.925819778165467899e-01
1.935236738383948885e-01
1.940817673657103948e-01
1.958533431299132044e-01
1.921579022621394128e-01
1.956123043598149980e-01
1.918903635573404043e-01
2.013732938524689930e-01
1.878055753138044015e-01
1.931857844233716981e-01
1.948571763025546966e-01
1.974525812502808952e-01
1.957906335359348993e-01
1.897667104558296014e-01
1.947657927680468970e-01
2.004823755887873982e-01
1.965679018475642026e-01
2.043769384634079866e-01
1.983716631592024049e-01
1.984306686802574937e-01
2.007999730927330084e-01
1.974601874095371912e-01
2.074554774454724082e-01
2.076732662911605909e-01
2.024906641886844993e-01
2.059217104310825941e-01
2.078734097189841035e-01
2.112481182087145026e-01
2.070738793714279047e-01
2.059336913867675922e-01
2.108468125418105077e-01
2.122843087496203984e-01
2.113546351606656049e-01
2.153105869391842009e-01
2.133674538825328093e-01
2.158729931234749100e-01
2.156612192030633868e-01
2.206484811514037025e-01
2.142108711971346113e-01
2.254845639721961004e-01
2.255950987224160931e-01
2.195982979622319864e-01
2.218271925436436920e-01
2.217396566426609039e-01
2.289980546041255061e-01
2.287208813855005907e-01
2.297093640112121971e-01
2.257517462238723960e-01
2.291620930820734980e-01
2.236340968911871008e-01
2.217118214037747947e-01
2.146535340007094117e-01
2.123959926743506921e-01
2.065738220252874013e-01
2.047895090513643934e-01
1.984072098554265084e-01
1.919729950572384991e-01
1.921489204969372977e-01
1.868972747414140989e-01
1.848642367124571084e-01
1.823861106874982985e-01
1.783492201702119861e-01
1.771623616221728870e-01
1.727801641392676113e-01
1.716096175093851095e-01
1.659464008424990922e-01
1.643231036754616015e-01
1.640000000000000069e-01
1.640000000000000069e-01
1.640000000000000069e-01
1.640000000000000069e-01
1.640000000000000069e-01
1.640000000000000069e-01
1.640000000000000069e-01
1.640000000000000069e-01
1.640000000000000069e-01
1.640000000000000069e-01
1.640000000000000069e-01
1.640000000000000069e-01
1.640000000000000069e-01
1.640000000000000069e-01
1.640000000000000069e-01
1.640000000000000069e-01
1.640000000000000069e-01
1.640000000000000069e-01
1.640000000000000069e-01
1.640000000000000069e-01
1.640000000000000069e-01
1.640000000000000069e-01
1.640000000000000069e-01
1.640000000000000069e-01
1.640000000000000069e-01
1.640000000000000069e-01
1.640000000000000069e-01
1.640000000000000069e-01
1.640000000000000069e-01
1.640000000000000069e-01
1.640000000000000069e-01
1.640000000000000069e-01
1.640000000000000069e-01
1.640000000000000069e-01
1.640000000000000069e-01
1.640000000000000069e-01
1.640000000000000069e-01
1.640000000000000069e-01
1.640000000000000069e-01
1.640000000000000069e-01
1.640000000000000069e-01
1.640000000000000069e-01
1.640000000000000069e-01
1.640000000000000069e-01
1.640000000000000069e-01
1.640000000000000069e-01
1.640000000000000069e-01
1.640000000000000069e-01
1.640000000000000069e-01
1.640000000000000069e-01
1.640000000000000069e-01
1.640000000000000069e-01
1.640000000000000069e-01
1.640000000000000069e-01
1.640000000000000069e-01
1.640000000000000069e-01
1.640000000000000069e-01
1.640000000000000069e-01
1.640000000000000069e-01
1.640000000000000069e-01
1.640000000000000069e-01
1.640000000000000069e-01
1.640000000000000069e-01
1.640000000000000069e-01
1.640000000000000069e-01
1.640000000000000069e-01
1.640000000000000069e-01
1.640000000000000069e-01
1.640000000000000069e-01
1.640000000000000069e-01
1.640000000000000069e-01
1.640000000000000069e-01
1.640000000000000069e-01
1.640000000000000069e-01
1.640000000000000069e-01
1.640000000000000069e-01
1.640000000000000069e-01
1.640000000000000069e-01
1.640000000000000069e-01
1.640000000000000069e-01
1.640000000000000069e-01
1.640000000000000069e-01
1.640000000000000069e-01
1.640000000000000069e-01
1.640000000000000069e-01
1.640000000000000069e-01
1.640000000000000069e-01
1.640000000000000069e-01
1.640000000000000069e-01
1.640000000000000069e-01
1.640000000000000069e-01
1.640000000000000069e-01
1.640000000000000069e-01
1.640000000000000069e-01
1.640000000000000069e-01
1.640000000000000069e-01
1.640000000000000069e-01
1.640000000000000069e-01
1.640000000000000069e-01
1.640000000000000069e-01
1.640000000000000069e-01
1.640000000000000069e-01
1.640000000000000069e-01
1.640000000000000069e-01
1.640000000000000069e-01
1.640000000000000069e-01
1.640000000000000069e-01
1.640000000000000069e-01
1.640000000000000069e-01
1.640000000000000069e-01
1.640000000000000069e-01
1.640000000000000069e-01
1.640000000000000069e-01
1.640000000000000069e-01
1.640000000000000069e-01
1.640000000000000069e-01
1.640000000000000069e-01
1.640000000000000069e-01
1.640000000000000069e-01
1.640000000000000069e-01
1.640000000000000069e-01
1.640000000000000069e-01
1.640000000000000069e-01
1.640000000000000069e-01
1.640000000000000069e-01
1.640000000000000069e-01
1.640000000000000069e-01
1.640000000000000069e-01
1.640000000000000069e-01
1.640000000000000069e-01
1.640000000000000069e-01
1.640000000000000069e-01
1.640000000000000069e-01
1.640000000000000069e-01
1.640000000000000069e-01
1.640000000000000069e-01
1.640000000000000069e-01
1.640000000000000069e-01
1.640000000000000069e-01
1.640000000000000069e-01
1.640000000000000069e-01
1.640000000000000069e-01
1.640000000000000069e-01
1.640000000000000069e-01
1.640000000000000069e-01
1.640000000000000069e-01
1.640000000000000069e-01
1.640000000000000069e-01
1.640000000000000069e-01
1.640000000000000069e-01
1.640000000000000069e-01
1.640000000000000069e-01
1.640000000000000069e-01
1.640000000000000069e-01
1.640000000000000069e-01
1.640000000000000069e-01
1.640000000000000069e-01
1.640000000000000069e-01
1.640000000000000069e-01
1.640000000000000069e-01
1.640000000000000069e-01
1.640000000000000069e-01
1.640000000000000069e-01
1.640000000000000069e-01
1.640000000000000069e-01
1.640000000000000069e-01
1.640000000000000069e-01
1.640000000000000069e-01
1.640000000000000069e-01
1.640000000000000069e-01
1.640000000000000069e-01
1.640000000000000069e-01
1.640000000000000069e-01
1.640000000000000069e-01
1.640000000000000069e-01
1.640000000000000069e-01
1.640000000000000069e-01
1.640000000000000069e-01
1.640000000000000069e-01
1.640000000000000069e-01
1.640000000000000069e-01
1.640000000000000069e-01
1.640000000000000069e-01
1.640000000000000069e-01
1.640000000000000069e-01
1.640000000000000069e-01
1.640000000000000069e-01
1.640000000000000069e-01
1.640000000000000069e-01
1.640000000000000069e-01
1.640000000000000069e-01
1.640000000000000069e-01
1.640000000000000069e-01
1.640000000000000069e-01
1.640000000000000069e-01
1.640000000000000069e-01
1.640000000000000069e-01
1.640000000000000069e-01
1.640000000000000069e-01
1.640000000000000069e-01
1.640000000000000069e-01
1.640000000000000069e-01
1.640000000000000069e-01
1.640000000000000069e-01
1.640000000000000069e-01
1.640000000000000069e-01
1.640000000000000069e-01
1.640000000000000069e-01
1.640000000000000069e-01
1.640000000000000069e-01
1.640000000000000069e-01
1.640000000000000069e-01
1.640000000000000069e-01
1.640000000000000069e-01
1.640000000000000069e-01
1.640000000000000069e-01
1.640000000000000069e-01
1.640000000000000069e-01
1.640000000000000069e-01
1.640000000000000069e-01
1.640000000000000069e-01
1.640000000000000069e-01
1.640000000000000069e-01
1.640000000000000069e-01
1.640000000000000069e-01
1.640000000000000069e-01
1.640000000000000069e-01
1.640000000000000069e-01
1.640000000000000069e-01
