-6.866317482760904892e-12
-1.047456012787195023e+00
-1.969335107828646159e+01
-2.106691676284913584e+01
-3.137757181558524788e+00
1.640000000000000069e-01
1.640000000000000069e-01
1.640000000000000069e-01
1.640000000000000069e-01
1.640000000000000069e-01
1.640000000000000069e-01
1.640000000000000069e-01
1.640000000000000069e-01
1.640000000000000069e-01
1.640000000000000069e-01
1.640000000000000069e-01
1.640000000000000069e-01
1.640000000000000069e-01
1.640000000000000069e-01
1.640000000000000069e-01
1.640000000000000069e-01
1.640000000000000069e-01
1.640000000000000069e-01
1.640000000000000069e-01
1.640000000000000069e-01
1.640000000000000069e-01
1.640000000000000069e-01
1.640000000000000069e-01
1.640000000000000069e-01
1.640000000000000069e-01
1.640000000000000069e-01
1.640000000000000069e-01
1.640000000000000069e-01
1.640000000000000069e-01
1.640000000000000069e-01
1.640000000000000069e-01
1.640000000000000069e-01
1.640000000000000069e-01
1.640000000000000069e-01
1.640000000000000069e-01
1.640000000000000069e-01
1.640000000000000069e-01
1.640000000000000069e-01
1.640000000000000069e-01
1.640000000000000069e-01
1.640000000000000069e-01
1.640000000000000069e-01
1.640000000000000069e-01
1.640000000000000069e-01
1.640000000000000069e-01
1.640000000000000069e-01
1.640000000000000069e-01
1.640000000000000069e-01
1.640000000000000069e-01
1.640000000000000069e-01
1.640000000000000069e-01
1.640000000000000069e-01
1.645805644149168079e-01
1.652396851627840890e-01
1.659134141775150950e-01
1.666020873720928108e-01
1.673060543114862908e-01
1.680256789192391964e-01
1.687613402321180012e-01
1.695134332068178040e-01
1.702823695831297002e-01
1.710685788084148062e-01
1.718725090287333002e-01
1.726946281525315041e-01
1.735354249934230042e-01
1.743954104993001020e-01
1.752751190758115030e-01
1.761751100131379866e-01
1.766402351456418107e-01
1.770157749424270122e-01
1.774018192700310137e-01
1.777985092216178009e-01
1.782044083407159918e-01
1.786085399346339919e-01
1.790235945629136960e-01
1.794497280679107076e-01
1.798871021109550994e-01
1.803309106865378930e-01
1.807749027683994980e-01
1.812304341417076969e-01
1.816976825754967051e-01
1.821768324789811988e-01
1.826680751571946038e-01
1.831642302601310113e-01
1.836667958309070869e-01
1.841818668363328915e-01
1.847096563667310898e-01
1.852503855642101960e-01
1.858042839581648953e-01
1.863715898203540944e-01
1.869525505409080079e-01
1.875474230267261955e-01
1.881455093106328136e-01
1.887520713975497921e-01
1.893730687721242867e-01
1.900087875224431011e-01
1.906595250143525988e-01
1.913255904222606052e-01
1.920073052937006086e-01
1.927050041502569033e-01
1.934190351276829090e-01
1.941497606583144908e-01
1.948975581991780892e-01
1.956628210095107956e-01
1.964415966917003875e-01
1.972281160155932023e-01
1.980330380930153122e-01
1.988568119574500026e-01
1.996999063090265925e-01
2.005628106212437867e-01
2.014460363298387902e-01
2.023501181113045999e-01
2.032756152593586940e-01
2.042231131686133017e-01
2.051932249357283911e-01
2.061865930895248888e-01
2.072038914628822892e-01
2.082458272207748928e-01
2.093131430605534027e-01
2.104066196025758950e-01
2.113927468853022129e-01
2.123591617352608985e-01
2.133488268202931026e-01
2.143623987091876071e-01
2.154005660187210125e-01
2.164640514895264933e-01
2.175536142384583982e-01
2.186700522060228968e-01
2.198142048197934961e-01
2.209869558974411896e-01
2.221892368161084985e-01
2.234220299784701880e-01
2.246863726099719016e-01
2.259833609265916865e-01
2.273141547180995981e-01
2.286799823983858004e-01
2.300821465821658030e-01
2.315220302564625909e-01
2.330011036260299095e-01
2.345209317246174929e-01
2.360831828991679093e-01
2.376896382921671047e-01
2.393422024691682082e-01
2.410429153647644096e-01
2.427939657521571981e-01
2.445977064802292988e-01
2.464566717695688136e-01
2.483735969173767044e-01
2.503514408337034758e-01
2.523934119218387839e-01
2.545029979291483779e-01
2.566840005380930934e-01
2.589405756498983080e-01
2.612772805480231830e-01
2.636991294326017088e-01
2.662116592145767902e-01
2.688210079832927257e-01
2.715340092623647061e-01
2.743583061155381864e-01
2.764282102908544037e-01
2.776859239841559801e-01
2.789560959060254919e-01
2.802579560583893792e-01
2.815731376103448036e-01
2.829227996675526824e-01
2.843085503727060814e-01
2.857315822671838146e-01
2.871931568852730821e-01
2.886946101625600947e-01
2.902373584037439835e-01
2.918229048819828142e-01
2.934528471531526184e-01
2.951288851816962766e-01
2.968528303906164956e-01
2.986266157670525723e-01
3.004523071775829779e-01
3.023321160747100000e-01
3.042684138090429036e-01
3.062637478019217263e-01
3.083208598823871105e-01
3.104427071528700899e-01
3.126324858227497727e-01
3.148936585419934153e-01
3.169780925698110208e-01
3.174455146720613907e-01
3.179334318356059064e-01
3.184420770910301735e-01
3.189716955532503895e-01
3.195225448366066923e-01
3.200948954978375949e-01
3.206890315087336796e-01
3.213052507604298724e-01
3.219438656014755873e-01
3.226052034120079903e-01
3.232896072165677981e-01
3.239974363383321121e-01
3.247290670977872051e-01
3.254848935591581061e-01
3.262653283282154759e-01
3.270708034054312097e-01
3.279017710988409995e-01
3.287587050013918155e-01
3.296421010380397032e-01
3.305524785883776073e-01
3.314903816911825007e-01
3.324563803379187998e-01
3.334510718629818959e-01
3.344750824393009081e-01
3.355290686888529050e-01
3.366137194186912818e-01
3.377297574942949021e-01
3.388779418633725005e-01
3.400590697448012123e-01
3.412739789991043882e-01
3.425235506988424938e-01
3.438087119195590846e-01
3.451304387744866808e-01
3.464897597191816114e-01
3.478877591556504001e-01
3.493255813694505774e-01
3.508044348377697963e-01
3.523255969517424258e-01
3.538904192023575868e-01
3.555003328864350109e-01
3.571568553974613924e-01
3.588615971758656875e-01
3.606162694048198891e-01
3.624226925512735176e-01
3.642828058680898096e-01
3.661986779924227831e-01
3.681725187985293024e-01
3.702066926909295952e-01
3.723037335573153861e-01
3.744663616412365892e-01
3.766975026441802266e-01
3.790003094274659867e-01
3.813781867594233099e-01
3.838348196464425044e-01
3.863742059028520970e-01
3.890006937609464810e-01
3.917190255079450178e-01
3.945343883734968027e-01
3.974524741963157970e-01
4.004795497946985194e-01
4.036225404853178156e-01
4.068891298832592041e-01
4.102878800388871094e-01
4.138283772182798081e-01
4.175214103528865905e-01
4.213791915794573018e-01
4.254156316817478967e-01
4.296466881272577032e-01
4.340908105554819874e-01
4.387695193084893974e-01
4.437081690629987030e-01
4.489369755664280870e-01
4.544924255955923864e-01
4.604192610223942772e-01
4.667733516092674728e-01
4.736259978735882781e-01
4.810706445275746979e-01
4.878893427240744152e-01
4.821001896485911931e-01
4.766770628168989776e-01
4.715758005805187891e-01
4.667604509071893171e-01
4.622012831505302177e-01
4.578733794587427908e-01
4.537556117083462182e-01
4.498298823073310082e-01
4.460805501432293929e-01
4.424939892948281939e-01
4.390582447920571840e-01
4.357627605393479264e-01
4.325981617262941725e-01
4.295560789505066812e-01
4.266290046742459152e-01
4.238101750316268235e-01
4.210934717190215060e-01
4.184733399482140070e-01
4.159447193600661064e-01
4.135029854808073835e-01
4.111438998189280158e-01
4.088635670934610000e-01
4.066583983865675878e-01
4.045250792476836055e-01
4.024605419598851763e-01
4.004619413237204828e-01
3.985266334286303169e-01
3.966521569739517861e-01
3.948362167754739804e-01
3.930766691534294810e-01
3.913715089466200947e-01
3.897188579373788153e-01
3.881169545049796832e-01
3.865641443523943899e-01
3.850588721739162112e-01
3.835996741501294105e-01
3.821851711725525735e-01
3.808140627136634149e-01
3.794851212693032827e-01
3.781971873100574144e-01
3.769491646863611933e-01
3.757400164390692909e-01
3.745687609731956913e-01
3.734344685576826972e-01
3.723362581184856968e-01
3.712732942961021743e-01
3.702447847420007876e-01
3.692499776312941906e-01
3.682881593715365831e-01
3.673586524897167749e-01
3.664608136814662132e-01
3.655940320081901840e-01
3.647577272293304196e-01
3.639513482582821813e-01
3.631743717316637809e-01
3.624263006826589084e-01
3.617066633100797790e-01
3.610150118356120208e-01
3.603509214424280849e-01
3.597139892890118817e-01
3.591038335926118874e-01
3.585200927772723145e-01
3.579624246818481903e-01
3.574305058238431143e-01
3.569240307152823921e-01
3.564427112271841835e-01
3.559862759994930070e-01
3.555544698936353165e-01
3.551470534851027816e-01
3.547638025937078776e-01
3.544045078493721079e-01
3.540689742914964744e-01
3.537570210001497184e-01
3.534684807574723919e-01
3.532031997378459187e-01
3.529610372255198025e-01
3.527418653585205899e-01
3.523848199061117015e-01
3.515409664780023147e-01
3.507260654254902854e-01
3.499395947570890786e-01
3.491810582129675211e-01
3.484499840463847753e-01
3.477459238915379114e-01
3.470684517111053968e-01
3.464171628174080864e-01
3.451748623919795866e-01
3.430932360656834823e-01
3.410359225483677870e-01
3.376249042617388008e-01
3.343585876023059122e-01
3.312261447833912964e-01
3.282180083104155877e-01
3.253256760168674044e-01
3.225415532228961268e-01
3.198588237278673918e-01
3.172713434504019769e-01
3.147735520394164266e-01
3.123603988797479247e-01
3.100272807278025011e-01
3.077699888190353894e-01
3.055846637469614158e-01
3.034677567627310224e-01
3.014004248080366932e-01
2.993869773046152205e-01
2.974339399427340935e-01
2.955386329663515776e-01
2.936985664573272814e-01
2.919114224450418127e-01
2.901750391257845729e-01
2.868755577180185923e-01
2.831729938748869801e-01
2.796580678722689894e-01
2.763131283601847898e-01
2.731230638375479192e-01
2.700748211600245141e-01
2.671474325257816029e-01
2.642375102449087132e-01
2.614481668428003114e-01
2.587705602236166080e-01
2.561968459283903154e-01
2.537200275876801969e-01
2.513338349768997060e-01
2.490326236948001981e-01
2.468112919583780873e-01
2.446652110769524102e-01
2.425901669551037976e-01
2.405823105602938883e-01
2.386381157324624913e-01
2.367543430489099932e-01
2.349280087159771047e-01
2.331563576592484976e-01
2.314368401405614006e-01
2.297670913534791137e-01
2.281449135468391065e-01
2.265682603042940002e-01
2.250352226707703074e-01
2.235440168677793049e-01
2.220929733810582118e-01
2.206805272380275018e-01
2.193052093205493935e-01
2.179656385816219899e-01
2.166605150538933877e-01
2.153886135539384017e-01
2.141393465090387915e-01
2.129137853415654091e-01
2.117187236786446936e-01
2.105531522501697950e-01
2.094161152217859923e-01
2.083067064836882087e-01
2.072240662637583886e-01
2.061673780311845117e-01
2.051358656608049946e-01
2.041287908319492084e-01
2.031454506386131120e-01
2.021851753904531923e-01
2.012473265864055949e-01
2.003312950447375951e-01
1.994364991751158001e-01
1.985623833798081106e-01
1.977084165724997122e-01
1.968740908043994930e-01
1.960589199883616129e-01
1.952624387126851990e-01
1.944842011370777890e-01
1.937237799640000868e-01
1.929807654792657090e-01
1.922547646563458890e-01
1.915454003193488020e-01
1.908523103601073023e-01
1.901751470052223114e-01
1.895135761292831011e-01
1.888672766108168977e-01
1.882359397278227930e-01
1.876030349150200893e-01
1.869702632108538876e-01
1.863521336391120997e-01
1.857483593021687085e-01
1.851586641486379081e-01
1.845827824968989950e-01
1.840204585863293996e-01
1.834714461543582864e-01
1.829355080376021958e-01
1.824124157954858938e-01
1.818636366052202025e-01
1.813232843215452916e-01
1.807957760979886086e-01
1.802784188906352003e-01
1.797673744937665907e-01
1.792686558430700017e-01
1.787820583040274081e-01
1.783073846459239942e-01
1.778444447570304010e-01
1.773930553749981098e-01
1.769530398315380948e-01
1.765242278105288998e-01
1.761064551187520033e-01
1.756995634685180885e-01
1.753034002714936868e-01
1.749178184430902061e-01
1.745426762168187096e-01
1.741778369680561933e-01
1.738231690467076929e-01
1.734785456182799113e-01
1.731438445129220016e-01
1.728189480820070956e-01
1.725037430618696910e-01
1.721981204443288060e-01
1.719019753536563111e-01
1.716073070115217980e-01
1.713216518751796980e-01
1.710452509420271883e-01
1.707780115399595011e-01
1.704916535310032066e-01
1.701871241492363962e-01
1.698919543064900950e-01
1.695863226428526993e-01
1.692876540769585048e-01
1.689982437355214973e-01
1.687179940172696957e-01
1.684426974625181095e-01
1.681701342099801988e-01
1.679065438573557056e-01
1.676518393155783937e-01
1.674059369830044053e-01
1.671687566584046936e-01
1.669402214583536881e-01
1.667202577388214035e-01
1.665087950207919942e-01
1.663037959846770941e-01
1.660963139170607006e-01
1.658972170151206960e-01
1.657064423648622886e-01
1.655131793667075080e-01
1.653223402583939017e-01
1.651397420487953072e-01
1.649653276452749118e-01
1.647990427620510123e-01
1.646408358683711937e-01
1.644906581396700096e-01
1.643460633208110866e-01
1.641811883490774948e-01
1.640243490000591886e-01
1.640000000000000069e-01
1.640000000000000069e-01
1.640000000000000069e-01
1.640000000000000069e-01
1.640000000000000069e-01
1.640000000000000069e-01
1.640000000000000069e-01
1.640000000000000069e-01
1.640000000000000069e-01
1.640000000000000069e-01
1.640000000000000069e-01
1.640000000000000069e-01
1.640000000000000069e-01
1.640000000000000069e-01
1.640000000000000069e-01
1.640000000000000069e-01
1.640000000000000069e-01
1.640000000000000069e-01
1.640000000000000069e-01
1.640000000000000069e-01
1.640000000000000069e-01
1.640000000000000069e-01
1.640000000000000069e-01
1.640000000000000069e-01
1.640000000000000069e-01
1.640000000000000069e-01
1.640000000000000069e-01
1.640000000000000069e-01
1.640000000000000069e-01
1.640000000000000069e-01
1.640000000000000069e-01
1.640000000000000069e-01
1.640000000000000069e-01
1.640000000000000069e-01
1.640000000000000069e-01
1.640000000000000069e-01
1.640000000000000069e-01
1.640000000000000069e-01
1.640000000000000069e-01
1.640000000000000069e-01
1.640000000000000069e-01
1.640000000000000069e-01
1.640000000000000069e-01
1.640000000000000069e-01
1.640000000000000069e-01
1.640000000000000069e-01
1.640000000000000069e-01
1.640000000000000069e-01
1.640000000000000069e-01
1.640000000000000069e-01
1.640000000000000069e-01
1.640000000000000069e-01
1.640000000000000069e-01
1.640000000000000069e-01
1.640000000000000069e-01
1.640000000000000069e-01
1.640000000000000069e-01
1.640000000000000069e-01
1.640000000000000069e-01
1.640000000000000069e-01
1.640000000000000069e-01
1.640000000000000069e-01
1.640000000000000069e-01
1.640000000000000069e-01
1.640000000000000069e-01
1.640000000000000069e-01
1.640000000000000069e-01
1.640000000000000069e-01
1.640000000000000069e-01
1.640000000000000069e-01
1.640000000000000069e-01
1.640000000000000069e-01
1.640000000000000069e-01
1.640000000000000069e-01
1.640000000000000069e-01
1.640000000000000069e-01
1.640000000000000069e-01
1.640000000000000069e-01
1.640000000000000069e-01
1.640000000000000069e-01
1.640000000000000069e-01
1.640000000000000069e-01
1.640000000000000069e-01
1.640000000000000069e-01
1.640000000000000069e-01
1.640000000000000069e-01
1.640000000000000069e-01
1.640000000000000069e-01
1.640000000000000069e-01
1.640000000000000069e-01
1.640000000000000069e-01
1.640000000000000069e-01
1.640000000000000069e-01
1.640000000000000069e-01
1.640000000000000069e-01
1.640000000000000069e-01
1.640000000000000069e-01
1.640000000000000069e-01
1.640000000000000069e-01
1.640000000000000069e-01
1.640000000000000069e-01
1.640000000000000069e-01
1.640000000000000069e-01
1.640000000000000069e-01
1.640000000000000069e-01
1.640000000000000069e-01
1.640000000000000069e-01
1.640000000000000069e-01
1.640000000000000069e-01
1.640000000000000069e-01
1.640000000000000069e-01
1.640000000000000069e-01
1.640000000000000069e-01
1.640000000000000069e-01
1.640000000000000069e-01
1.640000000000000069e-01
1.640000000000000069e-01
1.640000000000000069e-01
1.640000000000000069e-01
1.640000000000000069e-01
1.640000000000000069e-01
1.640000000000000069e-01
1.640000000000000069e-01
1.640000000000000069e-01
1.640000000000000069e-01
1.640000000000000069e-01
1.640000000000000069e-01
1.640000000000000069e-01
1.640000000000000069e-01
1.640000000000000069e-01
1.640000000000000069e-01
1.640000000000000069e-01
1.640000000000000069e-01
1.640000000000000069e-01
1.640000000000000069e-01
1.640000000000000069e-01
1.640000000000000069e-01
1.640000000000000069e-01
1.640000000000000069e-01
1.640000000000000069e-01
1.640000000000000069e-01
1.640000000000000069e-01
1.640000000000000069e-01
1.640000000000000069e-01
1.640000000000000069e-01
1.640000000000000069e-01
1.640000000000000069e-01
1.640000000000000069e-01
1.640000000000000069e-01
1.640000000000000069e-01
1.640000000000000069e-01
1.640000000000000069e-01
1.640000000000000069e-01
1.640000000000000069e-01
1.640000000000000069e-01
1.640000000000000069e-01
1.640000000000000069e-01
1.640000000000000069e-01
1.640000000000000069e-01
1.640000000000000069e-01
1.640000000000000069e-01
1.640000000000000069e-01
1.640000000000000069e-01
1.640000000000000069e-01
1.640000000000000069e-01
1.646212756226556884e-01
1.652959774654055025e-01
1.659856246957961967e-01
1.666905679952642994e-01
1.674111724611618002e-01
1.681478183658076941e-01
1.689009019679764967e-01
1.696708363812624021e-01
1.704580525042103945e-01
1.712630000176074974e-01
1.720861484548966980e-01
1.729279883523081873e-01
1.737890324860114077e-01
1.746698172044086894e-01
1.755709038645806019e-01
1.763681972467092962e-01
1.769934175810239929e-01
1.776330180379160906e-01
1.782873039094652889e-01
1.789565926718101885e-01
1.796412145851583042e-01
1.803415133331510989e-01
1.810578467047262996e-01
1.817905873219171908e-01
1.825401234173711917e-01
1.833068596657340121e-01
1.840912180734702863e-01
1.848936389321491902e-01
1.857145818407492099e-01
1.865545268031157111e-01
1.874139754073614050e-01
1.882934520947381063e-01
1.891935055263335996e-01
1.901147100568910120e-01
1.910576673261049074e-01
1.920230079789546074e-01
1.930113935279975101e-01
1.940235183721102930e-01
1.950601119879337986e-01
1.961199898423162946e-01
1.971448369874680973e-01
1.981945536140972131e-01
1.992699209844752128e-01
2.003717613338570902e-01
2.015009407770375904e-01
2.026583724846746926e-01
2.038450201604815881e-01
2.050619018546966932e-01
2.063100941542888034e-01
2.075907367961981886e-01
2.088926359697489132e-01
2.102185826031814087e-01
2.115798939607808071e-01
2.129779557645730126e-01
2.144142427787736893e-01
2.158903267481893928e-01
2.174078852662481021e-01
2.189687117089030022e-01
2.205747263948762138e-01
2.222279891620329018e-01
2.239307135853723929e-01
2.256852831057840070e-01
2.274942693924280057e-01
2.293604533280808044e-01
2.312868490895501061e-01
2.332767318990368044e-01
2.344370183049410972e-01
2.355239361608076065e-01
2.366390278956564952e-01
2.377831688454112025e-01
2.389572820596188862e-01
2.401623417946817107e-01
2.413993773442260904e-01
2.426694772470560924e-01
2.439737939189982052e-01
2.453135487618159916e-01
2.466900378104276981e-01
2.481046379891823916e-01
2.495588140591913084e-01
2.510541263520967847e-01
2.525922394016071881e-01
2.541749316032366757e-01
2.558041060556948132e-01
2.574818027651771257e-01
2.592102124275960096e-01
2.609916920450729982e-01
2.628287826836950836e-01
2.647242297421688040e-01
2.666810061788362773e-01
2.687023392419048973e-01
2.707917413704241105e-01
2.729530460892546917e-01
2.751904499204406163e-01
2.775085615903358782e-01
2.799124601462751882e-01
2.824077640361246089e-01
2.850007137878265984e-01
2.876982717101170817e-01
2.905082431015988953e-01
2.934394249240435126e-01
2.965017899487363828e-01
2.997067173001700113e-01
3.030672845346947808e-01
3.065986425993024178e-01
3.103185043599807069e-01
3.142477917974803026e-01
3.182711389732634233e-01
3.225277674386342053e-01
3.270602381013100191e-01
3.319084228008074011e-01
3.371226329817101908e-01
3.427678899914186061e-01
3.489307434898724081e-01
3.557307866597730905e-01
3.630798264501304828e-01
3.712774613353964082e-01
3.804066933645847137e-01
3.906520495073912969e-01
4.031625916151160838e-01
4.054782883955239114e-01
4.078165836499355046e-01
4.102366056766840186e-01
4.127181496222590007e-01
4.152452385049442141e-01
4.178639790015871158e-01
4.205794746711328247e-01
4.233973307547483911e-01
4.263237247492380755e-01
4.290349587228171058e-01
4.316671257542373241e-01
4.343967875537732004e-01
4.372295145734425015e-01
4.401714411413499839e-01
4.431597958615379196e-01
4.069572759219383107e-01
3.864884894547400140e-01
3.717427637580267841e-01
3.603641330446136770e-01
3.509117597529646804e-01
3.427473889570056831e-01
3.355215598568648261e-01
3.290183024764786746e-01
3.230931061959251838e-01
3.176436579816794836e-01
3.125943899972981055e-01
3.078548052656753242e-01
3.032975552255420260e-01
2.990205175509321744e-01
2.949906051501938742e-01
2.911806597994571200e-01
2.875680677625579995e-01
2.841337650193584974e-01
2.808615059409765857e-01
2.777373148617173770e-01
2.747490675787859771e-01
2.718861670375160022e-01
2.691392885286085779e-01
2.665001770165508765e-01
2.639614841316929028e-01
2.615166357357238125e-01
2.591597233340409145e-01
2.568854142902539106e-01
2.546888770125849133e-01
2.525657181710905808e-01
2.504274089073820764e-01
2.483048387377864985e-01
2.462520480612883922e-01
2.442653061239868084e-01
2.423411918657087105e-01
2.404765596154236906e-01
2.386685095122424993e-01
2.369143618806985041e-01
2.352116349334633927e-01
2.335580252887690111e-01
2.319513908806020985e-01
2.303897359124822963e-01
2.288711975642793994e-01
2.273940342090972899e-01
2.259566149360517084e-01
2.245574102066046074e-01
2.231949834983464886e-01
2.218679838118597092e-01
2.205751389343817981e-01
2.193152493691072069e-01
2.180871828516615096e-01
2.168898693859737936e-01
2.157222967408266023e-01
2.145835063560440903e-01
2.134725896138253975e-01
2.123886844363297999e-01
2.113309721754172976e-01
2.102986747645838039e-01
2.092531812629903898e-01
2.081882952363313943e-01
2.071489984893556124e-01
2.061345344306879934e-01
2.051441831484950018e-01
2.041772591076765897e-01
2.032331090298729881e-01
2.023111099389534873e-01
2.014106673565597139e-01
2.005312136339487128e-01
1.996722064078461090e-01
1.988331271693073998e-01
1.980134799357196052e-01
1.972127900170801973e-01
1.964306028685728900e-01
1.956642636135872970e-01
1.948428800238947989e-01
1.940404060528460040e-01
1.932563830562676888e-01
1.924903716961521016e-01
1.917419509259224997e-01
1.910107170440593916e-01
1.902962828106017912e-01
1.895982766215597026e-01
1.889163417367309972e-01
1.882501355568169943e-01
1.875993289461123092e-01
1.869636055973595001e-01
1.863426614356704925e-01
1.857362040586708896e-01
1.851439522102777124e-01
1.845656352857260873e-01
1.840009928656693994e-01
1.834497742773466000e-01
1.829117381809809983e-01
1.823866521797120888e-01
1.818742924515099058e-01
1.813744434016238971e-01
1.808868973342512010e-01
1.804114541421923956e-01
1.799479210133662910e-01
1.794961121531357950e-01
1.790558485214737983e-01
1.786269575840735979e-01
1.782092730765663102e-01
1.778026347810769958e-01
1.774068883143951891e-01
1.770218849270979999e-01
1.766474813129995936e-01
1.762835394283532864e-01
1.759299263202659946e-01
1.755865139638219108e-01
1.752531791074533052e-01
1.749298031261151964e-01
1.746162718818627946e-01
1.743124755914484958e-01
1.740183087005842122e-01
1.737336697645379957e-01
1.734584613347542048e-01
1.731925898512071960e-01
1.729359655402183948e-01
1.726885023174823952e-01
1.722888263054238867e-01
1.714301646430791137e-01
1.705906212214622908e-01
1.697696845080186867e-01
1.689668651519259934e-01
1.681816947497113135e-01
1.674137246976938886e-01
1.666625251239668981e-01
1.659276838933335940e-01
1.652088056792541948e-01
1.645055110974200097e-01
1.640000000000000069e-01
1.640000000000000069e-01
1.640000000000000069e-01
1.640000000000000069e-01
1.640000000000000069e-01
1.640000000000000069e-01
1.640000000000000069e-01
1.640000000000000069e-01
1.640000000000000069e-01
1.640000000000000069e-01
1.640000000000000069e-01
1.640000000000000069e-01
1.640000000000000069e-01
1.640000000000000069e-01
1.640000000000000069e-01
1.640000000000000069e-01
1.640000000000000069e-01
1.640000000000000069e-01
1.640000000000000069e-01
1.640000000000000069e-01
1.640000000000000069e-01
1.640000000000000069e-01
1.640000000000000069e-01
1.640000000000000069e-01
1.640000000000000069e-01
1.640000000000000069e-01
1.640000000000000069e-01
1.640000000000000069e-01
1.640000000000000069e-01
1.640000000000000069e-01
1.640000000000000069e-01
1.640000000000000069e-01
1.640000000000000069e-01
1.640000000000000069e-01
1.640000000000000069e-01
1.640000000000000069e-01
1.640000000000000069e-01
1.640000000000000069e-01
1.640000000000000069e-01
1.640000000000000069e-01
1.640000000000000069e-01
1.640000000000000069e-01
1.640000000000000069e-01
1.640000000000000069e-01
1.640000000000000069e-01
1.640000000000000069e-01
1.640000000000000069e-01
1.640000000000000069e-01
1.640000000000000069e-01
1.640000000000000069e-01
1.640000000000000069e-01
1.640000000000000069e-01
1.640000000000000069e-01
1.640000000000000069e-01
1.640000000000000069e-01
1.640000000000000069e-01
1.640000000000000069e-01
1.640000000000000069e-01
1.640000000000000069e-01
1.640000000000000069e-01
1.640000000000000069e-01
1.640000000000000069e-01
1.640000000000000069e-01
1.640000000000000069e-01
1.640000000000000069e-01
1.640000000000000069e-01
1.640000000000000069e-01
1.640000000000000069e-01
1.640000000000000069e-01
1.640000000000000069e-01
1.640000000000000069e-01
1.640000000000000069e-01
1.640000000000000069e-01
1.640000000000000069e-01
1.640000000000000069e-01
1.640000000000000069e-01
1.640000000000000069e-01
1.640000000000000069e-01
1.640000000000000069e-01
1.640000000000000069e-01
1.640000000000000069e-01
1.640000000000000069e-01
1.640000000000000069e-01
1.640000000000000069e-01
1.640000000000000069e-01
1.640000000000000069e-01
1.640000000000000069e-01
1.640000000000000069e-01
1.640000000000000069e-01
1.640000000000000069e-01
1.640000000000000069e-01
1.640000000000000069e-01
1.640000000000000069e-01
1.640000000000000069e-01
1.640000000000000069e-01
1.640000000000000069e-01
1.640000000000000069e-01
1.640000000000000069e-01
1.640000000000000069e-01
1.640000000000000069e-01
1.640000000000000069e-01
1.640000000000000069e-01
1.640000000000000069e-01
1.640000000000000069e-01
1.640000000000000069e-01
1.640000000000000069e-01
1.640000000000000069e-01
1.640000000000000069e-01
1.640000000000000069e-01
1.640000000000000069e-01
1.640000000000000069e-01
1.640000000000000069e-01
1.640000000000000069e-01
1.640000000000000069e-01
1.640000000000000069e-01
1.640000000000000069e-01
1.640000000000000069e-01
1.640000000000000069e-01
1.640000000000000069e-01
1.640000000000000069e-01
1.640000000000000069e-01
1.640000000000000069e-01
1.640000000000000069e-01
1.640000000000000069e-01
1.640000000000000069e-01
1.640000000000000069e-01
1.640000000000000069e-01
1.640000000000000069e-01
1.640000000000000069e-01
1.640000000000000069e-01
1.640000000000000069e-01
1.640000000000000069e-01
1.640000000000000069e-01
1.640000000000000069e-01
1.640000000000000069e-01
1.640000000000000069e-01
1.640000000000000069e-01
1.640000000000000069e-01
1.640000000000000069e-01
1.640000000000000069e-01
1.640000000000000069e-01
1.640000000000000069e-01
1.640000000000000069e-01
1.640000000000000069e-01
1.640000000000000069e-01
