9.999999998033490267e-02
-1.399999999545829432e+00
-4.605662635271084326e+00
-3.774077261757060153e+00
-3.107792625167174361e+00
4.161071299256267064e-01
4.161364511844963254e-01
4.161357963738784860e-01
4.161572445338515003e-01
4.162074448883175126e-01
4.162198107862011276e-01
4.162567644347984763e-01
4.163224922263172867e-01
4.163519449610667000e-01
4.164008622394340109e-01
4.164785804342920894e-01
4.165573645870181974e-01
4.166028086145451836e-01
4.166770709709690101e-01
4.167801960401735228e-01
4.169122455489260859e-01
4.170538625593043780e-01
4.170768798131099797e-01
4.171287462333190810e-01
4.172094928271153913e-01
4.173191679212883143e-01
4.174578372622567146e-01
4.175889870122773129e-01
4.176966394265508864e-01
4.178333212508176797e-01
4.179452380175843751e-01
4.180560217081982222e-01
4.181958789927647802e-01
4.183648940270831007e-01
4.185631687782319088e-01
4.187443317101723905e-01
4.188587922827803900e-01
4.190024184095522131e-01
4.191752966861869156e-01
4.193775316247019824e-01
4.196092458731457975e-01
4.198705804748595893e-01
4.201616951685216983e-01
4.204827687304215078e-01
4.207606454568932897e-01
4.210112719903513212e-01
4.212917481203907188e-01
4.216022462328768983e-01
4.219429581227824855e-01
4.223140954120357948e-01
4.227158900149464160e-01
4.231485946535494813e-01
4.236124834254996196e-01
4.241078524274579098e-01
0.000000000000000000e+00
0.000000000000000000e+00
0.000000000000000000e+00
0.000000000000000000e+00
0.000000000000000000e+00
0.000000000000000000e+00
0.000000000000000000e+00
0.000000000000000000e+00
0.000000000000000000e+00
0.000000000000000000e+00
0.000000000000000000e+00
0.000000000000000000e+00
0.000000000000000000e+00
0.000000000000000000e+00
0.000000000000000000e+00
0.000000000000000000e+00
0.000000000000000000e+00
0.000000000000000000e+00
0.000000000000000000e+00
0.000000000000000000e+00
0.000000000000000000e+00
0.000000000000000000e+00
0.000000000000000000e+00
0.000000000000000000e+00
0.000000000000000000e+00
0.000000000000000000e+00
0.000000000000000000e+00
0.000000000000000000e+00
0.000000000000000000e+00
0.000000000000000000e+00
0.000000000000000000e+00
0.000000000000000000e+00
0.000000000000000000e+00
0.000000000000000000e+00
0.000000000000000000e+00
0.000000000000000000e+00
0.000000000000000000e+00
0.000000000000000000e+00
0.000000000000000000e+00
0.000000000000000000e+00
0.000000000000000000e+00
0.000000000000000000e+00
0.000000000000000000e+00
0.000000000000000000e+00
0.000000000000000000e+00
0.000000000000000000e+00
0.000000000000000000e+00
0.000000000000000000e+00
0.000000000000000000e+00
0.000000000000000000e+00
0.000000000000000000e+00
0.000000000000000000e+00
0.000000000000000000e+00
0.000000000000000000e+00
0.000000000000000000e+00
0.000000000000000000e+00
0.000000000000000000e+00
0.000000000000000000e+00
0.000000000000000000e+00
0.000000000000000000e+00
0.000000000000000000e+00
0.000000000000000000e+00
0.000000000000000000e+00
0.000000000000000000e+00
0.000000000000000000e+00
0.000000000000000000e+00
0.000000000000000000e+00
0.000000000000000000e+00
0.000000000000000000e+00
0.000000000000000000e+00
0.000000000000000000e+00
0.000000000000000000e+00
0.000000000000000000e+00
0.000000000000000000e+00
0.000000000000000000e+00
0.000000000000000000e+00
0.000000000000000000e+00
0.000000000000000000e+00
0.000000000000000000e+00
0.000000000000000000e+00
0.000000000000000000e+00
0.000000000000000000e+00
0.000000000000000000e+00
0.000000000000000000e+00
0.000000000000000000e+00
0.000000000000000000e+00
0.000000000000000000e+00
0.000000000000000000e+00
0.000000000000000000e+00
0.000000000000000000e+00
0.000000000000000000e+00
0.000000000000000000e+00
0.000000000000000000e+00
0.000000000000000000e+00
0.000000000000000000e+00
0.000000000000000000e+00
0.000000000000000000e+00
0.000000000000000000e+00
0.000000000000000000e+00
0.000000000000000000e+00
0.000000000000000000e+00
5.810185597729770057e-01
5.853210465915394956e-01
5.898366631821515549e-01
5.945844790505638855e-01
5.995866582558722069e-01
6.048692084636615451e-01
6.104629812379381848e-01
6.164050350723079275e-01
6.227405363835636365e-01
6.289941543323717132e-01
6.294298220414097367e-01
6.299218146895234627e-01
6.304705881516057264e-01
6.310766548404218579e-01
6.315716317240812616e-01
6.320065956032165921e-01
6.324982405221691861e-01
6.330470239550733957e-01
6.336461677072751097e-01
6.341904586321587267e-01
6.347925266207307127e-01
6.354529417536183278e-01
6.361723352219275096e-01
6.369514016441539805e-01
6.377909016603999781e-01
6.386136295620498116e-01
6.394708272981497466e-01
6.403701444563042466e-01
6.412683104891830910e-01
6.422289647026141468e-01
6.432530853252751424e-01
6.443417307687145934e-01
6.454960440436867675e-01
6.467172576545893170e-01
6.480066990235829882e-01
6.493657965035750657e-01
6.507960860480410670e-01
6.522992186159530803e-01
6.538769684021312756e-01
6.555312419975281024e-01
6.572640886007093952e-01
6.589737335477368063e-01
6.607472379930752204e-01
6.626030330443928307e-01
6.645435845523745000e-01
6.665715481741356641e-01
6.686897865348255809e-01
6.709013886009164152e-01
6.732096916148316845e-01
6.756183060085451109e-01
6.781311437974857359e-01
6.807524510596978384e-01
6.834868452343523249e-01
6.863393581357034590e-01
6.893154857833193594e-01
6.924212464100526487e-01
6.956632483438426329e-01
6.990487698927033700e-01
7.019207125053178453e-01
7.031301252863705331e-01
7.043305164977713417e-01
7.055650236212811510e-01
7.068763538514234446e-01
7.082660767443905714e-01
7.097358890091454153e-01
7.112876233431847384e-01
7.129232583029131431e-01
7.146449293433423389e-01
7.164549411843618154e-01
7.183557816876670055e-01
7.203501374606219310e-01
7.224077403584654444e-01
7.244726286228007073e-01
7.266365763986526449e-01
7.289029177014918481e-01
7.312752647423845787e-01
7.337575361940672503e-01
7.363539895058300866e-01
7.389806660359308221e-01
7.417098868307010484e-01
7.445638758690777959e-01
7.468751910457563925e-01
7.487719055651667066e-01
7.507664023925570973e-01
7.528616602219648790e-01
7.548051329031395529e-01
7.568268168196636836e-01
7.589509205370567058e-01
7.611807582946866768e-01
7.631232036675527075e-01
7.651569278585225176e-01
7.672946453284779089e-01
7.695397269436602405e-01
7.718958308592084316e-01
7.743669313824317335e-01
7.768163377619540233e-01
7.792386119570346992e-01
7.816164321903166234e-01
7.841113849847360928e-01
7.867278940214850191e-01
7.894181177383616799e-01
7.919285107223072995e-01
7.945621374156344174e-01
7.973238993394546892e-01
7.917163884564688558e-01
7.855854257878822633e-01
7.798028151856204460e-01
7.743356352935730769e-01
7.691560220291140393e-01
7.642401475206900274e-01
7.594210026877178388e-01
7.546747879560681271e-01
7.501589053356643166e-01
7.458569842056788080e-01
7.417546242038735027e-01
7.378390827570159294e-01
7.340990238950254598e-01
7.305243142622548369e-01
7.271058559161447388e-01
7.238354481151672015e-01
7.207056721812312716e-01
7.177097948987676279e-01
7.118278830554498615e-01
7.005419743683450884e-01
6.905122426707792638e-01
6.456793165240967136e-01
5.956667526043244454e-01
5.753763855783035064e-01
5.603946335769779408e-01
5.481671527348472850e-01
5.377023782263383733e-01
5.284910036453658311e-01
5.202301082292219991e-01
5.127221192685749163e-01
5.058296815353047204e-01
4.994527122709330746e-01
4.935156089392712109e-01
4.879596048134475783e-01
4.827379459077817958e-01
4.778127119448091764e-01
4.731526441024639928e-01
4.687316151746531157e-01
4.645275240944761741e-01
4.605214792026252058e-01
4.566971830787577846e-01
4.530404612600748004e-01
4.495388957206620795e-01
4.461815359726968855e-01
4.429586685896250153e-01
4.398616313250512944e-01
4.368826617104246135e-01
4.340147726208071766e-01
4.312516491587843892e-01
4.284978003761880094e-01
4.257882528807293010e-01
4.231748896193210929e-01
4.206527174847212724e-01
4.182171706660764987e-01
4.158640620730332804e-01
4.135895416559268734e-01
4.113057005914728115e-01
4.090927169451208933e-01
4.069519897992094903e-01
4.048804328239937744e-01
4.028751838652646078e-01
4.009335835327907938e-01
3.990531563635126844e-01
3.972315941914135173e-01
3.954667414166638251e-01
3.937565819160172009e-01
3.920992273769229874e-01
3.904929068711074924e-01
3.889050297586791882e-01
3.873243600184352875e-01
3.857920979879262968e-01
3.843067284176314158e-01
3.828668245579860963e-01
3.814685076555436871e-01
3.800346576315395963e-01
3.786445766935574997e-01
3.772970064887645747e-01
3.759907587200138068e-01
3.747247103559370740e-01
3.734977992672816050e-01
3.723090202446063257e-01
3.711574213579699744e-01
3.700421006239654198e-01
3.689622029495783218e-01
3.679169173258696746e-01
3.669054742475834074e-01
3.659271433374547966e-01
3.649812311563468969e-01
3.640670791823831243e-01
3.631840619440578899e-01
3.623315852938788773e-01
3.615090848104964838e-01
3.605992932587425148e-01
3.596939862536535082e-01
3.588193070965778886e-01
3.579746727063101153e-01
3.571595289985995958e-01
3.562861250952917835e-01
3.544608536406766985e-01
3.526906364282119122e-01
3.509733861896361939e-01
3.493071506611872823e-01
3.476901011663658947e-01
3.461205224188080853e-01
3.445802216123339812e-01
3.430443796174745819e-01
3.415531878896811979e-01
3.401051955284817851e-01
3.386990355046173851e-01
3.373334184551415871e-01
3.360071270643756880e-01
3.347190109648787160e-01
3.334679821011499179e-01
3.322530105061318184e-01
3.310731204468141953e-01
3.299273869006439930e-01
3.288149323290405768e-01
3.277349237183365127e-01
3.266865698619058067e-01
3.256639743528881858e-01
3.246317994125162976e-01
3.236300486078994010e-01
3.226580259599872158e-01
3.217150692680403878e-01
3.208005482290555155e-01
3.199138626981338773e-01
3.190544410774779904e-01
3.182217388229562904e-01
3.174152370583087079e-01
3.166344412880457981e-01
3.158788802009883101e-01
3.151481045571645767e-01
3.144416861514914840e-01
3.137290748298239840e-01
3.130225952704591141e-01
3.123399575596459976e-01
3.116807733697896099e-01
3.110446726221299807e-01
3.103818109411732862e-01
3.097365061075250114e-01
3.091139507556162069e-01
3.085138031274221038e-01
3.079357376977959193e-01
3.073794445232387873e-01
3.068446286332722761e-01
3.063310094615401824e-01
3.058383203140003781e-01
3.053663078718051871e-01
3.049147317266631130e-01
3.044397981043109880e-01
3.039725675666011817e-01
3.031756527548513103e-01
0.000000000000000000e+00
0.000000000000000000e+00
0.000000000000000000e+00
0.000000000000000000e+00
0.000000000000000000e+00
0.000000000000000000e+00
0.000000000000000000e+00
0.000000000000000000e+00
0.000000000000000000e+00
0.000000000000000000e+00
0.000000000000000000e+00
0.000000000000000000e+00
0.000000000000000000e+00
0.000000000000000000e+00
0.000000000000000000e+00
0.000000000000000000e+00
0.000000000000000000e+00
0.000000000000000000e+00
0.000000000000000000e+00
0.000000000000000000e+00
0.000000000000000000e+00
0.000000000000000000e+00
0.000000000000000000e+00
0.000000000000000000e+00
0.000000000000000000e+00
0.000000000000000000e+00
0.000000000000000000e+00
0.000000000000000000e+00
0.000000000000000000e+00
0.000000000000000000e+00
0.000000000000000000e+00
0.000000000000000000e+00
0.000000000000000000e+00
0.000000000000000000e+00
0.000000000000000000e+00
0.000000000000000000e+00
0.000000000000000000e+00
0.000000000000000000e+00
0.000000000000000000e+00
0.000000000000000000e+00
0.000000000000000000e+00
0.000000000000000000e+00
0.000000000000000000e+00
0.000000000000000000e+00
0.000000000000000000e+00
0.000000000000000000e+00
0.000000000000000000e+00
0.000000000000000000e+00
0.000000000000000000e+00
0.000000000000000000e+00
0.000000000000000000e+00
0.000000000000000000e+00
0.000000000000000000e+00
0.000000000000000000e+00
0.000000000000000000e+00
0.000000000000000000e+00
0.000000000000000000e+00
0.000000000000000000e+00
0.000000000000000000e+00
0.000000000000000000e+00
0.000000000000000000e+00
0.000000000000000000e+00
0.000000000000000000e+00
0.000000000000000000e+00
0.000000000000000000e+00
0.000000000000000000e+00
0.000000000000000000e+00
0.000000000000000000e+00
0.000000000000000000e+00
0.000000000000000000e+00
0.000000000000000000e+00
0.000000000000000000e+00
0.000000000000000000e+00
0.000000000000000000e+00
0.000000000000000000e+00
0.000000000000000000e+00
0.000000000000000000e+00
0.000000000000000000e+00
0.000000000000000000e+00
0.000000000000000000e+00
0.000000000000000000e+00
0.000000000000000000e+00
0.000000000000000000e+00
0.000000000000000000e+00
0.000000000000000000e+00
0.000000000000000000e+00
0.000000000000000000e+00
0.000000000000000000e+00
0.000000000000000000e+00
0.000000000000000000e+00
0.000000000000000000e+00
0.000000000000000000e+00
0.000000000000000000e+00
0.000000000000000000e+00
0.000000000000000000e+00
0.000000000000000000e+00
0.000000000000000000e+00
0.000000000000000000e+00
0.000000000000000000e+00
0.000000000000000000e+00
0.000000000000000000e+00
0.000000000000000000e+00
0.000000000000000000e+00
0.000000000000000000e+00
0.000000000000000000e+00
0.000000000000000000e+00
0.000000000000000000e+00
0.000000000000000000e+00
0.000000000000000000e+00
0.000000000000000000e+00
0.000000000000000000e+00
0.000000000000000000e+00
0.000000000000000000e+00
0.000000000000000000e+00
0.000000000000000000e+00
0.000000000000000000e+00
0.000000000000000000e+00
0.000000000000000000e+00
0.000000000000000000e+00
0.000000000000000000e+00
0.000000000000000000e+00
0.000000000000000000e+00
0.000000000000000000e+00
0.000000000000000000e+00
0.000000000000000000e+00
0.000000000000000000e+00
0.000000000000000000e+00
0.000000000000000000e+00
0.000000000000000000e+00
0.000000000000000000e+00
0.000000000000000000e+00
0.000000000000000000e+00
0.000000000000000000e+00
0.000000000000000000e+00
0.000000000000000000e+00
0.000000000000000000e+00
0.000000000000000000e+00
0.000000000000000000e+00
0.000000000000000000e+00
0.000000000000000000e+00
0.000000000000000000e+00
0.000000000000000000e+00
0.000000000000000000e+00
0.000000000000000000e+00
0.000000000000000000e+00
0.000000000000000000e+00
0.000000000000000000e+00
0.000000000000000000e+00
0.000000000000000000e+00
0.000000000000000000e+00
0.000000000000000000e+00
0.000000000000000000e+00
0.000000000000000000e+00
0.000000000000000000e+00
0.000000000000000000e+00
0.000000000000000000e+00
0.000000000000000000e+00
0.000000000000000000e+00
0.000000000000000000e+00
0.000000000000000000e+00
0.000000000000000000e+00
0.000000000000000000e+00
0.000000000000000000e+00
0.000000000000000000e+00
0.000000000000000000e+00
0.000000000000000000e+00
0.000000000000000000e+00
0.000000000000000000e+00
0.000000000000000000e+00
0.000000000000000000e+00
0.000000000000000000e+00
0.000000000000000000e+00
0.000000000000000000e+00
0.000000000000000000e+00
0.000000000000000000e+00
0.000000000000000000e+00
0.000000000000000000e+00
0.000000000000000000e+00
0.000000000000000000e+00
0.000000000000000000e+00
0.000000000000000000e+00
0.000000000000000000e+00
0.000000000000000000e+00
0.000000000000000000e+00
0.000000000000000000e+00
0.000000000000000000e+00
0.000000000000000000e+00
0.000000000000000000e+00
0.000000000000000000e+00
0.000000000000000000e+00
0.000000000000000000e+00
0.000000000000000000e+00
0.000000000000000000e+00
0.000000000000000000e+00
0.000000000000000000e+00
0.000000000000000000e+00
0.000000000000000000e+00
0.000000000000000000e+00
0.000000000000000000e+00
0.000000000000000000e+00
0.000000000000000000e+00
0.000000000000000000e+00
0.000000000000000000e+00
0.000000000000000000e+00
0.000000000000000000e+00
0.000000000000000000e+00
0.000000000000000000e+00
0.000000000000000000e+00
0.000000000000000000e+00
0.000000000000000000e+00
0.000000000000000000e+00
0.000000000000000000e+00
0.000000000000000000e+00
0.000000000000000000e+00
0.000000000000000000e+00
0.000000000000000000e+00
0.000000000000000000e+00
0.000000000000000000e+00
0.000000000000000000e+00
0.000000000000000000e+00
0.000000000000000000e+00
0.000000000000000000e+00
0.000000000000000000e+00
0.000000000000000000e+00
0.000000000000000000e+00
0.000000000000000000e+00
0.000000000000000000e+00
0.000000000000000000e+00
0.000000000000000000e+00
0.000000000000000000e+00
0.000000000000000000e+00
0.000000000000000000e+00
0.000000000000000000e+00
0.000000000000000000e+00
0.000000000000000000e+00
0.000000000000000000e+00
0.000000000000000000e+00
0.000000000000000000e+00
0.000000000000000000e+00
0.000000000000000000e+00
0.000000000000000000e+00
0.000000000000000000e+00
0.000000000000000000e+00
0.000000000000000000e+00
0.000000000000000000e+00
0.000000000000000000e+00
0.000000000000000000e+00
0.000000000000000000e+00
0.000000000000000000e+00
0.000000000000000000e+00
0.000000000000000000e+00
0.000000000000000000e+00
0.000000000000000000e+00
0.000000000000000000e+00
0.000000000000000000e+00
0.000000000000000000e+00
0.000000000000000000e+00
0.000000000000000000e+00
0.000000000000000000e+00
0.000000000000000000e+00
0.000000000000000000e+00
0.000000000000000000e+00
0.000000000000000000e+00
0.000000000000000000e+00
0.000000000000000000e+00
0.000000000000000000e+00
0.000000000000000000e+00
0.000000000000000000e+00
0.000000000000000000e+00
0.000000000000000000e+00
0.000000000000000000e+00
0.000000000000000000e+00
0.000000000000000000e+00
0.000000000000000000e+00
0.000000000000000000e+00
0.000000000000000000e+00
0.000000000000000000e+00
0.000000000000000000e+00
0.000000000000000000e+00
0.000000000000000000e+00
0.000000000000000000e+00
0.000000000000000000e+00
0.000000000000000000e+00
0.000000000000000000e+00
0.000000000000000000e+00
0.000000000000000000e+00
0.000000000000000000e+00
0.000000000000000000e+00
0.000000000000000000e+00
0.000000000000000000e+00
0.000000000000000000e+00
0.000000000000000000e+00
0.000000000000000000e+00
0.000000000000000000e+00
0.000000000000000000e+00
0.000000000000000000e+00
0.000000000000000000e+00
0.000000000000000000e+00
0.000000000000000000e+00
0.000000000000000000e+00
0.000000000000000000e+00
0.000000000000000000e+00
0.000000000000000000e+00
0.000000000000000000e+00
0.000000000000000000e+00
0.000000000000000000e+00
0.000000000000000000e+00
0.000000000000000000e+00
0.000000000000000000e+00
0.000000000000000000e+00
0.000000000000000000e+00
0.000000000000000000e+00
0.000000000000000000e+00
0.000000000000000000e+00
0.000000000000000000e+00
0.000000000000000000e+00
0.000000000000000000e+00
0.000000000000000000e+00
0.000000000000000000e+00
0.000000000000000000e+00
0.000000000000000000e+00
0.000000000000000000e+00
0.000000000000000000e+00
0.000000000000000000e+00
0.000000000000000000e+00
0.000000000000000000e+00
0.000000000000000000e+00
0.000000000000000000e+00
0.000000000000000000e+00
0.000000000000000000e+00
0.000000000000000000e+00
0.000000000000000000e+00
0.000000000000000000e+00
0.000000000000000000e+00
0.000000000000000000e+00
0.000000000000000000e+00
0.000000000000000000e+00
0.000000000000000000e+00
0.000000000000000000e+00
0.000000000000000000e+00
0.000000000000000000e+00
0.000000000000000000e+00
0.000000000000000000e+00
0.000000000000000000e+00
0.000000000000000000e+00
0.000000000000000000e+00
0.000000000000000000e+00
0.000000000000000000e+00
0.000000000000000000e+00
0.000000000000000000e+00
0.000000000000000000e+00
0.000000000000000000e+00
0.000000000000000000e+00
0.000000000000000000e+00
0.000000000000000000e+00
0.000000000000000000e+00
0.000000000000000000e+00
0.000000000000000000e+00
0.000000000000000000e+00
0.000000000000000000e+00
0.000000000000000000e+00
0.000000000000000000e+00
0.000000000000000000e+00
0.000000000000000000e+00
0.000000000000000000e+00
0.000000000000000000e+00
0.000000000000000000e+00
0.000000000000000000e+00
0.000000000000000000e+00
0.000000000000000000e+00
0.000000000000000000e+00
0.000000000000000000e+00
0.000000000000000000e+00
0.000000000000000000e+00
0.000000000000000000e+00
0.000000000000000000e+00
0.000000000000000000e+00
0.000000000000000000e+00
0.000000000000000000e+00
0.000000000000000000e+00
0.000000000000000000e+00
0.000000000000000000e+00
0.000000000000000000e+00
0.000000000000000000e+00
0.000000000000000000e+00
0.000000000000000000e+00
0.000000000000000000e+00
0.000000000000000000e+00
0.000000000000000000e+00
0.000000000000000000e+00
0.000000000000000000e+00
0.000000000000000000e+00
0.000000000000000000e+00
0.000000000000000000e+00
0.000000000000000000e+00
0.000000000000000000e+00
0.000000000000000000e+00
0.000000000000000000e+00
0.000000000000000000e+00
0.000000000000000000e+00
0.000000000000000000e+00
0.000000000000000000e+00
0.000000000000000000e+00
0.000000000000000000e+00
0.000000000000000000e+00
0.000000000000000000e+00
0.000000000000000000e+00
0.000000000000000000e+00
0.000000000000000000e+00
0.000000000000000000e+00
0.000000000000000000e+00
0.000000000000000000e+00
0.000000000000000000e+00
0.000000000000000000e+00
0.000000000000000000e+00
0.000000000000000000e+00
0.000000000000000000e+00
0.000000000000000000e+00
0.000000000000000000e+00
0.000000000000000000e+00
0.000000000000000000e+00
0.000000000000000000e+00
0.000000000000000000e+00
0.000000000000000000e+00
0.000000000000000000e+00
0.000000000000000000e+00
0.000000000000000000e+00
0.000000000000000000e+00
0.000000000000000000e+00
0.000000000000000000e+00
0.000000000000000000e+00
0.000000000000000000e+00
0.000000000000000000e+00
0.000000000000000000e+00
0.000000000000000000e+00
0.000000000000000000e+00
0.000000000000000000e+00
0.000000000000000000e+00
0.000000000000000000e+00
0.000000000000000000e+00
0.000000000000000000e+00
0.000000000000000000e+00
0.000000000000000000e+00
0.000000000000000000e+00
0.000000000000000000e+00
0.000000000000000000e+00
0.000000000000000000e+00
0.000000000000000000e+00
0.000000000000000000e+00
0.000000000000000000e+00
0.000000000000000000e+00
0.000000000000000000e+00
0.000000000000000000e+00
0.000000000000000000e+00
0.000000000000000000e+00
0.000000000000000000e+00
0.000000000000000000e+00
0.000000000000000000e+00
0.000000000000000000e+00
0.000000000000000000e+00
0.000000000000000000e+00
0.000000000000000000e+00
0.000000000000000000e+00
0.000000000000000000e+00
0.000000000000000000e+00
0.000000000000000000e+00
0.000000000000000000e+00
0.000000000000000000e+00
0.000000000000000000e+00
0.000000000000000000e+00
0.000000000000000000e+00
0.000000000000000000e+00
0.000000000000000000e+00
0.000000000000000000e+00
0.000000000000000000e+00
0.000000000000000000e+00
0.000000000000000000e+00
0.000000000000000000e+00
0.000000000000000000e+00
0.000000000000000000e+00
0.000000000000000000e+00
0.000000000000000000e+00
0.000000000000000000e+00
0.000000000000000000e+00
0.000000000000000000e+00
0.000000000000000000e+00
0.000000000000000000e+00
0.000000000000000000e+00
0.000000000000000000e+00
0.000000000000000000e+00
3.205433779611218115e-01
3.252237882112229972e-01
3.302461974034132108e-01
3.356687224648389756e-01
3.415677567355132060e-01
3.480471791299041828e-01
3.552545563931067130e-01
3.634121861337433756e-01
3.728840086330076908e-01
3.843475316073167170e-01
3.993908056602198942e-01
4.249812507491803060e-01
5.900917707050179484e-01
5.880485111149755806e-01
5.860843533865124355e-01
5.841967226758224552e-01
5.822963409903374465e-01
5.804659117122736856e-01
5.787076256000976970e-01
5.770193670788030804e-01
5.753991608324192653e-01
5.738451611606353309e-01
5.723556424259719222e-01
5.709289904618001232e-01
5.695636948296054491e-01
5.682583418291330402e-01
5.670116081779950079e-01
5.657547378782127323e-01
5.645323773063019024e-01
5.633666642892318777e-01
5.622091273681029122e-01
5.610426883660635244e-01
5.599315075987193469e-01
5.588745351432502506e-01
5.578707891867438207e-01
5.569193523173361360e-01
5.560193681481748751e-01
5.551700382435746928e-01
5.543706193203102872e-01
5.536204207001587108e-01
5.529054631658902874e-01
5.520146772315821515e-01
5.511739389660550437e-01
5.503825185731910929e-01
5.496397377632222803e-01
5.489449674987312289e-01
5.482976259455283330e-01
5.475765532623240173e-01
5.468770715454724929e-01
5.462248116957131305e-01
5.454550002455288427e-01
5.438544479831326495e-01
5.422866222916213896e-01
5.407801187608564097e-01
5.382874846015208714e-01
5.353150786847420406e-01
5.324549085502895407e-01
5.297013024533641090e-01
5.270490807649685916e-01
5.244934997509934638e-01
5.220302034023569515e-01
5.196551819511985304e-01
5.173647359736823770e-01
5.151554451876736440e-01
5.130241412172018567e-01
5.109678837256077522e-01
5.089839394231300274e-01
5.070697635383376589e-01
5.052229834104766670e-01
5.034413839149776138e-01
5.017228944794857037e-01
5.000655774849853685e-01
4.984676178773280730e-01
4.969273138400354117e-01
4.954430684006179142e-01
4.940133818605199068e-01
4.926368449539095806e-01
4.913121326532399746e-01
4.899703563098953829e-01
4.886597575566835050e-01
4.873991742773216007e-01
4.861874554797765979e-01
4.850235175273748256e-01
4.839063400260287806e-01
4.828349620694025179e-01
4.818084788068283109e-01
4.808260383029112073e-01
4.798868386613744930e-01
4.789901253888115829e-01
4.781351889767682106e-01
4.773213626829480027e-01
4.765480204944689824e-01
4.758145752579207022e-01
4.751204769626359847e-01
4.743938051354675833e-01
4.735476767321623037e-01
4.727420481175170219e-01
4.706163328448491057e-01
4.685217345637813224e-01
4.664976640809057051e-01
4.645414757231570158e-01
4.626507047076025003e-01
4.608230512913353838e-01
4.590563666916894214e-01
4.573486405420041923e-01
4.556979896841760747e-01
4.541026481290036942e-01
4.525609580400897780e-01
4.510713616177274843e-01
4.496323937765082102e-01
4.482426755249684924e-01
4.469009079679336915e-01
4.456058668626450836e-01
4.443563976686741857e-01
4.431514110392242856e-01
4.419898787079206137e-01
4.408708297308188140e-01
4.397933470481663054e-01
4.387565643346453270e-01
4.377596631104421765e-01
4.368018700886445727e-01
4.358824547372167069e-01
4.350007270362047929e-01
4.341560354129345156e-01
4.333477648398125770e-01
4.325699300398996860e-01
4.318094291140712193e-01
4.310839936300873143e-01
4.303931189272527935e-01
4.297363301588112972e-01
4.291131810587797135e-01
4.285232528047299150e-01
4.279661529695852895e-01
4.274415145561732965e-01
4.269446376150106137e-01
4.264344023935148220e-01
4.259489521777866106e-01
4.254634358191101140e-01
4.249841417403797950e-01
4.245363399847923991e-01
4.240923785280836245e-01
4.236672094415165901e-01
4.232729955883098860e-01
4.229094889103596211e-01
4.225764621350890926e-01
4.222737082705538825e-01
4.219553969427812801e-01
4.216659916365013139e-01
4.214065450615733788e-01
4.211383509620991727e-01
4.208838084561974946e-01
4.206589908652437759e-01
4.204428226921443912e-01
4.202036672073742873e-01
4.199941050301772005e-01
4.198140087517079899e-01
4.196632692379294038e-01
4.194884699903493885e-01
4.193215573598499946e-01
4.191839144109422155e-01
4.189961049196758158e-01
4.188374635312256955e-01
4.187080204097372027e-01
4.186076976136053895e-01
4.185364348527366163e-01
4.183693985751891775e-01
4.182174012402138930e-01
4.180945215379575086e-01
4.179480985828749051e-01
4.176622958701404764e-01
4.174030185838422113e-01
4.171731240916369821e-01
4.169724731334167878e-01
4.168009446066197055e-01
4.166512769433587948e-01
4.165173771494437016e-01
4.164123781844423777e-01
4.163307441040969836e-01
4.162538817596123097e-01
4.162058040944496828e-01
4.161864824233840743e-01
4.161916092995059935e-01
4.161347007632635875e-01
4.161065465678014941e-01
