2.927373707769406752e-01
1.399999999456377431e+00
6.139042558230828561e+00
8.362579754403247634e+00
3.056234634709828146e+00
8.958416300906710816e-01
8.882035544428735774e-01
8.952372415010600992e-01
8.636061057181371181e-01
9.177260048429836115e-01
8.733437027538226705e-01
8.786325866593258649e-01
8.842290188060806244e-01
8.966717409540542194e-01
8.964411506764927706e-01
9.031285837452344145e-01
9.102635710700087701e-01
9.179036054184883664e-01
9.261203038339693716e-01
9.350048057850172123e-01
9.446761661031219948e-01
9.552950687599850443e-01
9.670876849086486038e-01
9.803907225510711809e-01
9.957465959127488331e-01
1.014140608581248104e+00
1.027310966880437215e+00
1.038612749388151180e+00
1.051216700705666751e+00
1.065515170117714572e+00
1.082156592623517710e+00
1.102369116204432897e+00
1.129143429853997516e+00
1.178419943608199238e+00
1.606350043066502975e+00
1.615758083995666228e+00
1.626009392106784635e+00
1.637231595617489210e+00
1.649592656360122422e+00
1.663321297224635398e+00
1.678743155491094319e+00
1.696350661604202337e+00
1.716955714463451077e+00
1.742091012851476384e+00
1.775469481677268924e+00
1.821597905987370369e+00
1.843913112238320773e+00
1.871629888436044942e+00
1.910056799144361106e+00
1.990081675333911670e+00
1.937814720626691134e+00
1.928631691663861281e+00
1.972090668687388026e+00
1.955991750622698699e+00
1.880226844543029019e+00
1.924401352673777987e+00
1.832917009419690935e+00
1.858032120755178873e+00
1.890854891847532082e+00
1.945292180053689091e+00
1.836293684287502392e+00
1.862430544100760477e+00
1.897339492131906002e+00
1.963568144903403923e+00
1.900743386558345627e+00
1.980036609975956763e+00
1.849161371924733510e+00
1.879532217025779994e+00
1.925109999576058328e+00
1.814820657912610491e+00
1.836656427386658352e+00
1.863580602561915933e+00
1.900211738545027895e+00
1.848065111609972000e+00
1.878640455653757257e+00
1.924874532750971534e+00
1.843383214712918328e+00
1.872595632631304019e+00
1.914856208380119940e+00
1.716020934507352491e+00
1.742230790936798890e+00
1.777965501042485519e+00
1.812484091696153987e+00
1.834289230541546800e+00
1.861167135813912799e+00
1.897707620018143970e+00
1.816432826797066857e+00
1.839181058574659966e+00
1.867655607625124059e+00
1.907994235626017554e+00
1.827873882234454905e+00
1.853395916230564433e+00
1.887060621197045096e+00
1.945709581738545912e+00
1.831676089416148789e+00
1.858356463223673094e+00
1.894470239559857605e+00
1.975323300139572025e+00
1.836212105583797660e+00
1.864409110414448900e+00
1.904066914141292477e+00
1.825545427030750956e+00
1.851024580384179608e+00
1.884611693701556012e+00
1.942920374553151142e+00
1.679821696868775582e+00
1.699278572276176291e+00
1.722627010480725085e+00
1.752532386065347225e+00
1.794660836917843394e+00
1.814264580824816786e+00
1.837681697159601280e+00
1.867349440712183117e+00
1.910949800966234013e+00
1.806556183329156351e+00
1.828740963310553580e+00
1.856269355931468468e+00
1.894348083369161495e+00
1.864146155556721585e+00
1.907514471707743908e+00
1.888366771987900705e+00
1.861340266944665256e+00
1.904875787191096848e+00
1.864772249368252810e+00
1.912811231801718304e+00
1.835506457947004400e+00
1.868254335464506477e+00
1.922882653128062058e+00
1.884164526004289186e+00
1.860073226491905096e+00
1.909434484260404297e+00
1.883875840548939973e+00
1.856983406979199946e+00
1.906690971727885264e+00
1.727100168772518707e+00
1.764597925632207298e+00
1.782973906553798393e+00
1.804605659190337663e+00
1.831255011116386333e+00
1.867452136186173117e+00
1.725300165262736884e+00
1.761691028739592602e+00
1.780048845365185928e+00
1.801657002130629293e+00
1.828273102933614780e+00
1.864412570115627998e+00
1.784835852594367500e+00
1.807750610882420839e+00
1.836599792378247997e+00
1.878198105689007580e+00
1.794747533569222897e+00
1.820272819061591996e+00
2.159160459269314103e+00
2.141263015359372801e+00
2.146296805155420095e+00
2.089536416253731765e+00
2.084063089324382112e+00
2.149937135013932465e+00
2.053417584113027772e+00
2.152901150762206672e+00
2.053278946398085836e+00
2.153745660648961557e+00
2.051893967841065258e+00
2.128519711852258744e+00
2.040540050301202335e+00
2.129602500350256999e+00
2.039851847926855033e+00
2.125037781869504983e+00
2.036016100948825347e+00
2.123729912070491999e+00
2.033910409705515843e+00
2.115785652470914435e+00
2.028096653850869124e+00
2.095655097492960195e+00
2.015107606348270242e+00
2.107390865916799250e+00
2.020590081082536127e+00
1.980234318770469182e+00
2.050686767567873048e+00
1.995588369026821907e+00
2.119170491235918163e+00
2.022423400716368835e+00
1.979199137302377620e+00
1.949284729380045045e+00
2.036184015939592307e+00
1.985942175443317970e+00
1.953737716042538430e+00
2.099144727661395926e+00
2.010484018961151698e+00
1.969869951920967921e+00
1.940982970475211955e+00
2.086893156827803075e+00
2.002807232545317007e+00
1.964174511000185142e+00
1.936122461615360502e+00
2.071253904437948101e+00
1.994386084871160314e+00
1.957727109881804317e+00
1.930562222539562889e+00
2.020699867861613264e+00
1.973415003483194763e+00
1.942141634290404317e+00
2.118806144102574951e+00
2.012049370617322808e+00
1.967593067763386383e+00
1.937277147716490733e+00
2.096523089382416050e+00
2.002954276493037256e+00
1.961118318243679992e+00
1.931779542683558004e+00
2.036463681528924319e+00
1.977739666598931523e+00
1.943556532632471967e+00
2.107278866126259143e+00
2.003940384349184090e+00
1.960129062546940082e+00
1.930065349719125578e+00
2.016180456540756172e+00
1.965871515969636052e+00
1.933733208347345522e+00
2.005267419239618931e+00
1.959009923194368064e+00
2.055762477707194780e+00
1.976960139889324841e+00
2.047354405354691487e+00
1.973604054620313297e+00
2.022402682206564162e+00
2.075318302160941819e+00
2.075821149563150225e+00
2.054978339252238051e+00
2.030774718263682388e+00
2.055741074006916413e+00
1.968608290176843578e+00
1.998771214356549253e+00
2.060981650621279915e+00
1.968074168366072740e+00
2.032043132132902663e+00
1.952306630424360812e+00
1.990272251201856468e+00
2.052387396875890335e+00
1.958373325249342489e+00
2.025608170440400091e+00
1.942791700619379558e+00
2.021579242217252048e+00
1.938722799642501604e+00
2.068239150199160825e+00
1.955072237036012073e+00
1.911185092122819063e+00
2.025038642151153034e+00
1.937739545055482404e+00
1.899075279577186359e+00
1.999578148232188823e+00
1.926510840682032821e+00
1.890662229431782748e+00
2.061830832727788998e+00
1.946427292931976361e+00
1.902541736331969657e+00
1.872650014224604087e+00
2.025856449368172996e+00
1.934067657143354380e+00
1.893920483767239205e+00
1.865440994222078430e+00
1.973720935191112469e+00
1.913508429375363917e+00
1.879408190220046349e+00
1.853619324331113649e+00
1.967139190735505139e+00
1.909633238929277610e+00
1.876061431928021106e+00
1.850537578713242315e+00
1.961124015794174058e+00
1.905633443026412355e+00
1.872501569979052816e+00
1.847202957358158315e+00
1.947489286750148985e+00
1.898023455080906752e+00
1.866413335680995544e+00
2.000178342446611079e+00
1.915324067546806841e+00
1.877771623127612477e+00
1.976001731853433308e+00
1.906182641423557644e+00
1.870794548893194076e+00
1.950200607710439904e+00
1.895329487028908799e+00
2.001809747139808859e+00
1.912442508081672043e+00
1.991639286954456800e+00
1.905941328196627982e+00
1.956739169549259971e+00
2.005857851640058254e+00
1.909667141203688745e+00
1.915757181458582759e+00
1.920503288692261501e+00
1.919332653625708929e+00
1.926600475228382292e+00
1.936973350345682299e+00
1.938196834167579707e+00
1.955989892802040497e+00
1.961589581126031545e+00
1.943564859159630842e+00
1.935662604424710054e+00
1.927085619737978428e+00
1.912966728006268324e+00
1.866174114281856866e+00
1.858761841984287511e+00
1.880279780888353569e+00
1.933631327012306445e+00
1.840023037980381915e+00
1.928632628359073564e+00
1.836365572583909200e+00
1.813504751017589012e+00
1.848203010999706963e+00
1.800435621585171564e+00
1.868753395178664345e+00
1.808090301485946405e+00
1.897325258680992333e+00
1.816570021005117219e+00
1.879873769278561646e+00
1.837963766741397276e+00
1.882175881468353573e+00
1.880759948751008048e+00
1.901588567311439215e+00
1.827951922828973563e+00
1.780871651851663406e+00
1.750453628393273231e+00
1.726782214332173382e+00
1.669330394907073023e+00
1.622976066208192902e+00
1.593505268954572562e+00
1.570640936762179640e+00
1.551629726353091376e+00
1.535239821295956597e+00
1.520791854088199058e+00
1.507863460997041383e+00
1.496170590955947954e+00
1.480696903977331669e+00
1.459701017926513966e+00
1.442024583406410487e+00
1.426664320544570819e+00
1.413046176180611901e+00
1.400804849541547492e+00
1.389690658136663926e+00
1.379523921929863839e+00
1.370170203775480378e+00
1.361525808341824906e+00
1.353508774892868027e+00
1.346053013831825629e+00
1.339104340542738969e+00
1.332617705499871352e+00
1.326555206810931198e+00
1.320884630742199972e+00
1.315578358236634937e+00
1.310612531154341953e+00
1.305966406665128865e+00
1.314690056150452202e+00
1.324009748622970051e+00
1.316568090898958765e+00
1.321274255848969625e+00
1.316181879412742228e+00
1.324951415981493241e+00
1.316128820958464951e+00
1.284892899808072642e+00
1.248510796822846158e+00
1.246641690734302088e+00
1.270164591982216207e+00
1.234552755082944930e+00
1.253472724355880308e+00
1.262110603454547952e+00
1.259240605574315497e+00
1.240173395343386220e+00
1.264705331402083299e+00
1.255551363825558875e+00
1.252651310182108180e+00
1.256328967274341624e+00
1.270353200087303902e+00
1.255705438216135894e+00
1.253636577988414880e+00
1.275949066266828913e+00
1.254328036043612649e+00
1.254578720468690234e+00
1.272174799161810421e+00
1.241281795698005119e+00
1.278312637897636606e+00
1.279755621846896840e+00
1.247741650823851689e+00
1.252487108343377509e+00
1.247203318647919668e+00
1.241730476990629661e+00
1.293783117963976714e+00
1.243576155930917082e+00
1.259538301789107528e+00
1.266273502776265047e+00
1.285446802078052730e+00
1.266382182242926202e+00
1.244954172403556214e+00
1.264712066784096089e+00
1.252199149174503257e+00
1.281439932038963114e+00
1.256021300744359248e+00
1.231085551172059089e+00
1.257843330496833500e+00
1.252434146351686373e+00
1.265191939224451279e+00
1.254581192894523411e+00
1.271599173472439892e+00
1.238802653482455662e+00
1.282801471946932947e+00
1.253174713894791514e+00
1.256225773720447414e+00
1.296348674053215966e+00
1.303569238552165555e+00
1.279142936950619758e+00
1.279837711846883108e+00
1.257758499737349212e+00
1.305736670139992617e+00
1.278319813261670213e+00
1.289838594873034427e+00
1.291515602541271512e+00
1.272664513014303500e+00
1.283205083658957690e+00
1.309148513805843850e+00
1.333593822441112575e+00
1.280925731243765631e+00
1.297884366121551114e+00
1.331375410688406369e+00
1.277805082234904077e+00
1.286511593093406569e+00
1.325054210149423373e+00
1.271774838183175049e+00
1.244945607355232964e+00
1.260656049142041102e+00
1.220673118651062428e+00
1.253880556602772867e+00
1.251542612507668295e+00
1.256918448601676896e+00
1.205276630388427916e+00
1.228869932914472995e+00
1.255632492105647646e+00
1.252205456370573788e+00
1.233357759536040987e+00
1.206254963561321780e+00
1.179310904382447234e+00
1.201572567449971762e+00
1.226581676668342613e+00
1.192721211528506409e+00
1.209340929569122647e+00
1.221977668669316897e+00
1.202649605238517383e+00
1.187101612855681054e+00
1.205757574213299987e+00
1.193062623651762078e+00
1.210142812640139010e+00
1.196565736641197697e+00
1.197290755939480311e+00
1.158733431826951987e+00
1.178763446794387049e+00
1.201416896651335220e+00
1.221150185172304781e+00
1.211428338913763891e+00
1.211526650315361664e+00
1.202432578274597930e+00
1.197396384239564293e+00
1.199524830916508078e+00
1.189624417907604315e+00
1.178215781301670040e+00
1.152355110544897698e+00
1.134895639449408744e+00
1.124900512355534898e+00
1.110792959191629681e+00
1.143128986376090950e+00
1.147850238243161236e+00
1.126120216031572863e+00
1.120984963484756847e+00
1.161002568147207592e+00
1.146162276365609189e+00
1.138738593134127397e+00
1.129738827891707986e+00
1.092647560255285200e+00
1.164590893426376894e+00
1.110032141171298559e+00
1.116167176092593971e+00
1.164055562072622951e+00
1.109766372007823909e+00
1.166363211706681113e+00
1.129835671494084925e+00
1.126230930755544035e+00
1.120496104565384510e+00
1.115133664612199205e+00
1.174986160478372454e+00
1.162878468863238979e+00
1.177942099977977053e+00
1.161094223774569834e+00
1.141211604417789793e+00
1.101302412728007551e+00
1.076530787236922748e+00
1.057372846166845237e+00
1.041427849419825247e+00
1.027641760970893436e+00
1.015439239458680420e+00
1.004465002819584063e+00
9.944812523255139869e-01
9.853194793979845878e-01
9.768550770684704121e-01
9.689928036878824313e-01
9.616579136393076377e-01
9.547904666399551488e-01
9.483415242982932147e-01
9.422705205124751737e-01
9.365433908012403830e-01
9.311312086675174182e-01
9.298523700907413980e-01
9.211558250374144441e-01
9.175971343964267612e-01
8.890208949985257680e-01
9.031701487367803649e-01
8.785734814768568768e-01
8.851411305060173929e-01
8.776333754287440891e-01
9.027736285462844013e-01
8.676770923920293921e-01
8.905271302591726279e-01
8.614499922840181956e-01
8.862568489661196702e-01
9.240473159874194042e-01
8.780211528715461400e-01
9.134567893896907709e-01
9.121793874190063933e-01
8.959480320432664513e-01
8.666247757317662170e-01
8.867722993921354213e-01
9.304592831739372238e-01
8.836034059682363884e-01
9.068107642920339995e-01
8.932269150143448133e-01
8.962844693552535213e-01
8.688267439150368920e-01
8.921004582788557569e-01
9.096110530764738300e-01
9.203490925342320272e-01
9.200789506876584367e-01
8.860603725040423484e-01
8.767710755205814221e-01
8.473720463065508302e-01
8.332125956187481641e-01
8.423728162794128504e-01
8.650481436693987503e-01
9.038476510096967731e-01
8.173376586620832995e-01
8.331467165547866705e-01
8.529423622831340257e-01
8.814070072857652649e-01
8.129207340967699036e-01
8.279942197721490427e-01
8.465170783032995860e-01
8.718023346010566055e-01
8.120077060312977935e-01
8.270784821596662839e-01
8.456007632298018217e-01
8.708949036509814334e-01
8.211943250669089256e-01
8.384082583761233165e-01
8.608834533504149400e-01
8.988607578812215504e-01
8.321853288557197192e-01
8.527095060854325004e-01
8.833398919739495758e-01
8.304061379763255646e-01
8.506414672888453765e-01
8.804214154413768645e-01
8.410068241493280361e-01
8.656311511538297143e-01
8.354294464948290866e-01
8.579381689908928132e-01
8.962124394953397966e-01
8.571630546641838544e-01
8.954512354953060305e-01
8.671731047624886557e-01
8.158360979983294570e-01
8.331421947439544562e-01
8.558512367707535873e-01
8.952769521993616531e-01
8.731063956279198068e-01
8.672325280742387843e-01
8.655047025440031350e-01
8.707745836781742854e-01
8.769506268675870686e-01
8.812015541938036378e-01
9.014859676929611876e-01
9.095415819419452319e-01
9.757471317238741726e-01
9.833024866009354437e-01
9.914145935150420197e-01
1.000165416596702439e+00
1.009660347930208424e+00
1.017161220774606356e+00
1.024688245227844074e+00
1.032765577157058301e+00
1.041471379401632591e+00
1.050905430211163560e+00
1.061198565229192203e+00
1.072528219708510200e+00
1.085145726471124838e+00
1.099428525263816070e+00
1.115992485241554810e+00
1.135979905193331252e+00
1.162056966142517078e+00
1.197748068695379198e+00
1.252089862871686110e+00
1.228269320975674983e+00
1.219155347851282212e+00
1.195136158558494754e+00
1.261519654362250886e+00
1.207513674710199991e+00
1.233355160775666759e+00
1.213923275777836874e+00
1.217223905701785069e+00
1.220295207476907784e+00
1.190036372341477300e+00
1.237752042654815199e+00
1.192767892897519388e+00
1.254719401584219574e+00
1.238571318678687305e+00
1.190046678604303576e+00
1.245868638632927405e+00
1.215893931232721270e+00
1.198957903176051998e+00
1.204771484697453099e+00
1.236109988815286886e+00
1.220899716156311543e+00
1.244415592022296568e+00
1.223250395864917239e+00
1.213197939995374064e+00
1.209609356360580312e+00
1.224899779193897364e+00
1.202602791414598915e+00
1.227215880873115950e+00
1.193041478215729700e+00
1.205832820063353239e+00
1.232495516313550477e+00
1.214744459489207395e+00
1.226035952732076550e+00
1.233726284969959508e+00
1.258412754301987402e+00
1.294834282607721709e+00
1.293745294441472460e+00
1.305984554390372310e+00
1.314174755855626042e+00
1.314608061765838887e+00
1.282465283585185967e+00
1.288711526025397847e+00
1.310955399688584766e+00
1.312656831883570074e+00
1.322983580963217998e+00
1.271538597153859973e+00
1.288688570519001209e+00
1.352690803080230708e+00
1.393088456716881973e+00
1.333443240597611990e+00
1.336615125965841644e+00
1.300339139830918311e+00
1.314425877855507352e+00
1.354367315017957374e+00
1.310415577061500692e+00
1.298984064333654320e+00
1.343578191378816511e+00
1.290156866652002465e+00
1.313663482984362085e+00
1.329495148483662570e+00
1.312426729557706340e+00
1.316070455903827430e+00
1.319616274835016201e+00
1.307980607990720801e+00
1.377026524055240397e+00
1.370021873946299928e+00
1.318194351736045933e+00
1.308927783545941637e+00
1.359868583513733631e+00
1.337277831052419819e+00
1.351181109418257753e+00
1.336208044503021997e+00
1.354717477656347091e+00
1.356730428709818304e+00
1.306995145004459902e+00
1.305926379419544370e+00
1.273426697950871933e+00
1.285835892886923126e+00
1.303030635390199921e+00
1.290480982493733997e+00
1.321485613615332788e+00
1.274212984475402877e+00
1.306950226978234486e+00
1.281319450112459402e+00
1.297182007248016244e+00
1.265987326993089024e+00
1.308534127641303391e+00
1.294458446490793557e+00
1.311205665866601144e+00
1.283596019640493413e+00
1.270445111102513236e+00
1.301449460448367068e+00
1.302802161260047109e+00
1.324501856721007398e+00
1.297156460922841203e+00
1.301991360297770406e+00
1.311149299412793123e+00
1.296487303303910599e+00
1.272627807777363174e+00
1.302594578200506170e+00
1.256881815772803668e+00
1.289811237421110812e+00
1.273760254343959897e+00
1.277835470502088233e+00
1.328408572976122359e+00
1.268084689279571631e+00
1.284555531826814923e+00
1.261049288660688106e+00
1.265310970911921240e+00
1.300819064049446805e+00
1.270743914817024089e+00
1.299475074346883252e+00
1.278508382179285752e+00
1.313208538578640061e+00
1.287387078447419508e+00
1.302435814784287604e+00
1.297512408724936339e+00
1.303094611964045413e+00
1.319804812940558847e+00
1.335333127637205575e+00
1.322473943899288962e+00
1.329961068336282581e+00
1.338009720011904324e+00
1.346687061495709159e+00
1.356076560905778328e+00
1.366284096904646805e+00
1.377447385162139826e+00
1.389751250964690987e+00
1.403453917360070413e+00
1.418935955553235928e+00
1.436801717279920343e+00
1.458124865964805617e+00
1.485214262553260722e+00
1.525717049190067121e+00
1.546949589671527292e+00
1.557452860182636289e+00
1.568963524662917219e+00
1.581668237894670481e+00
1.595825692096471959e+00
1.611812985856007963e+00
1.630219605735339972e+00
1.652067514636375023e+00
1.679459546219339794e+00
1.718589423890266810e+00
1.781541240460047248e+00
1.699751642492646431e+00
1.715460387578638946e+00
1.744126407221101127e+00
1.730820284812992993e+00
1.695468469964113156e+00
1.735537438856659787e+00
1.751178917373052757e+00
1.684712790876883082e+00
1.718634293029829507e+00
1.771223738532026193e+00
1.736048770496259941e+00
1.729459710216723956e+00
1.690465904026607236e+00
1.720998759631636954e+00
1.769521288394238612e+00
1.687610552353788762e+00
1.715165664318916372e+00
1.754400385694591114e+00
1.726642337734436872e+00
1.771299320242965436e+00
1.738207968588748153e+00
1.791407114909247200e+00
1.740795159576228324e+00
1.792591832355758807e+00
1.738383161870582061e+00
1.784733996687432933e+00
1.722375261708354088e+00
1.756931283003167810e+00
1.830251836634300799e+00
1.737700433430043434e+00
1.778929313044361971e+00
1.722683446087011294e+00
1.754837778719425367e+00
1.809608159673569583e+00
1.737670617756233549e+00
1.775269791768665950e+00
1.700851210052529927e+00
1.728136867147137545e+00
1.717791253146029540e+00
1.745267105114605366e+00
1.784037447442517133e+00
1.732068823279089509e+00
1.763204854996362592e+00
1.813265530829015981e+00
1.759597645319907366e+00
1.803863228797837115e+00
1.760575745100479539e+00
1.803601175364746734e+00
1.773963826974225055e+00
1.826738549699199909e+00
1.806987585254345552e+00
1.810806822674542405e+00
1.846981450377060074e+00
1.830174425751328826e+00
1.830009197822887623e+00
1.827357264710992801e+00
1.855398358135088799e+00
1.910881479373321978e+00
1.929492357441954020e+00
1.943493817085450992e+00
1.959228091820262918e+00
1.977157328804963976e+00
1.998019300805012444e+00
2.023135762938037097e+00
2.055395925168308935e+00
2.104868327069155942e+00
2.090262731099581384e+00
2.081788564089455118e+00
2.151550296976452170e+00
2.113744494222272063e+00
2.095284468201215944e+00
2.165461104233087131e+00
2.122963500704281969e+00
2.106886686482481341e+00
2.092507205338362652e+00
2.148507544063920083e+00
2.146203903140987190e+00
2.161499741317412848e+00
2.115749192767684139e+00
2.180738086760204641e+00
2.191102848054721886e+00
2.205434299861002145e+00
2.118046936337554698e+00
1.896724909627224065e+00
1.910424975552454496e+00
1.293790831846499234e+00
1.297714402340490292e+00
1.321860559167297611e+00
1.292863217033128231e+00
1.321796006002474488e+00
1.324505788746135115e+00
1.278661161948968727e+00
1.289163414979801248e+00
1.313401323230443118e+00
1.271959141411641125e+00
1.324435066381952408e+00
1.274429826629127405e+00
1.315533464436123401e+00
1.274586758434039124e+00
1.279821296473979908e+00
1.299135506392995021e+00
1.336258569776300753e+00
1.335396722348084042e+00
1.266213152792583507e+00
1.316952076331560084e+00
1.265430904563420000e+00
1.862440437893843947e+00
1.825268688755488311e+00
1.820526309584734381e+00
1.828126767759504778e+00
1.874090585545876486e+00
1.810265504985277607e+00
1.855341216714418984e+00
1.804463981949848694e+00
1.834266446561165997e+00
1.878667465143441628e+00
1.817464182653900862e+00
1.845592146436951575e+00
1.882955959515326905e+00
1.822727667663829099e+00
1.852103493356705100e+00
1.884815073958524101e+00
1.827534778024968887e+00
1.856446722418278794e+00
1.902121903020167037e+00
1.837944141181274915e+00
1.869416501606824488e+00
1.840165283553953257e+00
1.862020257668886902e+00
1.821790144505976761e+00
1.863346140272281959e+00
1.823608515939370900e+00
1.892330956441864886e+00
1.840962205840871668e+00
1.809115436953447009e+00
1.861271824193428959e+00
1.824143626510862815e+00
1.887313981499845639e+00
1.840943814502282061e+00
1.928674419258014083e+00
1.859730701711248990e+00
1.824765250905637126e+00
1.871001972808396863e+00
1.833119177805847988e+00
1.897224339821949046e+00
1.849747929227886445e+00
1.938068256243708376e+00
1.867712351097667201e+00
1.946101884666040061e+00
1.871244781246335531e+00
1.933100608343543136e+00
1.869429345845814883e+00
1.898860921552619985e+00
1.914358087259034447e+00
1.950405767391039991e+00
2.152120086879163008e+00
2.136332806887328406e+00
2.126769467946952208e+00
2.134116441766947148e+00
2.139016473997320311e+00
2.153188632481950915e+00
2.086833184682445719e+00
2.105273642106213927e+00
2.135030979833613340e+00
2.141291996030667999e+00
2.137762544353910776e+00
2.122596282648269383e+00
2.175319513488103151e+00
2.157792305117120168e+00
2.144118750953021735e+00
2.202934500399248208e+00
2.174624285596551410e+00
2.155326284465011177e+00
2.220990890219024738e+00
2.178537304807535158e+00
2.126883528548179747e+00
2.093704930459129976e+00
2.067990265441386200e+00
2.046687352123450765e+00
2.028415186808360193e+00
2.012407386061391801e+00
1.998185636600420922e+00
2.007416732576944529e+00
1.973903288205605122e+00
1.963442798652333288e+00
1.953915701987411158e+00
1.945219791541058507e+00
1.868350655113888870e+00
1.831550679741624776e+00
1.816556474785586461e+00
1.803155932543097251e+00
1.791067737870623899e+00
1.780089325374241582e+00
1.773134858245474232e+00
1.766995193337143499e+00
1.752460606990507097e+00
1.744705789618014924e+00
1.737565142997037126e+00
1.730988371787703262e+00
1.724933355797079626e+00
1.719364505664942921e+00
1.636173738945079226e+00
1.601610051411905156e+00
1.576310665536740707e+00
1.555792094829042904e+00
1.538346705504780365e+00
1.315890559732071585e+00
1.265183593719735100e+00
1.238489582879627626e+00
1.215726368556944159e+00
1.284250199711933105e+00
1.250738605717325980e+00
1.225075190227960409e+00
1.232242715730005544e+00
1.262194463021738100e+00
1.269029112329812081e+00
1.307924798936349609e+00
1.260139775580028321e+00
1.294799829082767362e+00
1.310309570873832152e+00
1.260389370864212877e+00
1.232429856980354455e+00
1.292487457796478223e+00
1.251796937174178836e+00
1.327313188917738973e+00
1.276827433029787295e+00
1.311377672171858633e+00
1.287243399823366552e+00
1.294283278200245357e+00
1.250780048168552927e+00
1.278748154992185082e+00
1.278048972164649522e+00
1.300450354179604862e+00
1.290268750146788879e+00
1.276609667534754466e+00
1.264315152453369118e+00
1.314255906583723155e+00
1.247439378685530009e+00
1.271264589322768090e+00
1.226023407728588310e+00
1.257167461192422619e+00
1.219466120330082504e+00
1.244362500969039109e+00
1.260469086670166883e+00
1.266156315303166080e+00
1.225149523147678554e+00
1.223289715539223943e+00
1.214142726600706323e+00
1.194972502516150836e+00
1.192847152123588383e+00
1.191255182597139806e+00
1.202935991516172365e+00
1.172444411986883983e+00
1.190465706726955508e+00
1.191259142472346877e+00
1.210233199108059710e+00
1.196010473447451705e+00
1.167936704638547152e+00
1.201554098335835707e+00
1.190705757885948346e+00
1.188928268631789242e+00
1.193259568919601499e+00
1.202822041499053363e+00
1.198317025743398601e+00
1.194374800070512110e+00
1.187154539678290988e+00
1.195773432592003527e+00
1.192632446001833157e+00
1.186064933621993278e+00
1.195992227339542024e+00
1.195774897664076297e+00
1.211908499320105914e+00
1.142555877462955172e+00
1.114240143624937618e+00
1.188032994071840598e+00
1.130976775589743522e+00
1.143869226894417945e+00
1.166480072153781133e+00
1.133494781040466304e+00
1.104582779727389497e+00
1.134599630874043807e+00
1.176278035139629807e+00
1.169691181756943976e+00
1.152206186350468897e+00
1.161607970449893390e+00
1.186316941620628507e+00
1.130128119551372823e+00
1.102561297863269285e+00
1.081984148778383892e+00
8.782735583867624651e-01
8.655887125529241333e-01
8.938423318220796165e-01
8.596656991596303143e-01
8.900192428520563581e-01
9.040095081862912219e-01
8.725933672441399391e-01
8.673581519006391405e-01
8.997794022439845607e-01
8.835485142507932821e-01
8.788073381670358231e-01
9.011307693147203590e-01
8.945676059748915998e-01
8.666941291471242925e-01
8.966161876373216488e-01
8.778020387944229785e-01
8.855117132006703473e-01
8.979149178241048190e-01
8.607438592317472326e-01
8.965015710317790765e-01
9.173821182011060449e-01
8.599934279758121303e-01
8.676177270889046111e-01
9.126850089394019649e-01
8.502846506257564219e-01
8.685857158413360368e-01
9.226662313533754434e-01
8.820368359084717058e-01
8.775124527823428000e-01
8.439370676443465058e-01
8.497918201571592611e-01
8.817678223234129975e-01
8.776270909371044482e-01
8.596856240445982511e-01
8.753369541333837489e-01
8.731026126690584199e-01
8.888605081110813044e-01
8.748847386304973162e-01
8.489127637981103147e-01
8.822944236155184639e-01
8.975497670375995884e-01
8.550717354113228641e-01
