-9.473458963907803354e-12
-1.094955505715903055e+00
-2.156238568842480774e+01
-2.033252973201598479e+01
-3.139210223659400167e+00
2.251221444702000973e-01
2.203603124623471077e-01
2.297966571043524031e-01
2.281401071389339008e-01
2.294181708891863125e-01
2.325667043771557085e-01
2.304923243292862078e-01
2.324611153296085864e-01
2.310023741642741046e-01
2.329136516889659114e-01
2.339709811308822995e-01
2.315737831030434124e-01
2.321612045323502016e-01
2.347196812070901917e-01
2.350397234421200132e-01
2.341509124516575890e-01
2.338253799557820090e-01
2.352889729392282914e-01
2.326700528339301077e-01
2.357187908442656965e-01
2.357671881030073135e-01
2.350076288956118864e-01
2.353046351527187940e-01
2.380245890301951883e-01
2.364137160759439138e-01
2.355800458027614008e-01
2.353757488617939930e-01
2.329195593132825925e-01
2.386305681483550101e-01
2.374600702332670954e-01
2.376756372642329918e-01
2.354420868979913983e-01
2.383930212810961013e-01
2.373050830984856918e-01
2.396893691014591043e-01
2.361482667936833091e-01
2.377111043387279132e-01
2.368983116650356102e-01
2.378012560848281887e-01
2.390190129636355076e-01
2.430000303941206863e-01
2.398631985074222983e-01
2.412274293278673931e-01
2.365370227176827045e-01
2.391350819350372969e-01
2.428559779345703940e-01
2.398871365059155047e-01
2.400496118567030102e-01
2.406952407315074982e-01
2.437328223289328966e-01
2.420330729186883911e-01
2.403748911818011091e-01
2.435239483176090125e-01
2.432577026274438947e-01
2.431886503097450136e-01
2.414233171641897990e-01
2.452401948156422984e-01
2.428796152921031126e-01
2.429164380291660985e-01
2.441492713072324072e-01
2.449110988975460035e-01
2.422942826137290118e-01
2.443284586487892984e-01
2.458109288392416880e-01
2.472189096372114092e-01
2.480330999785635981e-01
2.482179462752908961e-01
2.484898304200506003e-01
2.494902894731317045e-01
2.502706361809652891e-01
2.507735734006625861e-01
2.519201741063655797e-01
2.526812436438553022e-01
2.530269361967716901e-01
2.541423936453816035e-01
2.513673359779793892e-01
2.532273121898427903e-01
2.526125195467525120e-01
2.560009801136883256e-01
2.558964728360340057e-01
2.544385774916669840e-01
2.551751612757380272e-01
2.524617076823162942e-01
2.573684382918309255e-01
2.573573055097969076e-01
2.601310836965348150e-01
2.602332609644341099e-01
2.597358551075203970e-01
2.605405963183309859e-01
2.638194031329282874e-01
2.647697505638317850e-01
2.607068837605412970e-01
2.641239155094496915e-01
2.636682813154750948e-01
2.623477317802431763e-01
2.629749765896955971e-01
2.666412626927202045e-01
2.686076785485406737e-01
2.658501718939211833e-01
2.694680527704259032e-01
2.672681079077893762e-01
2.662520839903554926e-01
2.686993025462128815e-01
2.701317296603574225e-01
2.672037334626989891e-01
2.743995437093942891e-01
2.760666138358288113e-01
2.717697749865680135e-01
2.762063850276780252e-01
2.763186746443044850e-01
2.775236868139863144e-01
2.785625056596034987e-01
2.818729704794842861e-01
2.798040136124729793e-01
2.809078787134740018e-01
2.833301940994850110e-01
2.777843722897562762e-01
2.852395223637858024e-01
2.870742452861567151e-01
2.862312499710708003e-01
2.882491292182980946e-01
2.901097289293975146e-01
2.925565192649283164e-01
2.934003791101273961e-01
2.944023245528252786e-01
2.954949469442545995e-01
2.962157473695377075e-01
2.979283217265670247e-01
3.023116802488752808e-01
3.006235855607867213e-01
3.025189361397845889e-01
3.065654397687250232e-01
3.046524655348223920e-01
3.035216699955542996e-01
3.113328156323761919e-01
3.147595233777161217e-01
3.163924424557009174e-01
3.141391412609877976e-01
3.218034307385799764e-01
3.235616461847969916e-01
3.244096269360777773e-01
3.264607550643722766e-01
3.279012428063327045e-01
3.313363123471516070e-01
3.321854480772863938e-01
3.294152810805723863e-01
3.320827639827115818e-01
3.302771503197374781e-01
3.318238252418405088e-01
3.344688359459185856e-01
3.364180683010289941e-01
3.321038524638950107e-01
3.370813794027954780e-01
3.382483420800799778e-01
3.333359768804662893e-01
3.402360232405300944e-01
3.395846513645143783e-01
3.420127677676290112e-01
3.424991959192834057e-01
3.462143954400759838e-01
3.438033318715678077e-01
3.436713305986169864e-01
3.452214013742707088e-01
3.492354573487663760e-01
3.515206777811197836e-01
3.510504846421640956e-01
3.523073993552521266e-01
3.517382273314446084e-01
3.558361507127493772e-01
3.555990027000778819e-01
3.595904706203583157e-01
3.612293441689763962e-01
3.593318962607076061e-01
3.619337154609703067e-01
3.630352615581819986e-01
3.650937087730478092e-01
3.705419223623002134e-01
3.659841899739849080e-01
3.726513315729512166e-01
3.695687963829482059e-01
3.741751428699083837e-01
3.742151284864129734e-01
3.749793319125195867e-01
3.766754478539340867e-01
3.793097786904693902e-01
3.826092581033804785e-01
3.796238139146237978e-01
3.765992523965793204e-01
3.874196177347467018e-01
3.869613687269229940e-01
3.828904131641666098e-01
3.849580647821944090e-01
3.807535930101978994e-01
3.819824089051861993e-01
3.849992952469465934e-01
3.830083605367899935e-01
3.848590908002295086e-01
3.825218961311107058e-01
3.788193096683578065e-01
3.798733513921576099e-01
3.719449420873177092e-01
3.754310451320334030e-01
3.711555148323236741e-01
3.689009557428781783e-01
3.666469888093447094e-01
3.662350390967262226e-01
3.675585965565005830e-01
3.674133499020820759e-01
3.632562791068437158e-01
3.662834119988130910e-01
3.651175900536701158e-01
3.667295874521976917e-01
3.622115131397355969e-01
3.646385901987653777e-01
3.616738163402943851e-01
3.575108203611980784e-01
3.602043594274383920e-01
3.600783982839025898e-01
3.588516637041531121e-01
3.529433145118041071e-01
3.571076739622520146e-01
3.597769650432895983e-01
3.547069014965903988e-01
3.561235946266905761e-01
3.560893685598117142e-01
3.524798693282205075e-01
3.535655143350496799e-01
3.536593894053973175e-01
3.491783921610970842e-01
3.511904126327947129e-01
3.532115839914372057e-01
3.469314374552862068e-01
3.459670056530679827e-01
3.460062687970428263e-01
3.565056897731528895e-01
3.476115732629236899e-01
3.527454334189935037e-01
3.486531281801941162e-01
3.506093650339163759e-01
3.472697467812200234e-01
3.508231732856711971e-01
3.475026249749720852e-01
3.521566087389830790e-01
3.459752869583869184e-01
3.481055355193070078e-01
3.480180530992346144e-01
3.479526546604491122e-01
3.506255809369238086e-01
3.450843064449323760e-01
3.477257681837488956e-01
3.476582106851888176e-01
3.458119214922258933e-01
3.489822879081119766e-01
3.471528112061392779e-01
3.485640848123779945e-01
3.458495966349778850e-01
3.480176876152396015e-01
3.517389175435077786e-01
3.442092619489069971e-01
3.476726190190063126e-01
3.547159064418731744e-01
3.447750365472888046e-01
3.499498998747405110e-01
3.510587804769488840e-01
3.505112916218812158e-01
3.526317151545494966e-01
3.516891322158332001e-01
3.543782154547587271e-01
3.493964633389955998e-01
3.529071451067610776e-01
3.524146429655724000e-01
3.522770447459324106e-01
3.504884461339651258e-01
3.498654558158841854e-01
3.526150604953308121e-01
3.489286424220999772e-01
3.504097540644128261e-01
3.513511286732862171e-01
3.499252309939531735e-01
3.548984985456181129e-01
3.535257731976005902e-01
3.518459590558505878e-01
3.484899426557558910e-01
3.560879494930088152e-01
3.491395695271291011e-01
3.499164723305063229e-01
3.484881320382752223e-01
3.484210974777735004e-01
3.473175867042574971e-01
3.508629759905494971e-01
3.518162207203890945e-01
3.525620152317709977e-01
3.526261386723690272e-01
3.522250341046117006e-01
3.528509303932431118e-01
3.473902671885151228e-01
3.450668453802032132e-01
3.485029016918969047e-01
3.487852142275196798e-01
3.507001259723422915e-01
3.520489157338583808e-01
3.483778244794772938e-01
3.564824155968209785e-01
3.479547240358948912e-01
3.467970359699527050e-01
3.538417606049806818e-01
3.491802684159600045e-01
3.552568222661834918e-01
3.517168163152274984e-01
3.545338439982317902e-01
3.542306118865113929e-01
3.571574303580761778e-01
3.500187600935615873e-01
3.534785503632023040e-01
3.549193990478877736e-01
3.534728965661620981e-01
3.551405890787576181e-01
3.555134419269638246e-01
3.571838889935807781e-01
3.566297744455937946e-01
3.572268507940212223e-01
3.583292113910417909e-01
3.532944542112261832e-01
3.575670307747996213e-01
3.607019770117702029e-01
3.610974709741419097e-01
3.584758111813075021e-01
3.614990724375238274e-01
3.562002335235808781e-01
3.599247101014635963e-01
3.545263656124291729e-01
3.567500035132625813e-01
3.533836132967420052e-01
3.520208697458102054e-01
3.519681381632663864e-01
3.511714491381174863e-01
3.491276642484315018e-01
3.500558312683688111e-01
3.456809460074902196e-01
3.487094858946629961e-01
3.470453674767096097e-01
3.473749393709599786e-01
3.437155926055610045e-01
3.446879496079071070e-01
3.463590116728988977e-01
3.438474499556469777e-01
3.437940318337359136e-01
3.392887959486450833e-01
3.412931242408824839e-01
3.389687463532851108e-01
3.388035349420289166e-01
3.386254740476217218e-01
3.362365472117742060e-01
3.368557114543230258e-01
3.360690806721097212e-01
3.340670824635643132e-01
3.348846417765148908e-01
3.330466263510729052e-01
3.354471460764624768e-01
3.325490642434866806e-01
3.327256027148650097e-01
3.283384028773874141e-01
3.324733607350742193e-01
3.291559162884777900e-01
3.338222731174059210e-01
3.317294053882505755e-01
3.273597634883885776e-01
3.312175006034031033e-01
3.331598171223899008e-01
3.270155958625651782e-01
3.293713426036041780e-01
3.302550742576483844e-01
3.305759806828053038e-01
3.296335602135718745e-01
3.284628056024880838e-01
3.276982439883900922e-01
3.304505766730463923e-01
3.306083535706983989e-01
3.272383206895218000e-01
3.311886148234962080e-01
3.274991980518686119e-01
3.295043577425649239e-01
3.283952526107393743e-01
3.297031713091532201e-01
3.293643216917421235e-01
3.279153055599224875e-01
3.305444560898153084e-01
3.280574123598358205e-01
3.239638864953369723e-01
3.276815488079634076e-01
3.241996939589344984e-01
3.258513024427757143e-01
3.279072378693216883e-01
3.247814086605300132e-01
3.255759382376849920e-01
3.230373628735389024e-01
3.241833953686126257e-01
3.231154756132316730e-01
3.230287546890266981e-01
3.220390930848097133e-01
3.182042082044040932e-01
3.182837977480698077e-01
3.205539016401336982e-01
3.208940257936073737e-01
3.124182188058644005e-01
3.165056559650882839e-01
3.165032302697008970e-01
3.124202943162643908e-01
3.143511901927164010e-01
3.183978791498293104e-01
3.132877318388996857e-01
3.165075402770413104e-01
3.161529947096737847e-01
3.145232985060519848e-01
3.142733235251388146e-01
3.135802992442801029e-01
3.182734180187893891e-01
3.082717492033640871e-01
3.121379500482333036e-01
3.133150651680672860e-01
3.122540685384915249e-01
3.132753093925064181e-01
3.130233211872976984e-01
3.121608751634907808e-01
3.156490347028524934e-01
3.135076943684741990e-01
3.168857001365320003e-01
3.117528857680954002e-01
3.142873714597079760e-01
3.110939447051865869e-01
3.128835380362862129e-01
3.150981702003792240e-01
3.100503539068243941e-01
3.142491022171400861e-01
3.120405857479867096e-01
3.134442933829171274e-01
3.114742404078599813e-01
3.170176459734646013e-01
3.167252284583684796e-01
3.198036846468692018e-01
3.093326503211972778e-01
3.142538255601468045e-01
3.116444204180157107e-01
3.128096028512765137e-01
3.150026106915270185e-01
3.126221458308597878e-01
3.140556847688061870e-01
3.152223374092493757e-01
3.160281342889078027e-01
3.176544953693825057e-01
3.138650301439350754e-01
3.165045537517655050e-01
3.133230040494823232e-01
3.133398083179488869e-01
3.142351937538221951e-01
3.113840632660470065e-01
3.114142976355301906e-01
3.136768530190858217e-01
3.104073531406488784e-01
3.121776655992751781e-01
3.092793906475678756e-01
3.106014366473957011e-01
3.058725622889856832e-01
3.101805219713908990e-01
3.080323983637932028e-01
3.077004735138595959e-01
3.036597690235858793e-01
3.061956006236257744e-01
3.059428358061374031e-01
3.061113183091185852e-01
3.034556753631644788e-01
3.076947279083623865e-01
3.060294459285589075e-01
3.042798988665385007e-01
3.036662371240236857e-01
3.038981515706786762e-01
3.035411337821614097e-01
2.981859935332549782e-01
3.029549903832989277e-01
3.018841446761392766e-01
3.002702499590297891e-01
2.979307610187771904e-01
3.009586787489212933e-01
3.003594120872056794e-01
3.010816552727839102e-01
2.998821328270326880e-01
2.981468824482176871e-01
2.984939294437876089e-01
2.995255328581303833e-01
2.932460075301787095e-01
2.968041791107464134e-01
2.962387064130230785e-01
2.964432892363816907e-01
2.975405251189078837e-01
2.957289265015732860e-01
2.958566411826282216e-01
2.970313002866167840e-01
2.944968963008501861e-01
2.958254637419510114e-01
2.961062326080771134e-01
2.953088342240107744e-01
2.941064042225050024e-01
2.908283841742042020e-01
2.940565521781686731e-01
2.904524065017147216e-01
2.933530845499527917e-01
2.932868045632147092e-01
2.931538107268659155e-01
2.907926803978334029e-01
2.921069932131323266e-01
2.908942953355255212e-01
2.923792354831378781e-01
2.897582561105379040e-01
2.920289093330613039e-01
2.897357343422938825e-01
2.931861433301394815e-01
2.887501135821315956e-01
2.920902844053244740e-01
2.890994543998774979e-01
2.845824475681700272e-01
2.903503428356263849e-01
2.905289897701193724e-01
2.905393054999746982e-01
2.874219464456125861e-01
2.879513818585507923e-01
2.890481207878410896e-01
2.869094011704422797e-01
2.884120313575839201e-01
2.894591361770478821e-01
2.856009132556603936e-01
2.898535600655723909e-01
2.894142154911282239e-01
2.899268742985148806e-01
2.846552865953804190e-01
2.883761285626877946e-01
2.852860650793950792e-01
2.890481479870424808e-01
2.867855427598682838e-01
2.877493708472644851e-01
2.886759745061385218e-01
2.856991457136979218e-01
2.886490711906691820e-01
2.882650656937278955e-01
2.894392821792037274e-01
2.875270583674199854e-01
2.902215401934271077e-01
2.906654875849998820e-01
2.883952317148403277e-01
2.885720901185354070e-01
2.884370512056231850e-01
2.897049043104407140e-01
2.879421317427519056e-01
2.874658369210141839e-01
2.818274855125987854e-01
2.893645677522668769e-01
2.868441467961331814e-01
2.909147125461080119e-01
2.898207199757120156e-01
2.894160782570966983e-01
2.884658172733232107e-01
2.910012533080635899e-01
2.868603805484870040e-01
2.896030189893397111e-01
2.925748254949624982e-01
2.891059670973852858e-01
2.893419802368242255e-01
2.889901223973336819e-01
2.905002357287280734e-01
2.896420663019835806e-01
2.928724775594869767e-01
2.937702149458004119e-01
2.926372641489008997e-01
2.911296916941754076e-01
2.930469292990829921e-01
2.956407664763182064e-01
2.941025148474136208e-01
2.934330294257914140e-01
2.950599631526514277e-01
2.936945940990576265e-01
2.946466774516818821e-01
2.959082550713614812e-01
2.949841801903765881e-01
2.960897980295840171e-01
2.979661166980221987e-01
2.954076088243938747e-01
2.946401188209161748e-01
2.968119403422256886e-01
2.997908628811714049e-01
2.981732371708418206e-01
2.995185728615680221e-01
3.008006791278320935e-01
3.017130290094325873e-01
2.967204743097531794e-01
2.980356124877777124e-01
2.990591071404777868e-01
3.010618194870030018e-01
3.006999658106933038e-01
3.024650115072327061e-01
3.024160874223310036e-01
3.019452213582873856e-01
3.047375932038184909e-01
3.038386701423758107e-01
3.010074177721194233e-01
3.058522785520698117e-01
3.032610970164040243e-01
3.080758090578232244e-01
3.053703426944678889e-01
3.082520574065680807e-01
3.059632958663733859e-01
3.097051559281592814e-01
3.081227758028738939e-01
3.101166914902276917e-01
3.103673384620563858e-01
3.100510643467589977e-01
3.124770274579364848e-01
3.122472448709966986e-01
3.116282893635011209e-01
3.112302943894428853e-01
3.118647084675688075e-01
3.147389017818784107e-01
3.150974120509579257e-01
3.156371057389716905e-01
3.146684808149676771e-01
3.167523205005033926e-01
3.173146532818929000e-01
3.179734597893009163e-01
3.181872945351912896e-01
3.192236718431269993e-01
3.194750103061477775e-01
3.186543640292520130e-01
3.191700228303726017e-01
3.227524238853861083e-01
3.238403166554780777e-01
3.220278555503428008e-01
3.235870034917409099e-01
3.226075269730385164e-01
3.252154435788394138e-01
3.242535738805695789e-01
3.258941907841955143e-01
3.268093811685784944e-01
3.264981431231374076e-01
3.277408129516292123e-01
3.251809451190799116e-01
3.275025534964234875e-01
3.267886280978767877e-01
3.285999151182151246e-01
3.272656436649785117e-01
3.268201845840777997e-01
3.224805371687307076e-01
3.269419030409951854e-01
3.258282817574038037e-01
3.285883086471599879e-01
3.224636576112281938e-01
3.283269614154676885e-01
3.265688192129023171e-01
3.259351560664011105e-01
3.246864456370239793e-01
3.254335698271513810e-01
3.257534812815903180e-01
3.283916747798107938e-01
3.269325451503877766e-01
3.278734135204983136e-01
3.217669467295228847e-01
3.269601101914978991e-01
3.249668095998046735e-01
3.265294671992290954e-01
3.225721757125907807e-01
3.246096489679364816e-01
3.265565316661351858e-01
3.214088039860892865e-01
3.203164294870091133e-01
3.212885709118892819e-01
3.242450597684801150e-01
3.174439121990890733e-01
3.215637976139641974e-01
3.170270025016280746e-01
3.163186459265148742e-01
3.184611852891242045e-01
3.141292306251122213e-01
3.185583697321892060e-01
3.156129088125946835e-01
3.147472443393590780e-01
3.172256243455904845e-01
3.077287605772098811e-01
3.171148279887466837e-01
3.224899769864281729e-01
3.164172517848776733e-01
3.171469391298338270e-01
3.155403514509728113e-01
3.137750885832640835e-01
3.182960391199717853e-01
3.113321066798898085e-01
3.125394470763341870e-01
3.137356440281742764e-01
3.186751171607156152e-01
3.127651556908261909e-01
3.217483407872973045e-01
3.100194920730723891e-01
3.165661745695331208e-01
3.161760322105903187e-01
3.126799978534519076e-01
3.112598647184541267e-01
3.104253629128452818e-01
3.210199389384990054e-01
3.134883766114527903e-01
3.126928791887813031e-01
3.175995152806321831e-01
3.164323709744678026e-01
3.217945554231109728e-01
3.181595885940475821e-01
3.188517992300394788e-01
3.186428738118001758e-01
3.182437109356635041e-01
3.194013160490333236e-01
3.169277453969810976e-01
3.199212045826331785e-01
3.154669095186355965e-01
3.195265335909380222e-01
3.182311276519230736e-01
3.200872347431016895e-01
3.251792337047721970e-01
3.235367096239009088e-01
3.195161027397597775e-01
3.197354994912041115e-01
3.221072593722758004e-01
3.231766709662565185e-01
3.188906020786768103e-01
3.217390052380950105e-01
3.214648239443513855e-01
3.182631801943304750e-01
3.236440355352462883e-01
3.208647174610803066e-01
3.227312745882540135e-01
3.229811716547165146e-01
3.224746636639603814e-01
3.230303281331213805e-01
3.230253496718595851e-01
3.258110082835338761e-01
3.242348910737778978e-01
3.203233471338841065e-01
3.249256727065235051e-01
3.224567325035108123e-01
3.233824653586185871e-01
3.258355907954696984e-01
3.187796846975036180e-01
3.203336364136881165e-01
3.249516048917049926e-01
3.266451412293533973e-01
3.239320886277564093e-01
3.236637084699270916e-01
3.249064394371911080e-01
3.259144917904507888e-01
3.256842552922606937e-01
3.255004451800472820e-01
3.296151939062760827e-01
3.225567705644729055e-01
3.291627007390326987e-01
3.280798565780388976e-01
3.306312160198087158e-01
3.310761732485891229e-01
3.328279200579418728e-01
3.318841096000568758e-01
3.327198493456521855e-01
3.307378629125015124e-01
3.326974578610041866e-01
3.333085140694121984e-01
3.331831955610313201e-01
3.327949037856569037e-01
3.323270107739439982e-01
3.349306728562265745e-01
3.377872535306966073e-01
3.409522595806399048e-01
3.380201168881866169e-01
3.387324311373721142e-01
3.351916581394205896e-01
3.441916590337723014e-01
3.418369328664969120e-01
3.431806747748600839e-01
3.436821634223665156e-01
3.432212277163966818e-01
3.462907883375355156e-01
3.444299563163150113e-01
3.473804993600415059e-01
3.502117083738801040e-01
3.491289041535262094e-01
3.450607710942064088e-01
3.429339053412118199e-01
3.525226354073612844e-01
3.468897490240662185e-01
3.454151547266234856e-01
3.461818279814991017e-01
3.500968978317525182e-01
3.485608878686130008e-01
3.495921255123946025e-01
3.460396356340109114e-01
3.449978702704323830e-01
3.499496272368807781e-01
3.526185456142830188e-01
3.475033885177949977e-01
3.451179577093476114e-01
3.462906775841920193e-01
3.437858120702421139e-01
3.450989948017739173e-01
3.502038251765178245e-01
3.505686413284022085e-01
3.505107611184501981e-01
3.522565927341937964e-01
3.528992678171449793e-01
3.538832407467241148e-01
3.505487075099257832e-01
3.528006890265945050e-01
3.535983309115353079e-01
3.583435865717062851e-01
3.512132679780712863e-01
3.545069158882767080e-01
3.521995685414073818e-01
3.551116608607804981e-01
3.530720612761802935e-01
3.488052037606537148e-01
3.485944937878734939e-01
3.532999100655884739e-01
3.520076036048682133e-01
3.526715209338653900e-01
3.553121242646694045e-01
3.499987281477087153e-01
3.492488872491206764e-01
3.480087703722173909e-01
3.528168154253195077e-01
3.525235284344556130e-01
3.503676193282502793e-01
3.531119533636071228e-01
3.483900346813871840e-01
3.474820454213553012e-01
3.480530267430895774e-01
3.486303390345815156e-01
3.529730266931722094e-01
3.466892737309426042e-01
3.495828405093450164e-01
3.544088263940936012e-01
3.498153401437879007e-01
3.503778009474308175e-01
3.496951502049679972e-01
3.511302691971702195e-01
3.516315170139953095e-01
3.506795251910563849e-01
3.521473771295502986e-01
3.534140966010634877e-01
3.552129280908875031e-01
3.517168163152264992e-01
3.598311554003028045e-01
3.563262893246600949e-01
3.547290032088027956e-01
3.540795237216127767e-01
3.503273057700780901e-01
3.547325048480812759e-01
3.521230794373845785e-01
3.553728660813221252e-01
3.538722653431534138e-01
3.517307363147311183e-01
3.569335671400339915e-01
3.557648354082914022e-01
3.582411288308539055e-01
3.582571104987933852e-01
3.565977098296524983e-01
3.624914739079446169e-01
3.606159664233288820e-01
3.552337603760212792e-01
3.541398686835763865e-01
3.500987442099982028e-01
3.496768593966572136e-01
3.419456854009046975e-01
3.430342869206738921e-01
3.398419222956600150e-01
3.335750970034889740e-01
3.292111132458607758e-01
3.265650580787972102e-01
3.262738234147589123e-01
3.222733823529435049e-01
3.250127939225267992e-01
3.205929456682056200e-01
3.168342441046905766e-01
3.160073761015181892e-01
3.153421546439401091e-01
3.136418156168884752e-01
3.082680726732843768e-01
3.072631282633874750e-01
3.088418372260626765e-01
3.036167495518108939e-01
3.058153693996596978e-01
3.024445418809701969e-01
2.992026490280210727e-01
2.990107923765680797e-01
2.948328045314295154e-01
2.925574587725568998e-01
2.924208683698796829e-01
2.859290744340841073e-01
2.900733573468168847e-01
2.865729893280657969e-01
2.842271113315957831e-01
2.835573372034803086e-01
2.783408823403136778e-01
2.793567538323057931e-01
2.723390803723472198e-01
2.745155858942190941e-01
2.740861011434886918e-01
2.708008574097600096e-01
2.701728844562976128e-01
2.672757724928719880e-01
2.655961736566426201e-01
2.657201271164726930e-01
2.616177515300583956e-01
2.591458905765645082e-01
2.584385251081677271e-01
2.576858613286236999e-01
2.521188952535213801e-01
2.517131577786155261e-01
2.493486822054638008e-01
2.516146311351349918e-01
2.500583460088492971e-01
2.488261934982221868e-01
2.440409759641528065e-01
2.449450719980962032e-01
2.373618746029201865e-01
2.390839336726452991e-01
2.419583729800867111e-01
2.404326274751222015e-01
2.395006162788911874e-01
2.403128104963778988e-01
2.348158254040969006e-01
2.323575467486075075e-01
2.355374198088248938e-01
2.347626464979007954e-01
2.310011971535365083e-01
2.308237948622816893e-01
2.304493183157740044e-01
2.283818144521577997e-01
2.284402671525639916e-01
2.274585786374206942e-01
2.261181192856961120e-01
2.261069729424665942e-01
2.229362508141232990e-01
2.142907670261048891e-01
2.244614056252793866e-01
2.208876367400826879e-01
2.167165882668296017e-01
2.208251099487174018e-01
2.201984851503074880e-01
2.162024989896761118e-01
2.186467720397445025e-01
2.104660339248964063e-01
2.209260316599505058e-01
2.146975892148214882e-01
2.129122526077351085e-01
2.153692381973426051e-01
2.154779379767791936e-01
2.154291656731709137e-01
2.109982728530606921e-01
2.133157343099174041e-01
2.103283479393046052e-01
2.115973882077278878e-01
2.104637564299045027e-01
2.086665133310180997e-01
2.088626237629732929e-01
2.082703441302664049e-01
2.095394204511246972e-01
2.089266752064158073e-01
2.063148750599710923e-01
2.040835554498922899e-01
2.079543902679422962e-01
2.013266152496104022e-01
2.088881570549794009e-01
2.080614049764737961e-01
2.041923257573541040e-01
2.055702061186276963e-01
2.068642405195625922e-01
2.032674068988750138e-01
2.010054791964634990e-01
2.087069162539569867e-01
2.029663115852594901e-01
2.042017751083486932e-01
2.003214992528538074e-01
2.056822093415905939e-01
2.019579725669015113e-01
1.992580456399301869e-01
2.021776659474119886e-01
2.028085907550747913e-01
2.050430058513157128e-01
2.037126737214537131e-01
1.997655737509761997e-01
2.012865436045148948e-01
1.999371898660440017e-01
2.008880134350609914e-01
2.016780824247202952e-01
1.997071665560845033e-01
2.014501702183705001e-01
2.038401181636171899e-01
1.935856525468815093e-01
1.984434915408296862e-01
2.033892225453992897e-01
2.028929219671188888e-01
1.995769244409968113e-01
2.009785092985058863e-01
1.989798600285228036e-01
1.984653951192618115e-01
1.982774233923572105e-01
2.011496375866332065e-01
2.031550398734862928e-01
2.016742640300717981e-01
2.010090186763268116e-01
1.992076125183984137e-01
2.052495694396949955e-01
2.011756452564320008e-01
1.960090311830486043e-01
2.035925716152658937e-01
2.032988104927898887e-01
2.029090170164961071e-01
2.004519400486793890e-01
2.002916386421360884e-01
1.995778369567577926e-01
2.025346054001375962e-01
2.002135177750948014e-01
1.996972846009597014e-01
2.038357460531486087e-01
2.011455364326583117e-01
1.992671929013243026e-01
2.035420497542322904e-01
2.017825604876496981e-01
2.014588307142536061e-01
2.001472824700090136e-01
2.041627061917357100e-01
2.021784197435066988e-01
1.990379356372390107e-01
2.046142572447509911e-01
2.027275772350073946e-01
2.053271898231988080e-01
2.023804338800936908e-01
2.059919733168827094e-01
2.017344843667057130e-01
2.071684349895492050e-01
2.065544283217471966e-01
2.072745277437507971e-01
2.066624730805214083e-01
2.051101410313999895e-01
2.010666986660784028e-01
2.035867671123769984e-01
2.064253369554407136e-01
2.069775638820413044e-01
2.065427267603754113e-01
2.073923787254043083e-01
2.052397101122603040e-01
2.067507830997621920e-01
2.073676066254012962e-01
2.074669283155504973e-01
2.130279919393034127e-01
2.059749742177054976e-01
2.074279533565971945e-01
2.111164661661840969e-01
2.102173549337467973e-01
2.116293137119154011e-01
2.137745895371286897e-01
2.129321429686132916e-01
2.113127491262306867e-01
2.176380912572127013e-01
2.116592953325519000e-01
2.125750536574974869e-01
2.169237863434058111e-01
2.141659555521006897e-01
2.165485837333969987e-01
2.152288450106072115e-01
2.199102689131527122e-01
2.164623220299563000e-01
2.213982424543801952e-01
2.215288898591875888e-01
2.194740860601930021e-01
2.235033685470514953e-01
2.215005964130843941e-01
2.206408984241992888e-01
2.236045651214398911e-01
2.232955103641705019e-01
2.236933518000140952e-01
