-8.942850850760101125e-12
-1.085456932911179617e+00
-2.000754986812264846e+01
-2.152563755345667218e+01
-3.141472823255384128e+00
1.921841149044029862e-01
1.924385447744768052e-01
1.929728318323701008e-01
1.915132141702033108e-01
1.920426995353844979e-01
1.912951905435041899e-01
1.897544497136474106e-01
1.906299909515322966e-01
1.936169296484900049e-01
1.907638797991828006e-01
1.924098290038729064e-01
1.924680125626526128e-01
1.924932202679048021e-01
1.911954213836923044e-01
1.938696393837502918e-01
1.921982579212583031e-01
1.932927401675567092e-01
1.926176751909395024e-01
1.940899388541025006e-01
1.927694647992500010e-01
1.926030755819498896e-01
1.917322083039071923e-01
1.942947782146788038e-01
1.941818781453140130e-01
1.936679553533215969e-01
1.939216945122211044e-01
1.943815321993067058e-01
1.948706294515399895e-01
1.947966287437228050e-01
1.955111736599536021e-01
1.929988035428313042e-01
1.959701447176349920e-01
1.944761600460390982e-01
1.957729358068102943e-01
1.967879001505697112e-01
1.962280137772214050e-01
1.972982478077809076e-01
1.984807519547550081e-01
1.973377336833855022e-01
1.965725150285975997e-01
1.946093810244028111e-01
1.969456485240355936e-01
1.990188057047481973e-01
1.947673827384809042e-01
1.958458596398713891e-01
2.003033627659427940e-01
1.956817230436694033e-01
2.003408345366657906e-01
1.993948466781831907e-01
1.981276461821326051e-01
1.952114230437083930e-01
1.970949302105574896e-01
1.949697522475906941e-01
1.995187417443778088e-01
1.906105288488137983e-01
2.018021038956132884e-01
1.976402715746976013e-01
1.991519690069299964e-01
1.990368471531314132e-01
2.012547986663243971e-01
1.979730664163832921e-01
2.000044508894099071e-01
1.970985884510471908e-01
2.020526475552930079e-01
2.007209639135686952e-01
2.012787471719210131e-01
1.988077619902030024e-01
2.015272815221365033e-01
2.030369759766303961e-01
2.010068199778614895e-01
2.033858882238883947e-01
1.999794604097916983e-01
1.993797069993379911e-01
1.982280815947622954e-01
2.035037525024870897e-01
2.012913429407756916e-01
1.964916449813619015e-01
2.033000822098849913e-01
2.027093196390724050e-01
1.992064361388810045e-01
2.054493262351977101e-01
2.000430930313659983e-01
2.081447637315479993e-01
2.056709004764167015e-01
2.054377997864050009e-01
2.058733046691758883e-01
2.071837039827371940e-01
2.102639623140503955e-01
2.069520998604340023e-01
2.081806637906777890e-01
2.088336930410532033e-01
2.017499419688114914e-01
2.083727728180181094e-01
2.110302600616444091e-01
2.088512326266981078e-01
2.108946171070830988e-01
2.082004355697844034e-01
2.108851734755916030e-01
2.128410486162360948e-01
2.078438350325768069e-01
2.078350000909141015e-01
2.069525678319169004e-01
2.138574552442956966e-01
2.121590722721563016e-01
2.123528256411165993e-01
2.113772172013917983e-01
2.169091754623385937e-01
2.140262663524001019e-01
2.135628401363927065e-01
2.133275119651719953e-01
2.107779709240132082e-01
2.165596687217561933e-01
2.086744675022846052e-01
2.142647105921302031e-01
2.120626173842743989e-01
2.119917705187688017e-01
2.120349246690061973e-01
2.093159753952957003e-01
2.118912265779203108e-01
2.093156015693150018e-01
2.130432985404561996e-01
2.113549182514997127e-01
2.128805965150918078e-01
2.212727822094567864e-01
2.122165306743848956e-01
2.156958895124652942e-01
2.121062539882871967e-01
2.120402797383880988e-01
2.160555056717611000e-01
2.089604214343865896e-01
2.170441993660675029e-01
2.085519609253493056e-01
2.146029237052461958e-01
2.138524794458427081e-01
2.158334275998705920e-01
2.155415792883476900e-01
2.083226985366767037e-01
2.158511490449480930e-01
2.105151171865604909e-01
2.133095846010528984e-01
2.165288592801357936e-01
2.224563492898357919e-01
2.114754393762061091e-01
2.160578648032427107e-01
2.190871879684649914e-01
2.112300448785776885e-01
2.157968568771274909e-01
2.094941343496523889e-01
2.163229186000049098e-01
2.187714425508129890e-01
2.142281541876557005e-01
2.165187992173586984e-01
2.220359787759269010e-01
2.201239376146219007e-01
2.154304638190477073e-01
2.248130906210953073e-01
2.178667595592206074e-01
2.225887641372996939e-01
2.203654130021240887e-01
2.184366083342980103e-01
2.201456013928516919e-01
2.263560906927674921e-01
2.227451679854683952e-01
2.243328823509050107e-01
2.234058467425462102e-01
2.275527691175374956e-01
2.192907421711164095e-01
2.279610288651033878e-01
2.273304561954243019e-01
2.256114535467882987e-01
2.270130347617491939e-01
2.280519105504245081e-01
2.253162814863673979e-01
2.290484361031998040e-01
2.340897343855077029e-01
2.345900286396873091e-01
2.314648644973961999e-01
2.294104497780982133e-01
2.328169894258216022e-01
2.353929044699596962e-01
2.392678767499800963e-01
2.353778106685157911e-01
2.365899725478257110e-01
2.364723105427140870e-01
2.387850921688056127e-01
2.385156234425304111e-01
2.397690776385723865e-01
2.411603110103580083e-01
2.441474692126751889e-01
2.413402868083769914e-01
2.450059867185926943e-01
2.465752282662974082e-01
2.451404538059019922e-01
2.485440599414761864e-01
2.570134921175117881e-01
2.564865464689639052e-01
2.513579097117135119e-01
2.548992333081362971e-01
2.563199781181180748e-01
2.556811532690370092e-01
2.561724675924444972e-01
2.580274495024464931e-01
2.570488447072302729e-01
2.564066289945959864e-01
2.613367666647422038e-01
2.676688296514108112e-01
2.644274468899814878e-01
2.685191776137063058e-01
2.647674499439509055e-01
2.699515287215437098e-01
2.761344721990023898e-01
2.777560374610091865e-01
2.796542055898583179e-01
2.775978809995732766e-01
2.789700544971716045e-01
2.827918454885565147e-01
2.905746353668235971e-01
2.935937632890612270e-01
2.876134612496514253e-01
2.895218314368093737e-01
2.959101638401637757e-01
2.987893843909782965e-01
2.971439534004798877e-01
3.071873034525842150e-01
3.108729537727282777e-01
3.086513590883580016e-01
3.108721042998541795e-01
3.178649098854540167e-01
3.193323767739267849e-01
3.271569723795045848e-01
3.322278970138625165e-01
3.343837592373620771e-01
3.422803260561970151e-01
3.385045246004919073e-01
3.482986357108637798e-01
3.538275875049374242e-01
3.540733988616462935e-01
3.524482959381033953e-01
3.524619522259364035e-01
3.584372843696562727e-01
3.583895359471800934e-01
3.629772425896438115e-01
3.695058135254405962e-01
3.684360031366137878e-01
3.705548577821279888e-01
3.741986480206632160e-01
3.815367930118060968e-01
3.767856251153310909e-01
3.841234718861485931e-01
3.864088282029807808e-01
3.939491019996024246e-01
3.870748570318710002e-01
3.922461385936714118e-01
3.978462364919400085e-01
4.003305170465468743e-01
4.071006370745599012e-01
4.123089050261498079e-01
4.171711354949764194e-01
4.233372596742305816e-01
4.261778433797493992e-01
4.248628803203837734e-01
4.250296020018107246e-01
4.215203370191332177e-01
4.212330033386904038e-01
4.196459966484993864e-01
4.219440344158855161e-01
4.226054689450945978e-01
4.176067373892721202e-01
4.185089343425130726e-01
4.167069636972361990e-01
4.120988661150217780e-01
4.106186882122720982e-01
4.118250465853884879e-01
4.122128517991615060e-01
4.095531518751041045e-01
4.088585954293377234e-01
4.045825382163522055e-01
4.053521654938062047e-01
4.043908446610107732e-01
4.079581795958435175e-01
4.059137343602446935e-01
4.060973684850219256e-01
3.973517654648119901e-01
4.023675177368468137e-01
4.039171154839704125e-01
4.033562272731361920e-01
3.984434220117907821e-01
3.999815955613442164e-01
3.969272335211316838e-01
3.969222972978646014e-01
4.002451673111747099e-01
4.022548732030339913e-01
3.950506729007355888e-01
4.018667081059958957e-01
3.971173939528390151e-01
3.966023630187429094e-01
3.960143630055986130e-01
3.963375644024665911e-01
3.922214144186056961e-01
3.899808623234705118e-01
3.908423067499833814e-01
3.879569040627566245e-01
3.898935706515107014e-01
3.882320455469103204e-01
3.801815780049407900e-01
3.863283581939758737e-01
3.847044277919524080e-01
3.781551787846729740e-01
3.768442358445130980e-01
3.773553996015686085e-01
3.769677117336557859e-01
3.732274110050631255e-01
3.732319412883058907e-01
3.661484372876803728e-01
3.665453730840250723e-01
3.605841434833497172e-01
3.551963737826686063e-01
3.564287428870436814e-01
3.537778278948801036e-01
3.509408651845701832e-01
3.492435285585913096e-01
3.493152909558592811e-01
3.447095442081040129e-01
3.443373299387370023e-01
3.425974464798173247e-01
3.408017055916495730e-01
3.398397618873768011e-01
3.346941091541100755e-01
3.342825953317011822e-01
3.311865238733002759e-01
3.307030491003581929e-01
3.303811251261893900e-01
3.258578764427780827e-01
3.264684652832364753e-01
3.227567681123544863e-01
3.233068144124506826e-01
3.228442719364503777e-01
3.227334928334738007e-01
3.211633667957550786e-01
3.148930306166872750e-01
3.173708882777618867e-01
3.128815131754763001e-01
3.137584813233960102e-01
3.148335020166205811e-01
3.095424072645712732e-01
3.121393336208116986e-01
3.042481886217465736e-01
3.084630131958939758e-01
3.086644395667442198e-01
3.031610837022220006e-01
3.027820249921402973e-01
2.993483041722218019e-01
2.979770003313063076e-01
2.961996324040997997e-01
2.922379387578085130e-01
2.895775148228491025e-01
2.906671812489313167e-01
2.833711291182067771e-01
2.833147061647888765e-01
2.800266827788003843e-01
2.727524918008155108e-01
2.776874901174004040e-01
2.723361163332475021e-01
2.683842636877464827e-01
2.686309100305160902e-01
2.676448438916735895e-01
2.665831089515228736e-01
2.618954671605077111e-01
2.583715797196088904e-01
2.628987424771517256e-01
2.566274801831959218e-01
2.529313530563855883e-01
2.528302325921411020e-01
2.522509045769452118e-01
2.550626476394107223e-01
2.480341130337057887e-01
2.537383066323887770e-01
2.462734614683204093e-01
2.457719844726447000e-01
2.426679127184871998e-01
2.433840797603973038e-01
2.395938695968437004e-01
2.409630025725305880e-01
2.349611643552015072e-01
2.332013477325811102e-01
2.285706414082792903e-01
2.321781217754932125e-01
2.380520971811075082e-01
2.312864713218840962e-01
2.297164897536549955e-01
2.302526097983040865e-01
2.293107744463120934e-01
2.292723365050189921e-01
2.321351279701757975e-01
2.247701036545164954e-01
2.181018974435081081e-01
2.251329898176084032e-01
2.217437508052262085e-01
2.234444430471231868e-01
2.213516528341752110e-01
2.232037940471182091e-01
2.153098253766022874e-01
2.191482426693678043e-01
2.160232107755377939e-01
2.180406875283233958e-01
2.161309667062571993e-01
2.187678382457775017e-01
2.175134846411203027e-01
2.170731320207552884e-01
2.143037916548068134e-01
2.066110965035314051e-01
2.134039472768503032e-01
2.127652750055996911e-01
2.136195735665346873e-01
2.113740437287021934e-01
2.086766652015785983e-01
2.082003724342137985e-01
2.074104742669442003e-01
2.051908393329424096e-01
2.096025355521274058e-01
2.084709723943727055e-01
2.112345069831534916e-01
2.060773236675992881e-01
2.104820168589719986e-01
2.046237637109487029e-01
2.075055895289074914e-01
2.083039818096850959e-01
2.069069747467502940e-01
2.032804955005138026e-01
2.023137065611267937e-01
2.011624203118100862e-01
2.030472018059120975e-01
2.011217815709595014e-01
2.043353861392145920e-01
2.024020374918691911e-01
2.017492682588901964e-01
2.032249270598356916e-01
2.011240944690041998e-01
2.010486745230647132e-01
2.012506877045900089e-01
1.972328548977655971e-01
2.022176841759807941e-01
2.016424149482506922e-01
1.991605986893560942e-01
2.000358754787804061e-01
1.996171296217648106e-01
2.009395307754466009e-01
2.017357384071410131e-01
2.009440049179654075e-01
2.006153000859438873e-01
1.962742452272870086e-01
2.005734435051148012e-01
1.994787249786477978e-01
1.980981621160025907e-01
1.980987447210595942e-01
1.991015018330981046e-01
1.994891921301178983e-01
1.991728176038344011e-01
1.993788040723918908e-01
2.003251142777180971e-01
1.951749632872641083e-01
1.991768528257588933e-01
1.998374970507668935e-01
1.975157253309633987e-01
1.981362642118446038e-01
1.949506473180384891e-01
1.985485468620767913e-01
1.951096895055547120e-01
1.983556024972633058e-01
1.957864941154187077e-01
1.970699435246489051e-01
1.990768971673448906e-01
2.003653054350258977e-01
1.954768609139727886e-01
1.993589201516831055e-01
1.998953309140505952e-01
1.981725020073190069e-01
1.973554560908269973e-01
1.996094929974256138e-01
1.975508879113528904e-01
1.985657564054492952e-01
1.965977174232005908e-01
1.999394711247919898e-01
1.993088088400284119e-01
1.977183888865262085e-01
2.016258755091945021e-01
2.005319224638502096e-01
1.985107494239226888e-01
2.017049865616999949e-01
2.007753256052982049e-01
2.000708631939719928e-01
1.995088360964916985e-01
1.998676027260073984e-01
2.008993714748540937e-01
1.989546392976450084e-01
1.959804367862910957e-01
1.978544308125284867e-01
1.977334348610698123e-01
1.974112883334550872e-01
1.986043565174464010e-01
1.989588201749195873e-01
1.975744450980382871e-01
1.980036228235040052e-01
1.977478840630715884e-01
1.960999975283320984e-01
1.967459629688106115e-01
1.958496367107432912e-01
1.966401845659775938e-01
1.959380938541503137e-01
1.947784474019099987e-01
1.959965445364865999e-01
1.940732619520419977e-01
1.954709772277603008e-01
1.951337434318621000e-01
1.962174489771661978e-01
1.941776138309974920e-01
1.935712037415897868e-01
1.947787523341343863e-01
1.946514309596333869e-01
1.923028833839079133e-01
1.947048616265663057e-01
1.912454579893934081e-01
1.934671707602763080e-01
1.941288748117225016e-01
1.945450884807886915e-01
1.948299835459794960e-01
1.934076436168362945e-01
1.929365159904886939e-01
1.916025336971498017e-01
1.929660622918878132e-01
1.921984367144279060e-01
1.930702638121924997e-01
1.898893899419666076e-01
1.919689265059257022e-01
1.916368272813283036e-01
1.911921144117353089e-01
1.903488653595568070e-01
1.923498290790162935e-01
1.909540693277990975e-01
1.930257807056509067e-01
1.919649117174062891e-01
1.927969772111388924e-01
1.926978103595864134e-01
1.926527460054462126e-01
1.926902915582515974e-01
1.912865159640017021e-01
1.911829603835678015e-01
1.927316331523311888e-01
1.928809347285097009e-01
1.921906212410678938e-01
1.927138548677294061e-01
1.904359054854735112e-01
1.919382753578134926e-01
1.918441470444569030e-01
1.895398277608373039e-01
1.910073982549322091e-01
1.897781077833070040e-01
1.890876738977743943e-01
1.916354937766771016e-01
1.908824433662759112e-01
1.906722974281075955e-01
1.923332406463149069e-01
1.924560209552264867e-01
1.915402963418632865e-01
1.905843708249163049e-01
1.916392282672473024e-01
1.920626826830570122e-01
1.924790647348808004e-01
1.923045334405437123e-01
1.918238832557755125e-01
1.914359219760791986e-01
1.927344155901304923e-01
1.933160420297442006e-01
1.927796140260462088e-01
1.894181534612615070e-01
1.891523455099977102e-01
1.914870435483854993e-01
1.898902906855338135e-01
1.914013302205037903e-01
1.916624104731640965e-01
1.929928123695333064e-01
1.915393237725308007e-01
1.904642230073944897e-01
1.908951815988607914e-01
1.878137225374963970e-01
1.922418114972385128e-01
1.920359571706418966e-01
1.924759665130900133e-01
1.898787415735327944e-01
1.916070082228215898e-01
1.896100586071116922e-01
1.899362822526751982e-01
1.908857321188630052e-01
1.896764332088970995e-01
1.922247749737709954e-01
1.922276538382015898e-01
1.918496937023730087e-01
1.900276015937882867e-01
1.916194873182305025e-01
1.920577101880747983e-01
1.931808690584481958e-01
1.931538836388060898e-01
1.922413800570247078e-01
1.925202642624997962e-01
1.902892119945084892e-01
1.909433441039569135e-01
1.914305444149768110e-01
1.909245555127420946e-01
1.928502087590978908e-01
1.935857275212556905e-01
1.926910023164490893e-01
1.924555464546645889e-01
1.890844158670277886e-01
1.925025896042441009e-01
1.931829003088658125e-01
1.938244612651290888e-01
1.924813659118647102e-01
1.932328120295634111e-01
1.905768695193096052e-01
1.928930758589569028e-01
1.929938569220072953e-01
1.933643827405044924e-01
1.937731248698930930e-01
1.920598974003910053e-01
1.925200900077984889e-01
1.908158102800791012e-01
1.934407228466472894e-01
1.944340984009794993e-01
1.939297589468539917e-01
1.929970957078462890e-01
1.937339769061476036e-01
1.952557717240931967e-01
1.915229349338584963e-01
1.950254348471912036e-01
1.944555100736534980e-01
1.954349013907581978e-01
1.944241199859741975e-01
1.964864819081960923e-01
1.960105298086086967e-01
1.943871451961718122e-01
1.975268456383361126e-01
1.940862391897696937e-01
1.963061208284055947e-01
1.946238559993407058e-01
1.944651129546866031e-01
1.956966126257355942e-01
1.945928180361679027e-01
1.959134098903393961e-01
1.984054701017088918e-01
1.964758089018626974e-01
1.973030259431446110e-01
1.967012131485176007e-01
1.991036272413098107e-01
1.970106043080986913e-01
1.956936384710425969e-01
1.956428925907081895e-01
1.994331479317361100e-01
2.007516354056939900e-01
2.000887071391928007e-01
2.004868493596503043e-01
1.989187814625947015e-01
1.971977173058692967e-01
1.996615115691315057e-01
2.007299807380872048e-01
2.001239991216023084e-01
2.009336686624370039e-01
1.971882717900168003e-01
2.017998807342371026e-01
1.998573915987585103e-01
2.020555924637169876e-01
2.017661780747478095e-01
2.024984327130991968e-01
2.043180007532686970e-01
2.024363302287970068e-01
2.020947838669966967e-01
2.045802970868625947e-01
2.025771703425230941e-01
2.057771524912010985e-01
2.053572972009199971e-01
2.032822185546052096e-01
2.082633382017873014e-01
2.061110455274691999e-01
2.066143751044091093e-01
1.998826052647718898e-01
2.103165588613913062e-01
2.095934502750795014e-01
2.133912172441576049e-01
2.117092002975194953e-01
2.103186634469446092e-01
2.113123503432594863e-01
2.094405783109518082e-01
2.116359117282547997e-01
2.138684810756648902e-01
2.119160972951044941e-01
2.128781756469219910e-01
2.143721445165480133e-01
2.153437705216852127e-01
2.153862401222254030e-01
2.195084226578898068e-01
2.164600238712879876e-01
2.192664420030359940e-01
2.217723342517960994e-01
2.210150332274609941e-01
2.218334700169043994e-01
2.190695211332044090e-01
2.235006483038619041e-01
2.248423590797959948e-01
2.253953575578075963e-01
2.233658954180859912e-01
2.271841098561626915e-01
2.237060322251271938e-01
2.262417514906789884e-01
2.312845780496496917e-01
2.276660461440548899e-01
2.308257953481031022e-01
2.255843363809620916e-01
2.329192772503743958e-01
2.316324838285402921e-01
2.324027207208760881e-01
2.316649504474382060e-01
2.323067974571901007e-01
2.354428419258411120e-01
2.328010296828242065e-01
2.351251413605250917e-01
2.316456123410784995e-01
2.329034872207401963e-01
2.285229149162036066e-01
2.240705516755366056e-01
2.234605598987935982e-01
2.325968132713052972e-01
2.277334222846217893e-01
2.270491807061237877e-01
2.281238174047605094e-01
2.262337418378884968e-01
2.274791250410009014e-01
2.262368242743671987e-01
2.253254329440511905e-01
2.273623505426640989e-01
2.242273302061562890e-01
2.221918323675126095e-01
2.257925992319732011e-01
2.254076418479656063e-01
2.194982398162819981e-01
2.201441338344753973e-01
2.166303446626335061e-01
2.111743384695017878e-01
2.226586889564673988e-01
2.158168944026211122e-01
2.196019831851404036e-01
2.230194276494998906e-01
2.178106940232754918e-01
2.104016443928725111e-01
2.169491832983780066e-01
2.119992777654866045e-01
2.158016067385948866e-01
2.166452678872926030e-01
2.138630901671784990e-01
2.113012162726289889e-01
2.144465757738958089e-01
2.150091380989654910e-01
2.098596549133381062e-01
2.075008685605428116e-01
2.210370605082183915e-01
2.165920548225460929e-01
2.076148460682696872e-01
2.127563260295760039e-01
2.115906093244707131e-01
2.097045254330590081e-01
2.094818839526697007e-01
2.120467550166413861e-01
2.118977592083917116e-01
2.104279598943440965e-01
2.085182728559722976e-01
2.135860074027690070e-01
2.114137235251392910e-01
2.156356007877170966e-01
2.081401179945820967e-01
2.089806904695576117e-01
2.138176267981364009e-01
2.091941704173937988e-01
2.124717205538033116e-01
2.076845488124912931e-01
2.116593564842075004e-01
2.120709839137930042e-01
2.091618315701133934e-01
2.080678886098606961e-01
2.119981859752337050e-01
2.075799560378291109e-01
2.102519532704240079e-01
2.098257786107609046e-01
2.124867908601947020e-01
2.117278888462610920e-01
2.083398795517003022e-01
2.139637715533863893e-01
2.073947114196545982e-01
2.062789786230612987e-01
2.103901224558945016e-01
2.120430446711701056e-01
2.092165415515692128e-01
2.123744425867143959e-01
2.111257830473345920e-01
2.146694045167197862e-01
2.115236640537974944e-01
2.066665205725247978e-01
2.151790005320388943e-01
2.112889365676949016e-01
2.078581046375141128e-01
2.116539914804903000e-01
2.098104456625090874e-01
2.143966742863746000e-01
2.149377569005236077e-01
2.169014660060953892e-01
2.115621464818490116e-01
2.164175285792726000e-01
2.181209603845009892e-01
2.191427587863488124e-01
2.172671072544825055e-01
2.174963481464252113e-01
2.183393547575032956e-01
2.205794873114441945e-01
2.187516072606563999e-01
2.205021354359711916e-01
2.210774287342542888e-01
2.217347664495044890e-01
2.243171496260208952e-01
2.226037972903039119e-01
2.196411726951326970e-01
2.271904740070783135e-01
2.272676861773234025e-01
2.242202907484885099e-01
2.238142621309781033e-01
2.239405117600447026e-01
2.265299824160920961e-01
2.245917270881828132e-01
2.231744423224533980e-01
2.265953585794895087e-01
2.279039391492442002e-01
2.286618439943612080e-01
2.296051923697257913e-01
2.328016704472921916e-01
2.342580273322923956e-01
2.359655529431751997e-01
2.345540283388030944e-01
2.379821087435103899e-01
2.310408197972435018e-01
2.385261896685940963e-01
2.345165209618441937e-01
2.372768601851079073e-01
2.359590997941979906e-01
2.358405479842735075e-01
2.336242939061504986e-01
2.308735655828250966e-01
2.372036895213756047e-01
2.272238680865245886e-01
2.307095150600073918e-01
2.272166778715846991e-01
2.306763446692947084e-01
2.309591976769941879e-01
2.258729273968005935e-01
2.275002477387927102e-01
2.268347917773390898e-01
2.283312999051541059e-01
2.224047644293281889e-01
2.227002619223502899e-01
2.234548538116531979e-01
2.204396069223379107e-01
2.238651417416968048e-01
2.227663505778917918e-01
2.141939826158764937e-01
2.209999127739163127e-01
2.186846848909405061e-01
2.183236773462849944e-01
2.195387067512352131e-01
2.185357522938208008e-01
2.122395994187804003e-01
2.153999573158431879e-01
2.118837521325641071e-01
2.157263681174370062e-01
2.164415522803782022e-01
2.123663096753040935e-01
2.166299703888829864e-01
2.092962019836764054e-01
2.085952395169033136e-01
2.145892211770027980e-01
2.088640332397301014e-01
2.102160298465748089e-01
2.108152786849376015e-01
2.055553444633310967e-01
2.072214150359892870e-01
2.048530485710257920e-01
2.088179387514642882e-01
2.129540602517571990e-01
2.141889201388368913e-01
2.075093441738835032e-01
2.037364273128025038e-01
2.070413848771346932e-01
2.108855876002206087e-01
2.119040569272150898e-01
2.100978053614979135e-01
2.065145350350073017e-01
2.064437810846712906e-01
2.025767080663559983e-01
2.089370382010569960e-01
2.050700683188146078e-01
2.034459715961114135e-01
2.056364829867380895e-01
2.034592666823679952e-01
2.028340310935161928e-01
2.045493552483425015e-01
2.057290095748934011e-01
2.010290378912341080e-01
2.031953400965622880e-01
2.063176396423254955e-01
2.037450600756642027e-01
2.054121866192631929e-01
2.070526794434444928e-01
2.052380656548757898e-01
2.006317229086455878e-01
2.061908075598707923e-01
2.012962920501434883e-01
2.041582146231573913e-01
2.045872279552362893e-01
2.037743937107105996e-01
2.005165898808166092e-01
2.062308583354592051e-01
2.052505889636979108e-01
1.953326260718938889e-01
2.004313088372204066e-01
2.082534293376135937e-01
2.067426016506979103e-01
2.076267151197583871e-01
2.057147761826655097e-01
2.021470035641625973e-01
2.077009364875203046e-01
2.027040140699588044e-01
2.062338497507535950e-01
2.029152790763066871e-01
2.035487111665914006e-01
2.049077376804797068e-01
2.035570195156655993e-01
1.994015465433914003e-01
1.961733464562843976e-01
1.997198353839569063e-01
2.034603699221257112e-01
2.031333136172699116e-01
2.003971791670615121e-01
2.003328781566880989e-01
2.004776793527902057e-01
2.030895417944617865e-01
1.991853805204749084e-01
2.018898912332575124e-01
2.017931268444919934e-01
2.005715120461699918e-01
2.004945335064342027e-01
2.011473700078645899e-01
1.987838648705355926e-01
2.014303243182135050e-01
1.967552570389733968e-01
1.959415313350298948e-01
1.976868210278147076e-01
1.932868050882992073e-01
1.946933353361058050e-01
2.014372897452043065e-01
2.008407065917522938e-01
1.992606576870210033e-01
1.953383345138356986e-01
1.989394001086534913e-01
1.962398552735279966e-01
1.955660679666527957e-01
1.960975322365841045e-01
1.989052317673669912e-01
1.961510807320887007e-01
1.965258561014472105e-01
1.979043349510541117e-01
1.953941513393706031e-01
1.978448694582665979e-01
1.960292402949785073e-01
1.936108136094328025e-01
1.960925271264533920e-01
1.966800997122830075e-01
1.959889174150127034e-01
1.948937367567523116e-01
1.945138254089930907e-01
1.941906444828271905e-01
1.924836721578462029e-01
1.938523692270582022e-01
1.966384409132080902e-01
1.945874569908777885e-01
1.937814065991468049e-01
1.948329735436825083e-01
1.936440541013108030e-01
1.940985200983471048e-01
1.944588769740764056e-01
1.932959384766674005e-01
1.951204462830762876e-01
1.925261463003793139e-01
1.919178699352802053e-01
1.937467686921746923e-01
1.943298949347410098e-01
1.913674035373456872e-01
1.911233905484421014e-01
1.936716390177513902e-01
1.929734837844498951e-01
1.918467548099183073e-01
1.909435565235521048e-01
1.945088443024050040e-01
1.938387837303406080e-01
1.923540896721369076e-01
1.925181642671081883e-01
1.913093029485437024e-01
1.928217814893646020e-01
1.916577796529032873e-01
1.922626653855550038e-01
1.922181819322333063e-01
1.909500620889287015e-01
1.932572682457117108e-01
1.910389524988563015e-01
1.920500929173838967e-01
1.916924085400796007e-01
1.924826469531988049e-01
1.912424885719881118e-01
1.934424904985571902e-01
1.921258919680814969e-01
1.913401944613850048e-01
1.919226047543106939e-01
1.916633578610232869e-01
1.898527949661535930e-01
1.896492977722759044e-01
1.925727515134391943e-01
1.924068010025412889e-01
1.916969792508770865e-01
1.913394950029755071e-01
1.929326145786471880e-01
1.909558088284631916e-01
1.920043992013014955e-01
1.923759030089045863e-01
1.928779223599104975e-01
1.911525894709072970e-01
1.926771190404832912e-01
1.924791534551222039e-01
1.938568795371508890e-01
1.925075198553523048e-01
1.917089207041949017e-01
1.921852552644106871e-01
1.914012561808844104e-01
1.911539145804971862e-01
1.907565098832615935e-01
1.922545140545476039e-01
1.912756470133034070e-01
1.932993890361144884e-01
1.920165212803157939e-01
1.895298542744195958e-01
1.920286033708260010e-01
1.913870400949473916e-01
1.935464002703997932e-01
1.915599799799496128e-01
1.929526670413500011e-01
1.908655709072887008e-01
1.920347004080729947e-01
1.903959870471781946e-01
1.924207974723307901e-01
1.906281580271808884e-01
1.899870616737235895e-01
1.902950623551473985e-01
1.928732821210445980e-01
1.922261928332467118e-01
1.910520481734390985e-01
1.916448996629626089e-01
1.902178709604948059e-01
1.921899514749252913e-01
1.906546658286057960e-01
1.921524367477727979e-01
1.924734659466529885e-01
1.915283455326088902e-01
1.918255922517874967e-01
1.915344314352946942e-01
1.919620342307838123e-01
1.922328472942382016e-01
1.915538838855206927e-01
1.920109233335446086e-01
