-9.473458963907803354e-12
-1.124734631942217566e+00
-1.923523328484784756e+01
-2.218474690592789145e+01
-3.141288855452720963e+00
2.179796122347343046e-01
2.245406917190690133e-01
2.236887073738977882e-01
2.205345345606672947e-01
2.279964702358338036e-01
2.255077557450587133e-01
2.290425775830119970e-01
2.263055270770318872e-01
2.269500967072596020e-01
2.257512918935624113e-01
2.323461760382108110e-01
2.307275542059948059e-01
2.357989136938554997e-01
2.342959721492209046e-01
2.288951850747024952e-01
2.316458984996613013e-01
2.337823889796948051e-01
2.345085679743645901e-01
2.331035945573075030e-01
2.349884025490742989e-01
2.337862049131524123e-01
2.355178903013117053e-01
2.356030011739345120e-01
2.337995259367099954e-01
2.351287145607665052e-01
2.373119989710026911e-01
2.357538791798673983e-01
2.347560417400423871e-01
2.351217635597531996e-01
2.372011769974426976e-01
2.385001573965405963e-01
2.351658682018137048e-01
2.377925698169650881e-01
2.365451390686429123e-01
2.370066829420001131e-01
2.390273751279755887e-01
2.402719142644277883e-01
2.352305139175586979e-01
2.386034898787074976e-01
2.384524132610084113e-01
2.388491689628421122e-01
2.390203391904320018e-01
2.369964688408240927e-01
2.413507180814880027e-01
2.366359326872649049e-01
2.404794192912765027e-01
2.416852225674124000e-01
2.450756805119566895e-01
2.406886549518895968e-01
2.421216536678187092e-01
2.395713009178168929e-01
2.451849697181399945e-01
2.385832433309061917e-01
2.444147097347665054e-01
2.413910483165553900e-01
2.398641224029259000e-01
2.397871690128940136e-01
2.411614937286460092e-01
2.450946627585103010e-01
2.459208290497597038e-01
2.426943604797731913e-01
2.482349877917421899e-01
2.465021192774335956e-01
2.456545519368270036e-01
2.484736352501326073e-01
2.481661149883228057e-01
2.503886947078953762e-01
2.469501241731835994e-01
2.530520953418722852e-01
2.480725561420215053e-01
2.479023356527723099e-01
2.504706182217512067e-01
2.463638350139447930e-01
2.515378167647879804e-01
2.504040578922684945e-01
2.521296933095932835e-01
2.521081202946288125e-01
2.531144210529446825e-01
2.538381438377976806e-01
2.560119605485798866e-01
2.572977953401969220e-01
2.564459779556241270e-01
2.575327390487502921e-01
2.568455837827450239e-01
2.571460230410516079e-01
2.587787413910853096e-01
2.581050267076051008e-01
2.606367238264524766e-01
2.613933957211119763e-01
2.615350782777713934e-01
2.622725163255366088e-01
2.626258133268404849e-01
2.631381520149105868e-01
2.607510552126399150e-01
2.625829009066029118e-01
2.625359208203869033e-01
2.644984266251440008e-01
2.654453399216151199e-01
2.687344822236178987e-01
2.667993456060703816e-01
2.694613045217881253e-01
2.685629967553753161e-01
2.692057932742504822e-01
2.674843416251634909e-01
2.674564006464777988e-01
2.706535422782391787e-01
2.725580323617803891e-01
2.744040850879440052e-01
2.747037243588382749e-01
2.735302171062409804e-01
2.789185894303131130e-01
2.771073858756347152e-01
2.782213846213476005e-01
2.817664933377145853e-01
2.806886942787227834e-01
2.811539629470181101e-01
2.844343199847049752e-01
2.863544882660893909e-01
2.885179734317919742e-01
2.889326885448244009e-01
2.888920951305555263e-01
2.917302107214718165e-01
2.916947926198659169e-01
2.928956826984990269e-01
2.917481380300644966e-01
2.967951250967814092e-01
2.969482634434196799e-01
2.982403204971174060e-01
3.019605830909107835e-01
3.004735548227984165e-01
3.065153227771774125e-01
3.054028574796164852e-01
3.081100143288157955e-01
3.093101771783073883e-01
3.108162650478791811e-01
3.152687837923581760e-01
3.160007683769892051e-01
3.182917304783154933e-01
3.219099594910849738e-01
3.214856184209196055e-01
3.225862269130755910e-01
3.272759936723779739e-01
3.277693301405031900e-01
3.264406744462671206e-01
3.306129635626525731e-01
3.291106615348715070e-01
3.246223017854428239e-01
3.247278955957046964e-01
3.223736550032950121e-01
3.204786497050582939e-01
3.241976591052792012e-01
3.258809564204434017e-01
3.221952666484882988e-01
3.159934472502005098e-01
3.154077295096907041e-01
3.140333606540900990e-01
3.124933680666457936e-01
3.174343855074419074e-01
3.171696392637298745e-01
3.100806341453207771e-01
3.128741813979505904e-01
3.120979456902769900e-01
3.140217370739398772e-01
3.104302315208893881e-01
3.064091414185964868e-01
3.074557458490349005e-01
3.095943402581503023e-01
3.122318675699142787e-01
3.081302706239756883e-01
3.043379976663537212e-01
3.029786153004950799e-01
3.043125472241314800e-01
3.047048833777760146e-01
3.072222617743353146e-01
3.046579068061608941e-01
3.032774069175316889e-01
3.089786874640069736e-01
3.036983301568043081e-01
3.053786878735278987e-01
3.010371892865256749e-01
3.016729210390766136e-01
3.012575545801132737e-01
3.002265918408574819e-01
3.034903337733947937e-01
3.008195498075804108e-01
3.001222249090599870e-01
2.987192575694110896e-01
3.015099628960529743e-01
3.018160678172914779e-01
2.949452633654151001e-01
2.944884110887485140e-01
3.014405140905329072e-01
3.013056953974189156e-01
2.957819695717958108e-01
2.953731929053436955e-01
2.981851218846139906e-01
3.005522484388706839e-01
3.009013310260212903e-01
2.973155341684474151e-01
3.008648060681710090e-01
2.981347974920391941e-01
2.985451246136099912e-01
2.992521517702734779e-01
2.976793449023308891e-01
2.993326841841129071e-01
2.971368669896951031e-01
2.979398307274696012e-01
2.995114392016757221e-01
3.004609653671324043e-01
2.985415172313430898e-01
2.997258598415439845e-01
2.990623831291652768e-01
3.001251325500077782e-01
3.016162075985833746e-01
2.984248109588985010e-01
2.973263562562077911e-01
3.007684718730209150e-01
2.987268314788495971e-01
3.041222188015165750e-01
3.043634975684831878e-01
2.985730990479733005e-01
3.045528592716519878e-01
3.076602877883243825e-01
2.986313986072117177e-01
3.055285076394905763e-01
3.053909979005852149e-01
3.052628406835993236e-01
3.026482571138011113e-01
3.042132803602515811e-01
3.038303940905411893e-01
3.066705501362075870e-01
3.084162146502062996e-01
3.087630561625153147e-01
3.124365897201655251e-01
3.117095184263778962e-01
3.137102349278387270e-01
3.115846737071383266e-01
3.144915457675550030e-01
3.083849939882749025e-01
3.108237339416307088e-01
3.155191094796738760e-01
3.116317386542516998e-01
3.166485285866353916e-01
3.167138714226250817e-01
3.203389777893765888e-01
3.170006873209926246e-01
3.150556873953949122e-01
3.240791649570498034e-01
3.244862605290065871e-01
3.246963912371028105e-01
3.198290409361332909e-01
3.256764058856528865e-01
3.257722531608250871e-01
3.242756133239552141e-01
3.294806658087999218e-01
3.315394128562387799e-01
3.300823017861093112e-01
3.316545154892843739e-01
3.338225939329916847e-01
3.398283509783435741e-01
3.389522399896798821e-01
3.411468765422508986e-01
3.429644675860639147e-01
3.419680298091833937e-01
3.402414239400514129e-01
3.469725444220685961e-01
3.456131802439268985e-01
3.440152243511055974e-01
3.399264934933958204e-01
3.379333219241970054e-01
3.392247084162363091e-01
3.390026360794659022e-01
3.353590464425519890e-01
3.284462118608620917e-01
3.368413006206498750e-01
3.309389333390957977e-01
3.324271164735317918e-01
3.280629068709424723e-01
3.282675032555917860e-01
3.255665927822538053e-01
3.227044732649279046e-01
3.217550216066136781e-01
3.266440674954109724e-01
3.216885156966414194e-01
3.243602679102420838e-01
3.222703147936828993e-01
3.186338920206828740e-01
3.191826799075122012e-01
3.191557042842170788e-01
3.133637744745453868e-01
3.209442022483189882e-01
3.187835461220064892e-01
3.164890897210858034e-01
3.103957645879418803e-01
3.167765260094279056e-01
3.175175870291895852e-01
3.145309198225361147e-01
3.129209663559613941e-01
3.112223596500170997e-01
3.148996423588542037e-01
3.060686384361335222e-01
3.114382302747654152e-01
3.133762359064103942e-01
3.092646719560843138e-01
3.125264520881164132e-01
3.122749571886325737e-01
3.107318943995335259e-01
3.099751866942063727e-01
3.092209979948472021e-01
3.099979454985649086e-01
3.095564097123991165e-01
3.078083221783322054e-01
3.077339497891731779e-01
3.085771629826724038e-01
3.079723064942651023e-01
3.029497883940576730e-01
3.079428205831906129e-01
3.060114907507300863e-01
3.035538334786385128e-01
3.042949115084561118e-01
3.034768138164304907e-01
3.047387641858457785e-01
3.117016949843989249e-01
3.047563773063846071e-01
3.097484969926561083e-01
3.003004075581365839e-01
3.101186744725303868e-01
3.085259127709307769e-01
3.058234237137664735e-01
3.080972347023804847e-01
3.061871607839058984e-01
3.036108685297675969e-01
3.086082801906485096e-01
3.061818383706474966e-01
3.098969832571241145e-01
3.063650920608245731e-01
3.054408826368287255e-01
3.052648856041270120e-01
3.072879097689549810e-01
3.052777989096016054e-01
3.120364783585629076e-01
3.071679647770850785e-01
3.126785478497217108e-01
3.106667853095541054e-01
3.091817357026067081e-01
3.081500841934475821e-01
3.104336424866460109e-01
3.081483708582838932e-01
3.077934633384964980e-01
3.102963047722391843e-01
3.141146934494010723e-01
3.082237889925926733e-01
3.098270264836464061e-01
3.124068895112934729e-01
3.116013713921346739e-01
3.125014974993727823e-01
3.158607925727096033e-01
3.180117788839068038e-01
3.120099825470515897e-01
3.118654369486451028e-01
3.176873363395810723e-01
3.178890317010475974e-01
3.198742519694038888e-01
3.199481438206228101e-01
3.188549217500303845e-01
3.195853439864831946e-01
3.192062339352456091e-01
3.200921398597991741e-01
3.212501825894836793e-01
3.202256990573477125e-01
3.231383774722199065e-01
3.248241846282174938e-01
3.283645465744391978e-01
3.218543656981953105e-01
3.282280588187300729e-01
3.254540716073983098e-01
3.219268239200003823e-01
3.281886576948522261e-01
3.213020404819084130e-01
3.243584431039068794e-01
3.223492892692476075e-01
3.267037227150391132e-01
3.273410584998375783e-01
3.226004625474778731e-01
3.153376022452383798e-01
3.141279947440622222e-01
3.152980200107630138e-01
3.160135552473583020e-01
3.152162973630008858e-01
3.175389888051182163e-01
3.208644561977969101e-01
3.086140230267033213e-01
3.106139323569713784e-01
3.119650126499359244e-01
3.134714275666508065e-01
3.067943512856233235e-01
3.070084594856195004e-01
3.106202692122639886e-01
3.106768013617536850e-01
3.134397166520231925e-01
3.052456990970858763e-01
3.093584950658667121e-01
3.052511325936301811e-01
3.039849107446013221e-01
3.056451523893788935e-01
3.077391107486144861e-01
3.031577173999980834e-01
3.057688568145445207e-01
3.022013163168635885e-01
3.064125490048251188e-01
3.034453696218477048e-01
3.069761915375506800e-01
3.037581355845525022e-01
3.002271134850624246e-01
3.037796491438167767e-01
3.009760858375264969e-01
3.028790325652839788e-01
2.977192893462173862e-01
2.994437217504180015e-01
3.012949700729237179e-01
2.999028862678780882e-01
3.040284435476253155e-01
3.074805263459391980e-01
3.025929352552583218e-01
2.991830076613816725e-01
3.083838662683834886e-01
2.998514839746010963e-01
3.008648661924265832e-01
2.974895808202849823e-01
2.997456468984794897e-01
3.009497575099959188e-01
3.027698478958533168e-01
3.041928258653029959e-01
3.024197593201753964e-01
3.013135266523301881e-01
3.047712658645789219e-01
3.016035162287478144e-01
2.989067615622286733e-01
2.972390907686394135e-01
3.002541913081746006e-01
2.982513027487113111e-01
3.037761416635529899e-01
3.040547573945519000e-01
2.999644755684034991e-01
3.102364020496770070e-01
3.046849129358092934e-01
3.028759430340102754e-01
3.027944612917867206e-01
3.081347396335665789e-01
3.069736147961421024e-01
3.064539699244320792e-01
3.099495740759439788e-01
3.028346853956216944e-01
3.067950536183708943e-01
3.066079189506897840e-01
3.064216436337672267e-01
3.019818818905459223e-01
3.028436642397738798e-01
3.019703714273569983e-01
2.995182990604796092e-01
2.956017477060211007e-01
2.999156888686185796e-01
2.999335815361470203e-01
2.996569885671535038e-01
2.948329248114162082e-01
2.940196013865462032e-01
2.950553779194841075e-01
2.979340203325281933e-01
2.932247500684165842e-01
2.946239113440234925e-01
2.912900419083082060e-01
2.882702606402166023e-01
2.894549707107079151e-01
2.926088464828783819e-01
2.934177715770915906e-01
2.877392428370301736e-01
2.926385537507315004e-01
2.911288939608798754e-01
2.878533844021196053e-01
2.892789142139547964e-01
2.890797802724398013e-01
2.884715919793344741e-01
2.881546091646631780e-01
2.857258255675220737e-01
2.865874013883972227e-01
2.856878689440405794e-01
2.832590999714936220e-01
2.845275328366527190e-01
2.825809900833807786e-01
2.800379450399136938e-01
2.817086031574275728e-01
2.830429222995105021e-01
2.846696146127513094e-01
2.806759817050681893e-01
2.829298074993861767e-01
2.850694381204192940e-01
2.801571087553347827e-01
2.774003924047994118e-01
2.801537924591501749e-01
2.811050750453011893e-01
2.786504567714572778e-01
2.768925083751067051e-01
2.814514258672263791e-01
2.793576406625635777e-01
2.761874639817958887e-01
2.811175104058584728e-01
2.808330405443295041e-01
2.819282213614343058e-01
2.827321086432165731e-01
2.786011603954151039e-01
2.765583582331287982e-01
2.789856736222715017e-01
2.782752186224093927e-01
2.759037404198115828e-01
2.813275808216537111e-01
2.765665857711149256e-01
2.792197565044112206e-01
2.782251472179360086e-01
2.754644345022558838e-01
2.781022201497280744e-01
2.767563940046899873e-01
2.778548107274858014e-01
2.723096622358284757e-01
2.760922586104510024e-01
2.771194702761266004e-01
2.768733139811496158e-01
2.764854979055748063e-01
2.759269517769772917e-01
2.761014463307607247e-01
2.718476375882510898e-01
2.733605416983326264e-01
2.762091438321599979e-01
2.768521402360294981e-01
2.771051923380886128e-01
2.757411606239175139e-01
2.771884423825131116e-01
2.754161350998768909e-01
2.763236618898746166e-01
2.770869547368075003e-01
2.756550396602092112e-01
2.745627510111122160e-01
2.757784962073182022e-01
2.746458691088687898e-01
2.779026637338166128e-01
2.759340110627339082e-01
2.736356945360183257e-01
2.764863106803582271e-01
2.735732691642644987e-01
2.762487601815786786e-01
2.759112193901628873e-01
2.791746067158912825e-01
2.749091866363804759e-01
2.783394275586916766e-01
2.739950518218288167e-01
2.792253031870832181e-01
2.757623933758115986e-01
2.780585214296608099e-01
2.808342186619308123e-01
2.760698204100888731e-01
2.773177923030999970e-01
2.736585096033012920e-01
2.745350139602426021e-01
2.797332234984126198e-01
2.766891045367453894e-01
2.807246346317712193e-01
2.802407951721652135e-01
2.786847097387780137e-01
2.783023324423665179e-01
2.769961112035224104e-01
2.802791826179664159e-01
2.783007436295598103e-01
2.782186378496503965e-01
2.798205787459699945e-01
2.826444456278845996e-01
2.827747923268114083e-01
2.797635286246011876e-01
2.806230470349895811e-01
2.816188826411666901e-01
2.818675511496436248e-01
2.783895855948469999e-01
2.795069560026364752e-01
2.832334589721404727e-01
2.815851577595552824e-01
2.859697685599131844e-01
2.841340889047490048e-01
2.853705077917199073e-01
2.838527920450066855e-01
2.828091460812064972e-01
2.833073683987764046e-01
2.845701704709647784e-01
2.836713975241167973e-01
2.878022958887707095e-01
2.882263995150475822e-01
2.895980662241396941e-01
2.908491263472418042e-01
2.874888479595718027e-01
2.883310625578667796e-01
2.910419274584785110e-01
2.899202340352109997e-01
2.926424872531639965e-01
2.893462560676524076e-01
2.912390890180872050e-01
2.923296943998692776e-01
2.912774932721896026e-01
2.957357465772810778e-01
2.965155105850931783e-01
2.917549153959331232e-01
2.929221680071010803e-01
2.942456268693992016e-01
2.999269548820289732e-01
3.009168972915778895e-01
3.019313431710374251e-01
3.005945670090250932e-01
3.004604534316422937e-01
3.028644621076367893e-01
3.043801555475146858e-01
3.036269432220917164e-01
2.996095197033767921e-01
3.049815099496481774e-01
3.018736753415883767e-01
3.085346882942635038e-01
3.084747374883354820e-01
3.112803751672025832e-01
3.133909753522282071e-01
3.143036842514915774e-01
3.108893765535943876e-01
3.143153436131894130e-01
3.156321716344426820e-01
3.149672751868405896e-01
3.128096617751819908e-01
3.166854099841204251e-01
3.158636363760630728e-01
3.175481876762570876e-01
3.202318036596689121e-01
3.211847623262840123e-01
3.175150133595803781e-01
3.186123637226028205e-01
3.212931630704036201e-01
3.245502095023370948e-01
3.255995948188707967e-01
3.226303114029441255e-01
3.267213986133192805e-01
3.297531165735259062e-01
3.289093921442421964e-01
3.264370102724529765e-01
3.303113500329626917e-01
3.256558113275359045e-01
3.292559674243367152e-01
3.291382441553148963e-01
3.321614911565085038e-01
3.300270240454878934e-01
3.273181873096496775e-01
3.290392733180522167e-01
3.296987730871431821e-01
3.281858682231189039e-01
3.230313797382979857e-01
3.261876911918488164e-01
3.214401000716599066e-01
3.214319097553540727e-01
3.250303774632961051e-01
3.207269797031648273e-01
3.238239324713964029e-01
3.196918021523720843e-01
3.222749786600264121e-01
3.204979328344059741e-01
3.194448918961700912e-01
3.244847999546593975e-01
3.188996210173264956e-01
3.142319262986669748e-01
3.197518956642196875e-01
3.183019979905892249e-01
3.178768559524499104e-01
3.104281922133262928e-01
3.150965483965408875e-01
3.166566365068826938e-01
3.179054403914594040e-01
3.152634377633735108e-01
3.166178748283490774e-01
3.160543420590263830e-01
3.144190703644880736e-01
3.151066595099258905e-01
3.135575339992969779e-01
3.162919772589117828e-01
3.123827417940385764e-01
3.134137406215997124e-01
3.132581719439864187e-01
3.131319737579030815e-01
3.146162486226299904e-01
3.120262018637126045e-01
3.139975853088665114e-01
3.176678636692313873e-01
3.110347877976302744e-01
3.127730406543072772e-01
3.125437767163211089e-01
3.128044901557114899e-01
3.155913227836044110e-01
3.084570925222085980e-01
3.192168576432889981e-01
3.146736281247725087e-01
3.159115610759951065e-01
3.092468650545511788e-01
3.124681616528175998e-01
3.136882925974051051e-01
3.124238622524780906e-01
3.105296993420951779e-01
3.177174522568989024e-01
3.118783574991499941e-01
3.175437043771929257e-01
3.162924517752443987e-01
3.158937317136356060e-01
3.114674721542843860e-01
3.135212156498153879e-01
3.148950329985183982e-01
3.169376922147031928e-01
3.173549911511381882e-01
3.177934034417109754e-01
3.102901042281789867e-01
3.184632210428255950e-01
3.105809782704965771e-01
3.212560140716942958e-01
3.171563514858770083e-01
3.193721684541461214e-01
3.214331816636680772e-01
3.170106950777027977e-01
3.156951031630602089e-01
3.174506097202007271e-01
3.177856921379574873e-01
3.113940545467894228e-01
3.159339633345961129e-01
3.161165589894753825e-01
3.173991364436669071e-01
3.139314050971396819e-01
3.136322574584757827e-01
3.141656232837173879e-01
3.055193640362899865e-01
3.111019992032487136e-01
3.108010171516484843e-01
3.123993273755756861e-01
3.088748765919475114e-01
3.087435168753984160e-01
3.108205783550794243e-01
3.029915278983473237e-01
3.070899664075896762e-01
3.063706111703802804e-01
3.100453008612986117e-01
3.026677167163600024e-01
3.102237358291169977e-01
3.093232633005414955e-01
3.052824040920669169e-01
2.995247410753648087e-01
3.033335108335696861e-01
3.078376564012179073e-01
3.033071613567643876e-01
3.038469550626600735e-01
3.050247730046616867e-01
3.046797906738002992e-01
3.023109840431092987e-01
3.021154924819084986e-01
3.000312107970223852e-01
3.036499943535485024e-01
3.098972244724909064e-01
3.008814410226837155e-01
3.007765599932689105e-01
2.940779296631942930e-01
2.987665987587875827e-01
2.985685613314207898e-01
3.043331988784119257e-01
3.011838244686959043e-01
2.996204629378287909e-01
2.977234300503400766e-01
3.009524139831303846e-01
3.045844902719959113e-01
3.013507420077761734e-01
3.040475753159583849e-01
2.969513290367313818e-01
3.016515869817973927e-01
2.976657682020324991e-01
3.052254520217227984e-01
3.013358387154824736e-01
2.990733201170461819e-01
3.047752837208645982e-01
2.989316942724420945e-01
3.014881992014322165e-01
3.031703147355326866e-01
3.048508612722845013e-01
3.047333798687743012e-01
3.070768949220687993e-01
3.017621986841400039e-01
3.021925616782886737e-01
3.053175495702931119e-01
3.079649149093570126e-01
3.061627477115758111e-01
3.008571640715881901e-01
3.070748042078009776e-01
3.046487378139975943e-01
3.043206751104783891e-01
3.105867947040263921e-01
3.081846176969045836e-01
3.113070378600075738e-01
3.046666260383750768e-01
3.084984270537654005e-01
3.150156783287040851e-01
3.109738996300255853e-01
3.140739402861492113e-01
3.136333477968561989e-01
3.163278327772707232e-01
3.093464365497501922e-01
3.128004049079156079e-01
3.162419540116016003e-01
3.193525347800871272e-01
3.135362825370489048e-01
3.172911658866541806e-01
3.250649565154806742e-01
3.286970393728795847e-01
3.202591849813216096e-01
3.253969795800202847e-01
3.236254011096079131e-01
3.234019128865301962e-01
3.250181557234275154e-01
3.212940760891285219e-01
3.220762417200309091e-01
3.213304328043034008e-01
3.186583833561096868e-01
3.198685228190151775e-01
3.154003703796303126e-01
3.178876975598546872e-01
3.175019863705422773e-01
3.151604857193374132e-01
3.129782211973143879e-01
3.151915037711455758e-01
3.138014802024843841e-01
3.137620297903970790e-01
3.130038712190895134e-01
3.109552901982791107e-01
3.107671365014780807e-01
3.100298598330237798e-01
3.098467042040402020e-01
3.092781075343307151e-01
3.091775887732577943e-01
3.085542992100960835e-01
3.058228958408101827e-01
3.058400906768197758e-01
3.067130235934266147e-01
3.061603762806234807e-01
3.032569088061690121e-01
3.053427163535799016e-01
3.043560956202538970e-01
3.027122052385282092e-01
3.052334891485614099e-01
3.050105236384583751e-01
3.047620366113191759e-01
3.007089730425653862e-01
3.028465997770249940e-01
2.990365897740946965e-01
3.044169959320859875e-01
3.016524401415828782e-01
3.003011807128174726e-01
3.014421413597179744e-01
3.015345022915023043e-01
3.025630043892212906e-01
3.031346137169642074e-01
2.999096123289977101e-01
3.009267424963775750e-01
3.014923049604811833e-01
2.998871441487868106e-01
3.026253402617907762e-01
3.003049634331075857e-01
3.021972839192321736e-01
3.030266497660736857e-01
3.019295002698672015e-01
3.021310995803166977e-01
3.024484502807044950e-01
3.022486159255979854e-01
3.029158139764162039e-01
3.010992413308009041e-01
3.008245460729256915e-01
3.030538527992114872e-01
3.020265699977227047e-01
3.031914394105488797e-01
3.050386890139497043e-01
3.010000748888366218e-01
3.028328468707222054e-01
3.028671771064878060e-01
3.018100746562842884e-01
3.038604011530083859e-01
3.050931560564409950e-01
3.047374028466375839e-01
3.042065992254919804e-01
3.027047048619789793e-01
3.030314412093467191e-01
3.010628808618426855e-01
2.969024578225251121e-01
2.937521688808530929e-01
2.927496743593265838e-01
2.882470597126629008e-01
2.929240293143257068e-01
2.895588592710754972e-01
2.887393029032161995e-01
2.840522427468605837e-01
2.801255158334419182e-01
2.817407207091933152e-01
2.775711147595564809e-01
2.759644526988970781e-01
2.760371264940794100e-01
2.742420534865810944e-01
2.688342564934692036e-01
2.706319236302264786e-01
2.674989584454532943e-01
2.635778668664404134e-01
2.629474126646750842e-01
2.594613912501650965e-01
2.605403787007605221e-01
2.549190788754071013e-01
2.572198265117711102e-01
2.507415698761878975e-01
2.543686177388714276e-01
2.516355398518703157e-01
2.499322218632958059e-01
2.495331781554923911e-01
2.469878970015519093e-01
2.455048568788603947e-01
2.460984182616340887e-01
2.455755368389803961e-01
2.373207635784791991e-01
2.404891047878685018e-01
2.349318337923743116e-01
2.368933784751464933e-01
2.375190428710003965e-01
2.339364739318151865e-01
2.377423860746596951e-01
2.362466723118364920e-01
2.345132154830285864e-01
2.334746534276470054e-01
2.315312067525150119e-01
2.329899442226583128e-01
2.259576879824516105e-01
2.294594160314480102e-01
2.256666686319397930e-01
2.279535676511796061e-01
2.248762571836581126e-01
2.239174702004936013e-01
2.251747500400652913e-01
2.228659088983585002e-01
2.208956402268562880e-01
2.237975445597530089e-01
2.186023607825179904e-01
2.177660363711647895e-01
2.206660300930665952e-01
2.119992959105438945e-01
2.138297426475433971e-01
2.132011868319285963e-01
2.160442147987902961e-01
2.170512023444846061e-01
2.139265293493194109e-01
2.159545229984781989e-01
2.127870422144970963e-01
2.136637438387523902e-01
2.150339099128888987e-01
2.132398797183067130e-01
2.092227432861689107e-01
2.103601827202956909e-01
2.109711910027564918e-01
2.105418705221072107e-01
2.118923421549294972e-01
2.087688000857101933e-01
2.132076607432631110e-01
2.102288800948730885e-01
2.092538502311288018e-01
2.071435396757466962e-01
2.073848418214981892e-01
2.070420208833491926e-01
2.078266472796403974e-01
2.116456866134648895e-01
2.065595143138181933e-01
2.061113991841644066e-01
2.064957814851882956e-01
2.053415315154563103e-01
2.064570317829380885e-01
2.064242104241217901e-01
1.999837807908557974e-01
2.007848287806505982e-01
2.050537240375308046e-01
2.056755150383207942e-01
2.054795911490646110e-01
2.028235577087272867e-01
2.042917788462788875e-01
2.021244398354467009e-01
2.034285686158812945e-01
2.008528965376701059e-01
2.025279310025437096e-01
1.980051670738446901e-01
2.042954818429945918e-01
2.011911772846509960e-01
2.013510195126003988e-01
1.980388645233815137e-01
2.002575954280307879e-01
1.993224916006763880e-01
1.966568981450116937e-01
2.025221826289936022e-01
1.961412600081804958e-01
1.988897334932953898e-01
2.026399285747479129e-01
2.008377582659106875e-01
2.020073998171124097e-01
1.998411196655940913e-01
1.980937456094699067e-01
2.004884116927597992e-01
1.970803762839196949e-01
1.989398738111931020e-01
1.969044367312313970e-01
2.007289298595346105e-01
1.999677073591765997e-01
1.978212684089601103e-01
1.995727455006411910e-01
1.990064481459943024e-01
2.010050985211656871e-01
1.963292151505743877e-01
2.013731006317631134e-01
1.996228448106517062e-01
1.972515422583711875e-01
2.012063247982892877e-01
1.998483000745669980e-01
2.014659054710846997e-01
1.988229379882308911e-01
1.960074288041837032e-01
2.013361508190029125e-01
2.010524147564181907e-01
2.006552153131077043e-01
1.995423468899072128e-01
2.012805291384519024e-01
2.003494107852419881e-01
1.985040255029137946e-01
2.026791853740232963e-01
2.030311962226998002e-01
2.019276564191634094e-01
1.992123781300829954e-01
1.996162591170969891e-01
2.016979241377336030e-01
2.026164968637345909e-01
2.001121150030165108e-01
2.010492286923580008e-01
1.971640212140481907e-01
2.026678145389599894e-01
1.989349436853455888e-01
2.067388685420372130e-01
1.990276659067259923e-01
2.043726357069776123e-01
2.063514516991503123e-01
2.076215532473695002e-01
2.052510651786287887e-01
2.050735037090608004e-01
2.049684426326479070e-01
2.060993840572352132e-01
2.059389633605148984e-01
2.068007323309292989e-01
2.084927595157864966e-01
2.068412681880248127e-01
2.088419033518356949e-01
2.061458532182731118e-01
2.072663794520394065e-01
2.083910453245033934e-01
2.030079718298073987e-01
2.101808290310911986e-01
2.084203456183066072e-01
2.135384893005571882e-01
2.118075821403576087e-01
2.122585367918222998e-01
2.145579698428478899e-01
2.094381304907821928e-01
2.156743265344938931e-01
2.150088809926269939e-01
2.152510581649413890e-01
2.142468763684411970e-01
2.114976941497495877e-01
2.171196352480452008e-01
2.167260559333842040e-01
2.205082302317389054e-01
2.201826905854853966e-01
2.220506632429561922e-01
2.205934670215299875e-01
