-8.942850850760101125e-12
-1.085456932911179617e+00
-2.032510727543040829e+01
-2.185070017548569155e+01
-3.139899370004553880e+00
2.110445477121508928e-01
2.076038273095263953e-01
2.116209643042545052e-01
2.095711252323226026e-01
2.117896906670438950e-01
2.120468783775878996e-01
2.097596363923887042e-01
2.127587193997262094e-01
2.099999794231617867e-01
2.084882027216374001e-01
2.117233455800791864e-01
2.110356534207885049e-01
2.113408472950386030e-01
2.122062323546680118e-01
2.109979123731405004e-01
2.099244447250681045e-01
2.105980492405274129e-01
2.097104544087619871e-01
2.089158362774893030e-01
2.091661271361822949e-01
2.115021031115915939e-01
2.112093171998888907e-01
2.120940795040932025e-01
2.122924709763510942e-01
2.118884637380679947e-01
2.090597475082076884e-01
2.146903237172743117e-01
2.129686588840608019e-01
2.143312365569249867e-01
2.125774836465137985e-01
2.134930375201075092e-01
2.110729896842553077e-01
2.109672366320972103e-01
2.146802924184801065e-01
2.135394578483754968e-01
2.141432990602347985e-01
2.124167838910097084e-01
2.147639880904949061e-01
2.163344956456496049e-01
2.168006397731132018e-01
2.159664872378302125e-01
2.167397322912416879e-01
2.183130766108501986e-01
2.161256599212791896e-01
2.171184273522765995e-01
2.183478610570838974e-01
2.180004616072191981e-01
2.209176765734416903e-01
2.195055485828724118e-01
2.184049547269684977e-01
2.208055528298639991e-01
2.236035560601400130e-01
2.189670064593655929e-01
2.192587835301670895e-01
2.194143324263710948e-01
2.237487659580857102e-01
2.213078560387516935e-01
2.245453947875231948e-01
2.252613209669684091e-01
2.264127091891031951e-01
2.243069660968808887e-01
2.256815503921359989e-01
2.228096634446216084e-01
2.215958247277980131e-01
2.266939723483246960e-01
2.293242596527184929e-01
2.275498110404171048e-01
2.303337942109422998e-01
2.306756860222234917e-01
2.271289858285593100e-01
2.262557711644037073e-01
2.292098540999830125e-01
2.296159757052664008e-01
2.333771766090622923e-01
2.343104435507273042e-01
2.349545538392761868e-01
2.354872205503223959e-01
2.340528253873885023e-01
2.376384188170657108e-01
2.387689857186507114e-01
2.389774786111580063e-01
2.346587189727362133e-01
2.428053803631697039e-01
2.401766239729599961e-01
2.408694050429676936e-01
2.425979474057557983e-01
2.432665808367781013e-01
2.451261743170748131e-01
2.469970314117699017e-01
2.428631794263665933e-01
2.441979297803414939e-01
2.462426227051265071e-01
2.474509107425814924e-01
2.476109601494879131e-01
2.491158193209495886e-01
2.525305076314208752e-01
2.489728420151703925e-01
2.501456613397444184e-01
2.518738412585337927e-01
2.510840631931094968e-01
2.531750970605157747e-01
2.515063208644446879e-01
2.505973017244322865e-01
2.497988141032957965e-01
2.529988332484200964e-01
2.563949099075397142e-01
2.568545039602038726e-01
2.544344949078614082e-01
2.573953881405611765e-01
2.594135059807755050e-01
2.620706801970232869e-01
2.574417297353318035e-01
2.575005292873016050e-01
2.594742377455871996e-01
2.610121140170879039e-01
2.654773579601256150e-01
2.652676476563881058e-01
2.662584597824463883e-01
2.669416799547921215e-01
2.679024531787695951e-01
2.672782112546694955e-01
2.679007454488557816e-01
2.671155175750394850e-01
2.700519961511806954e-01
2.715912895466573995e-01
2.710332998536090221e-01
2.716676398439069051e-01
2.667645482952651914e-01
2.752764735745198976e-01
2.759100272230894935e-01
2.765398307819396106e-01
2.751671661807297831e-01
2.780507300861856934e-01
2.812135356541289877e-01
2.813775649274558033e-01
2.818381408680128986e-01
2.788887786452127759e-01
2.855466073160594087e-01
2.867953819870748267e-01
2.873424872232822058e-01
2.860660911736859768e-01
2.898577420039596952e-01
2.911777508194428044e-01
2.898186774565745805e-01
2.913233375455288043e-01
2.955987616845703880e-01
2.983211524183925767e-01
2.993435241697295912e-01
2.960361998807756190e-01
3.005165777912774949e-01
3.005249968772090163e-01
3.046548476807597883e-01
3.046676427143172883e-01
3.052900717420667931e-01
3.088524209111819796e-01
3.122410169352983766e-01
3.143772373111164975e-01
3.138688694795064849e-01
3.139269609127107730e-01
3.168470424810225228e-01
3.201503182678032133e-01
3.213618491737721961e-01
3.241135380331763849e-01
3.220021192301937840e-01
3.254804964734511197e-01
3.324216961019393901e-01
3.316263647235007106e-01
3.355619887374320931e-01
3.363417636462145976e-01
3.393071156836680036e-01
3.403351284785191000e-01
3.415137578423818043e-01
3.465298753338266202e-01
3.508392313348882019e-01
3.490115667858718074e-01
3.495720595423466026e-01
3.515629849488994818e-01
3.600941158431293920e-01
3.593961127397886091e-01
3.582469152776143750e-01
3.645121532658571750e-01
3.584473613447594076e-01
3.632303291390227007e-01
3.696769649044234773e-01
3.711496574861744002e-01
3.767680634891422131e-01
3.749737865956744853e-01
3.779807298775598734e-01
3.806522554771440969e-01
3.848514836205089162e-01
3.856364265761068055e-01
3.891611469537477053e-01
3.898926260228952057e-01
3.963359988236357934e-01
3.943524598838055173e-01
4.018495198316107131e-01
4.048254897140365904e-01
4.076923905563145101e-01
4.112703139281200793e-01
4.131527591338557959e-01
4.185695679371626010e-01
4.162941337435165923e-01
4.252564488143031896e-01
4.267512383269321807e-01
4.277874125538466132e-01
4.313527088696794132e-01
4.343831907439816842e-01
4.360601050129442879e-01
4.375666661922377743e-01
4.434346825394540059e-01
4.512158883217470828e-01
4.569588149563146851e-01
4.587721594735986730e-01
4.614662207555036977e-01
4.671151558610884824e-01
4.713641984069327773e-01
4.771157601678480131e-01
4.800215801949999084e-01
4.870575570554909195e-01
4.943872426411889953e-01
4.967012108380792768e-01
5.021552118120105046e-01
5.140691441043232501e-01
5.242587424088739345e-01
5.289392006877968733e-01
5.372068666448466256e-01
5.474446089905886659e-01
5.636216613287432509e-01
5.740274176232804670e-01
5.952548319163555313e-01
6.081762633312440824e-01
6.099763162704284758e-01
6.114290078185901089e-01
6.109835305140736139e-01
6.079216510529247275e-01
6.059033220152824084e-01
6.054663478539151766e-01
6.113656444690084291e-01
6.074572919183504061e-01
6.015376159719842963e-01
6.019411402562003799e-01
6.047465612698007531e-01
5.982520343006807462e-01
6.016247425634437818e-01
6.014943492304128947e-01
6.078647161724064496e-01
6.020925170200438492e-01
6.042128593633954159e-01
6.052999838191360782e-01
6.016668622402986388e-01
6.073298963298721098e-01
5.995991427896779635e-01
6.019552433118589008e-01
6.032821089469861953e-01
6.055584226295632755e-01
6.056827286219171880e-01
6.088384649309188656e-01
6.057288455767709801e-01
6.066584446785251439e-01
6.074343547468474824e-01
6.101511351312088882e-01
6.081328840204270891e-01
6.138141044015144043e-01
6.069427295757739982e-01
6.083053577332370176e-01
6.146556588208944572e-01
6.084085367711388193e-01
6.129278221476091026e-01
6.133661686244349376e-01
6.165430543881699199e-01
6.166397931141917033e-01
6.165391316663456633e-01
6.153840802643453234e-01
6.174997705409402959e-01
6.107307311442379261e-01
6.099294255901521744e-01
6.149535227801992132e-01
6.062062442254632089e-01
6.144700711568031881e-01
6.094443905480498858e-01
6.062499267320849983e-01
6.071707505268714167e-01
6.064093648381976287e-01
6.140691460945303382e-01
6.067141378804704610e-01
6.029827120604114299e-01
6.071439586569912228e-01
6.026318137225563643e-01
6.058036105943371830e-01
5.988823545191874764e-01
6.049176181775843819e-01
6.055743793161110222e-01
6.101851364527057786e-01
6.056340590492984566e-01
6.052351526922949976e-01
6.029289595862211693e-01
6.024380368050087364e-01
6.070553840550766411e-01
6.081556349313839149e-01
6.036688196405507467e-01
6.073951073157121128e-01
6.069799565118068063e-01
6.029836734815322563e-01
6.053154928425077408e-01
6.019797422893531369e-01
6.063914796762297499e-01
6.025948034280413923e-01
6.019957133660169823e-01
6.039136568448237874e-01
6.048533094358841122e-01
6.076640069832532909e-01
6.012222467801594528e-01
6.043865751683429322e-01
6.012848878979006884e-01
6.051276422411370204e-01
6.071310143486620126e-01
6.065701224171972106e-01
6.044314952023642773e-01
6.024395514741961444e-01
6.053562845614297583e-01
6.073384967391313172e-01
6.038893950887697093e-01
6.102199255509169751e-01
6.052801797772995318e-01
6.086239467246561397e-01
6.099192800459681818e-01
6.069548733194650714e-01
6.103716648110686371e-01
6.079363050921015033e-01
6.133516377586641921e-01
6.127159053151844947e-01
6.111352823378601862e-01
6.164710487563541674e-01
6.153183424180680428e-01
6.155334810430680426e-01
6.153420110104220742e-01
6.139160896909471310e-01
6.136943772213381276e-01
6.104395395313503281e-01
6.111699130434361527e-01
6.107515163588910223e-01
6.043890169991132932e-01
6.111856677800030502e-01
6.094820105588638626e-01
6.135615964936883548e-01
6.101108319318506723e-01
6.090756109176087563e-01
6.072262881269512302e-01
6.054529184924211105e-01
6.052007996966706216e-01
6.028414315922984157e-01
6.036157134416373360e-01
5.977971578069457559e-01
6.032633783583984943e-01
5.991528843632535350e-01
5.975074047001043276e-01
5.993047787671311744e-01
5.985402644038965159e-01
5.922141329620996819e-01
5.905724901519197045e-01
5.939777939170026722e-01
5.913196419267108261e-01
5.900302048394865384e-01
5.858245581098414645e-01
5.796960968684327087e-01
5.749815159090166938e-01
5.723206253237559382e-01
5.676542569824416518e-01
5.605860153609669716e-01
5.561517246025681205e-01
5.556600709520690407e-01
5.507890775270034567e-01
5.448191921745090260e-01
5.438867961466214984e-01
5.452820681689201088e-01
5.403625766976714040e-01
5.339579598092607515e-01
5.318479259178433560e-01
5.243017867476554850e-01
5.253411699685280878e-01
5.206317290095050510e-01
5.233869012419657407e-01
5.166391502058483853e-01
5.126599782617002887e-01
5.106546834558184367e-01
5.091322956826794810e-01
5.049535203614528012e-01
5.006828083921709416e-01
4.950814802805786896e-01
4.910795562911480783e-01
4.902009406927951840e-01
4.840285705592048959e-01
4.840576271399333885e-01
4.803973184685428888e-01
4.750942444103977147e-01
4.753507726533665045e-01
4.711596352479031080e-01
4.688088817031955124e-01
4.666378436253673101e-01
4.648017632508625874e-01
4.601780112372362841e-01
4.549755892789379974e-01
4.537753685949585947e-01
4.533567679750640234e-01
4.509384299168709975e-01
4.491237252023593807e-01
4.474383325890751162e-01
4.463434277417659968e-01
4.406577668787228785e-01
4.401343546558839082e-01
4.366367814466592945e-01
4.374278898928201098e-01
4.333989999773787960e-01
4.375617833254459854e-01
4.332741457852334888e-01
4.270539072018136872e-01
4.318449024335458963e-01
4.258760153348770117e-01
4.251375988001480088e-01
4.250369853929389929e-01
4.210153689771489738e-01
4.212687183086868958e-01
4.190514782539092042e-01
4.178220853323801887e-01
4.167721302441927955e-01
4.153045627207672119e-01
4.153069838485078935e-01
4.130644014649352824e-01
4.109360996869008131e-01
4.101998674494536923e-01
4.087494022063032917e-01
4.112974308299968129e-01
4.061536451338569886e-01
4.088764495112285902e-01
4.083026000689982116e-01
4.058342930823048977e-01
4.052484481532044880e-01
4.024001820852178835e-01
4.067067202581030050e-01
4.042575305602812974e-01
4.010054840056462844e-01
3.991166754617371804e-01
3.991199651142058880e-01
3.959757605107251943e-01
3.982898210503094116e-01
3.964859749170870917e-01
3.962551550649888732e-01
3.954054913075623068e-01
3.923510484824286881e-01
3.941210910468513906e-01
3.913308696888943006e-01
3.945955993175067067e-01
3.938307175648979030e-01
3.920734459538220973e-01
3.899847810414727167e-01
3.917487819894964751e-01
3.838552178918869795e-01
3.895966103127129765e-01
3.875119210841883044e-01
3.866702586990973800e-01
3.865849154440694213e-01
3.840668167317071724e-01
3.815586286970453767e-01
3.819895762108099779e-01
3.825700823834444209e-01
3.813391310922382149e-01
3.783952470672269919e-01
3.796992721196921217e-01
3.761286376130709153e-01
3.772620845019146740e-01
3.740321664990752248e-01
3.715075244458592163e-01
3.730377713980528864e-01
3.723101919596313869e-01
3.725743810690786972e-01
3.742644553932749085e-01
3.714097632701272023e-01
3.714830064395995834e-01
3.682607170352887871e-01
3.715771249124080744e-01
3.694450060840948069e-01
3.696155791324112760e-01
3.658502593076758957e-01
3.665528354193243743e-01
3.662501651135532943e-01
3.662261295979382103e-01
3.645648965675760134e-01
3.644618511721425258e-01
3.624776666565749927e-01
3.591321600567143890e-01
3.540780931017277755e-01
3.591563535986596056e-01
3.552737300811518728e-01
3.550057206046057789e-01
3.590797987841077843e-01
3.582949887200242989e-01
3.524123524774970817e-01
3.546921383709008002e-01
3.531395787015078058e-01
3.561762166697493015e-01
3.529368331451688823e-01
3.509071352218430806e-01
3.518027952396903801e-01
3.500902370665487928e-01
3.504446767900838977e-01
3.486247893353784932e-01
3.478134617147746743e-01
3.496390410957190831e-01
3.494896941250182909e-01
3.473925621873094061e-01
3.475935832117615920e-01
3.473273984989110885e-01
3.470430631884012240e-01
3.450578333197554803e-01
3.459219473806577905e-01
3.420697785309039785e-01
3.462257069650691022e-01
3.407371496502119013e-01
3.388747368544433036e-01
3.343624245186356259e-01
3.259614366688273757e-01
3.247216562067998802e-01
3.226176601310347114e-01
3.152285709324073038e-01
3.090656287682350123e-01
3.087414038433476948e-01
3.023361256435206923e-01
2.978601753810943831e-01
2.978147312531029822e-01
2.929100528806521941e-01
2.917944784151627058e-01
2.898084673601136196e-01
2.850842422203030968e-01
2.772836146940814150e-01
2.795113514811445876e-01
2.782534285607441982e-01
2.705542446569523807e-01
2.689426790549127033e-01
2.672633658775849796e-01
2.629160525242292823e-01
2.647685466034875867e-01
2.691746780300773856e-01
2.603352255557890849e-01
2.584158842168537973e-01
2.605665186530867206e-01
2.549864533232011898e-01
2.557867800647707912e-01
2.566357973865149855e-01
2.501205141973031898e-01
2.498291286952473989e-01
2.489228720191846989e-01
2.449474734470420134e-01
2.460857876743056949e-01
2.430825461722397052e-01
2.465724262636297126e-01
2.423556414230295941e-01
2.416317102394980043e-01
2.430329111914887041e-01
2.393056815341834953e-01
2.324049771768912920e-01
2.377225887085618883e-01
2.351449726813747976e-01
2.350379981336735979e-01
2.284980410314003119e-01
2.286151745382490053e-01
2.279245323327490913e-01
2.289280677923118956e-01
2.273395990114072118e-01
2.266002736344150947e-01
2.245954812982778881e-01
2.231615719650043017e-01
2.257598886493029922e-01
2.246946961607313997e-01
2.216565003328886951e-01
2.214823011583871015e-01
2.205293211979914014e-01
2.213515093921044896e-01
2.199613224435610082e-01
2.215364141016296085e-01
2.187622901434450040e-01
2.161738449964535069e-01
2.132578230029957000e-01
2.171195308498707066e-01
2.146787133658693003e-01
2.147168521508510952e-01
2.134417684317801989e-01
2.136747769239989991e-01
2.150396453843153866e-01
2.143670007346475948e-01
2.151581974868760905e-01
2.064254571118190884e-01
2.152357058337580897e-01
2.088801429918805963e-01
2.078232113112268020e-01
2.069246432779913991e-01
2.088472078614748983e-01
2.108559043447328085e-01
2.081928209313718969e-01
2.079690791441168030e-01
2.070083123039440920e-01
2.057054480093706006e-01
2.048106198512607001e-01
2.051917620068789971e-01
2.067414467972621128e-01
2.042586078275915040e-01
2.025669273035763107e-01
2.033172472518899876e-01
2.054295907543657040e-01
2.036352593952081014e-01
2.067693147555506872e-01
2.041764980274526076e-01
2.049032348549958971e-01
2.045725635136325937e-01
1.958330239175241905e-01
2.026266636473212090e-01
2.011412716170188075e-01
2.025759670097208032e-01
1.994392821590492137e-01
1.993313445823421126e-01
2.009411761430748011e-01
1.987225111917644005e-01
2.035098424490087987e-01
2.027954960436594012e-01
2.022922185091401981e-01
2.013401187599324904e-01
1.991618694602372008e-01
2.000437788997738997e-01
2.022236751286584922e-01
2.014993634727741956e-01
2.023168401732461097e-01
1.962851036909459002e-01
2.013200586725190089e-01
1.988605854280980911e-01
1.978176183881953931e-01
1.996074258358382092e-01
1.950042471886392070e-01
2.010030161956521955e-01
2.044964273877865057e-01
2.004273387914826954e-01
1.989571319606991961e-01
2.013360861158667026e-01
1.980491171999413935e-01
2.020303166531554895e-01
1.969354496580693059e-01
1.995601956316979120e-01
2.012530952524954897e-01
2.010311423658149022e-01
2.019708899030701887e-01
1.995185660382655934e-01
2.006812968136625908e-01
1.998677281830646968e-01
2.016474366519931949e-01
2.034603254356603108e-01
2.001895071930059888e-01
2.017280252376061900e-01
2.011290761802070892e-01
2.017924715903602062e-01
2.036440613868606975e-01
2.028166942666529970e-01
2.042373845159881074e-01
2.008630997761834958e-01
1.995817097371636040e-01
2.018549311789147871e-01
2.038411651410882985e-01
2.021668094904270907e-01
2.025458321993454103e-01
2.061761412668476900e-01
2.043090360817594875e-01
2.019461318510177017e-01
2.053985022619231049e-01
2.102238075193353095e-01
2.048933182420429877e-01
2.048150579213076916e-01
2.046818522912340899e-01
2.046788488707972919e-01
2.065212159671387937e-01
2.096814609520669115e-01
2.105097466054199062e-01
2.089280824477144083e-01
2.086969589131568992e-01
2.133843721671264126e-01
2.126010344198581981e-01
2.137041875054835893e-01
2.153781954570601065e-01
2.152333412112761024e-01
2.181559971438107037e-01
2.161495453376965914e-01
2.157009889534884095e-01
2.147942209658321999e-01
2.139316063551197911e-01
2.185169489090547923e-01
2.171409847343707955e-01
2.152419698579279006e-01
2.202853365064748881e-01
2.212035864196114920e-01
2.232901603659958878e-01
2.183198089095859107e-01
2.218573964405436971e-01
2.201563963354100928e-01
2.208249139233716130e-01
2.263130140832990134e-01
2.236451719972882002e-01
2.312461003746711097e-01
2.206465997245369015e-01
2.247562128180596031e-01
2.303387312400771991e-01
2.323483812492747047e-01
2.307994274764746945e-01
2.318704170694654010e-01
2.337252773672449102e-01
2.319550072696217879e-01
2.325052677639518062e-01
2.321946186992167038e-01
2.373394857054821061e-01
2.380948475312479884e-01
2.415721791213341074e-01
2.388364130017723019e-01
2.427563294070436972e-01
2.409947659826479904e-01
2.508604281725200780e-01
2.483978098968855908e-01
2.462781686665063974e-01
2.515042396342607733e-01
2.472863125662616013e-01
2.553215808203030956e-01
2.578162295083795130e-01
2.591230464933499955e-01
2.601082983722634023e-01
2.573192717644199878e-01
2.604877717167238815e-01
2.683968292343598128e-01
2.669844487541581102e-01
2.664083376319489882e-01
2.719177749719264847e-01
2.737595880810341775e-01
2.736077424887315979e-01
2.780233801708769104e-01
2.792542494903907935e-01
2.827335338061131020e-01
2.867147856534562056e-01
2.892071492797249066e-01
2.890374451879200723e-01
2.906751048563406270e-01
2.972278161007658182e-01
3.042393396146872986e-01
3.028489491061251981e-01
3.032601345813840110e-01
3.099905269915363970e-01
3.190103373068237103e-01
3.231230566927538739e-01
3.250017937514538269e-01
3.302687383673161836e-01
3.406237110438335991e-01
3.409443144324741937e-01
3.490575278014618199e-01
3.515293927309752209e-01
3.628547527811772921e-01
3.705557551128347837e-01
3.832107871447786862e-01
3.984128938909198836e-01
4.207533013635629815e-01
4.404469376929032731e-01
4.448260624171245237e-01
4.458129038037750846e-01
4.527947652606839068e-01
4.546017877018486142e-01
4.591700540945640174e-01
4.675091222739884977e-01
4.676122809658418977e-01
4.718968562240661857e-01
4.783963142000253743e-01
4.866893169697892874e-01
4.921205527960392789e-01
4.962998692564216108e-01
5.033048868936260689e-01
5.075604810122367194e-01
5.138992899965524330e-01
5.254083827122985051e-01
5.338637585752297188e-01
5.462066361055719632e-01
5.504616111937691292e-01
5.659892018247751899e-01
5.795342048112127609e-01
6.022208454809065969e-01
6.132378191195133610e-01
6.072492659412676019e-01
6.079745235320466179e-01
6.075114157584143859e-01
6.069552093253608449e-01
6.047214799226789950e-01
6.043733752937200387e-01
6.119069810520380015e-01
6.046650407565948848e-01
6.032081177207219147e-01
6.081996217824192641e-01
5.989775197835346399e-01
6.078301684888234302e-01
6.018740464770624410e-01
6.039875570080521783e-01
6.006947464581836593e-01
6.015880232642452086e-01
5.981214890343180546e-01
5.886448709534223278e-01
5.784475644124345006e-01
5.698302712830920491e-01
5.626777525563078086e-01
5.534507729367916795e-01
5.510623811016955864e-01
5.470179502582583897e-01
5.386963614725363003e-01
5.340735574610198100e-01
5.262882230438442610e-01
5.191258697255580756e-01
5.187843342795135371e-01
5.125456226851925479e-01
5.076954294867844775e-01
5.030812303822735920e-01
5.006555184642230705e-01
4.944377895751599916e-01
4.964547016819039205e-01
4.902661855222392728e-01
4.851008137916451024e-01
4.847458242130687767e-01
4.793159044549841763e-01
4.767745401472643918e-01
4.721607865120872050e-01
4.668517640321768747e-01
4.653930203338375038e-01
4.612000710891526745e-01
4.562757999497826233e-01
4.507524883918943015e-01
4.450400156243377037e-01
4.372166611289761140e-01
4.312380327791418000e-01
4.260512055657073027e-01
4.168643457971232258e-01
4.164929272781230929e-01
4.101954353032817857e-01
4.067087249793158166e-01
4.036601462249634897e-01
3.958566363410613853e-01
3.954080637957382849e-01
3.908296765044652066e-01
3.878073803251438911e-01
3.849182114311616165e-01
3.815475912155544824e-01
3.763792349518650937e-01
3.738995597784511848e-01
3.717759151457354916e-01
3.701024676302496763e-01
3.632619870262754902e-01
3.637401050993582241e-01
3.628359869476714961e-01
3.572729340545415799e-01
3.559282054886372948e-01
3.552723636330661905e-01
3.497172046026182923e-01
3.479989429229656817e-01
3.412989796374292784e-01
3.463205635101535007e-01
3.399068439470337988e-01
3.372755606966660880e-01
3.359670881493478922e-01
3.319694380054439842e-01
3.319368898648354937e-01
3.263093056950308046e-01
3.206066844879882916e-01
3.188705080920123947e-01
3.125795532378267128e-01
3.126102917532830872e-01
3.111133795313377748e-01
3.079254873039634077e-01
3.026676980207430034e-01
3.024837367645614727e-01
2.983992908961031754e-01
2.972475999077184849e-01
2.987510667946743914e-01
2.932421217696322135e-01
2.872280045917747215e-01
2.931968801241106037e-01
2.878525740945127032e-01
2.885612256082676907e-01
2.819603132574874937e-01
2.815242648725344021e-01
2.788046298651422061e-01
2.824260500978156840e-01
2.787569846483798908e-01
2.740105937278947135e-01
2.750272074926994881e-01
2.730323445041124009e-01
2.696853281978091044e-01
2.662930912815347773e-01
2.648199575219504776e-01
2.657311553948231153e-01
2.644434140079430229e-01
2.632758270343041884e-01
2.622750750995020974e-01
2.566021481283455863e-01
2.599640368234980015e-01
2.553706914960947039e-01
2.552640051565251977e-01
2.515366718096663234e-01
2.421827763698730929e-01
2.470190760083398052e-01
2.474251315631872949e-01
2.466376080655580116e-01
2.457855903107838136e-01
2.437501437643448954e-01
2.430048197429366119e-01
2.434721165882424987e-01
2.391129051455737897e-01
2.391499035833636877e-01
2.377710998788135910e-01
2.351440533740392913e-01
2.360527464189134117e-01
2.326809305902592939e-01
2.334124359255952963e-01
2.278408265335460925e-01
2.318162979541678048e-01
2.320644721466285088e-01
2.308247232346118116e-01
2.294788505875673956e-01
2.259563303429499015e-01
2.256999790964105967e-01
2.236560551036703981e-01
2.234917048098901959e-01
2.217054354958518936e-01
2.237327548616113992e-01
2.205562972524413023e-01
2.186485013299072078e-01
2.203420301989572894e-01
2.187891040704713075e-01
2.173115406154433882e-01
2.142858995852602866e-01
2.173013608101082017e-01
2.147618984311052970e-01
2.164218139169765964e-01
2.177835989944336970e-01
2.172864544449235047e-01
2.122607744253711126e-01
2.130852131699516039e-01
2.145443189958226027e-01
2.114292831447817100e-01
2.112699229508882004e-01
2.115460871797512910e-01
2.102542785681265070e-01
2.100863689670955103e-01
2.124802743112322034e-01
2.107169894483237882e-01
2.080494945943678065e-01
2.091126232044921984e-01
2.047096531270695130e-01
2.041365785931892884e-01
2.041581251797139063e-01
2.052340550712782041e-01
2.078030819880362923e-01
2.048187002281000035e-01
2.061288606101792098e-01
2.041961371815766979e-01
2.037477569636292896e-01
2.017171246823759867e-01
2.046611402797227919e-01
2.052761694787844093e-01
2.036675907766223037e-01
2.015875844035391884e-01
2.057327563353925082e-01
1.987701147135275126e-01
2.038891749646719875e-01
2.033866881646574920e-01
2.012120031947965126e-01
2.011494284363682938e-01
1.980968389054238998e-01
1.987238303145451024e-01
2.009610875481203929e-01
2.020771181151801987e-01
2.001309872856119054e-01
2.015985565048035999e-01
1.980074155210528875e-01
1.985581360811813079e-01
1.993519686017010961e-01
2.009723165850555993e-01
1.973744350755083921e-01
1.977860468918082870e-01
1.985012431753908069e-01
1.934011682780313879e-01
1.985828824551497118e-01
1.991838952934610885e-01
1.980975579510468043e-01
2.005105399609412031e-01
1.994624174322499888e-01
2.004518171305113006e-01
2.005108393682908940e-01
1.945738887669687944e-01
1.967151226947687903e-01
1.972939282501340874e-01
1.970332252442698884e-01
1.956710590329558963e-01
2.005672710978645967e-01
1.991039783207408931e-01
1.951822056913297132e-01
2.003089667125587947e-01
1.966768409845910948e-01
1.997523019067656003e-01
1.990930623327563098e-01
1.997805680931412919e-01
2.004047472727124024e-01
1.981048789373867081e-01
1.964375251279978918e-01
1.991193149307667887e-01
1.983905728051386930e-01
1.991712557920826965e-01
2.015414825580987002e-01
2.026175446751725118e-01
2.040504218900172917e-01
1.985663808024419885e-01
2.038778730133578021e-01
2.007111930073021966e-01
1.991188990979788909e-01
2.034443707250165878e-01
2.009303754498671934e-01
2.031286662112108121e-01
2.022409320664756982e-01
2.077393994391094068e-01
2.058741343047459926e-01
2.065040892411484919e-01
2.055606522751401988e-01
2.055799219316696014e-01
2.038635305053315971e-01
2.058757160611580928e-01
2.056190026474327970e-01
2.073217651362040947e-01
2.100395128135846001e-01
2.090340183720003908e-01
2.060993865925022095e-01
2.113175457975136895e-01
2.057673988749549876e-01
2.086821064291675965e-01
2.081036401158876947e-01
2.145939668455248972e-01
2.093809006571301923e-01
2.137273812629492953e-01
2.086806487326944015e-01
2.123254972058692958e-01
2.163181407374875909e-01
2.129242441661625962e-01
2.104621897594934066e-01
2.150787914889263908e-01
2.145136611120113945e-01
2.143643389580530967e-01
2.134044329512911897e-01
2.104392704517775992e-01
2.119828381491908886e-01
2.105225273559876986e-01
2.113258872119523069e-01
2.134986012223832053e-01
2.127931113913736905e-01
2.100500078062363940e-01
2.133860694422584914e-01
2.135251510494265981e-01
2.131228075334818117e-01
2.134587738791675071e-01
2.087484869557003908e-01
2.124028180584441872e-01
2.103280021090921936e-01
2.106286636421280112e-01
2.113191240455337128e-01
2.104802475426433006e-01
2.124394706469122929e-01
2.109667479200305895e-01
2.079904515975520007e-01
2.120258864274781052e-01
2.118376863109572017e-01
2.108137800013157870e-01
2.117538150723866919e-01
2.134786671778826916e-01
2.111539648126372903e-01
2.128516077317844091e-01
2.107811373694342127e-01
2.109111100860613930e-01
2.075329476320005029e-01
