-8.942850850760101125e-12
-1.085456932911179617e+00
-2.063893444809701094e+01
-2.225528190220854441e+01
-3.141117910505060618e+00
1.989132640119286033e-01
1.976264735800569994e-01
1.983954750044183979e-01
1.971948993819117868e-01
1.943435573412017059e-01
1.983388265678814877e-01
1.972761923043696020e-01
1.959443620882339865e-01
1.993355370753057965e-01
1.957496549996403934e-01
1.972188626397080868e-01
1.991418635344255061e-01
1.996498773005148941e-01
2.016374656515841080e-01
1.991910148220006893e-01
2.000597141905763876e-01
2.021577498884263024e-01
1.987906970372979032e-01
2.023242015409167927e-01
2.012682887698994116e-01
2.012225021110145007e-01
2.018393110258006884e-01
2.037232687555166066e-01
2.021545027406111972e-01
2.022490254659005948e-01
2.024874037607241883e-01
2.026558160922710961e-01
2.034143786319660974e-01
2.031062624186736887e-01
2.075467188537142016e-01
2.043102509928312049e-01
2.071880971161511042e-01
2.023721689621078013e-01
2.078579811497280050e-01
2.050090831776953115e-01
2.089950597267294929e-01
2.077110466110125009e-01
2.110949996882038049e-01
2.087210967059457134e-01
2.067831800385341867e-01
2.069706744422747935e-01
2.091867055465271019e-01
2.102456237554791996e-01
2.095089684762007909e-01
2.143906763908441926e-01
2.123397038716108021e-01
2.164335177639473973e-01
2.157033747301689008e-01
2.122186728808974077e-01
2.165674330888374965e-01
2.168333594250491103e-01
2.165004648670416088e-01
2.206863693083379874e-01
2.170156636149425944e-01
2.184190113285298107e-01
2.193345747471361074e-01
2.174350142214973025e-01
2.244947918420452937e-01
2.262467000858695010e-01
2.225589674656517913e-01
2.275241959335969066e-01
2.242202272418739872e-01
2.280050411142230116e-01
2.302822756249947034e-01
2.287298670875722861e-01
2.290009199236630877e-01
2.334322161679384111e-01
2.281753664069866017e-01
2.341989403116624124e-01
2.366406960513638136e-01
2.357103169443149904e-01
2.372446966166766869e-01
2.403213814051003983e-01
2.395436145217637869e-01
2.387060238443400872e-01
2.420705552080013034e-01
2.481770065228597888e-01
2.464711109733395966e-01
2.482681717203172045e-01
2.478125152623082972e-01
2.545085417388456839e-01
2.547703942266926758e-01
2.562570873010605044e-01
2.593500493813383767e-01
2.588337602283857786e-01
2.559603163391671043e-01
2.606748477891617788e-01
2.631818189124527918e-01
2.670283636869196786e-01
2.650274477187496980e-01
2.691856761267625853e-01
2.730249849234677728e-01
2.748763572967924951e-01
2.801843854369296949e-01
2.794142760601076025e-01
2.811882684175220914e-01
2.870643709410700128e-01
2.863579163378769943e-01
2.944185121815663941e-01
2.949071286053163155e-01
2.934620731133141813e-01
2.975003158172003781e-01
2.935293670378474884e-01
2.994619408341356870e-01
2.954210739640236727e-01
2.956840047323709975e-01
2.945289702034594725e-01
2.989933674546613185e-01
3.007336694865233029e-01
3.029847446915984732e-01
2.998650625563729077e-01
3.006744790909594012e-01
3.023974301558186029e-01
2.994279685037173899e-01
2.992494165210146106e-01
3.026352513295527125e-01
2.969012570932723083e-01
3.022124448906102212e-01
3.062904859710716132e-01
3.078192656514753267e-01
3.051359597300543069e-01
3.080267740932330911e-01
3.098420216387532955e-01
3.094731791854125058e-01
3.096313030875043060e-01
3.100856746246464790e-01
3.138946747810338889e-01
3.088462341852882820e-01
3.139719715630346908e-01
3.143151685272932983e-01
3.139173144695406870e-01
3.177407604832890864e-01
3.196845198853129899e-01
3.164763160573031975e-01
3.205928915842035098e-01
3.190923897966896905e-01
3.203256455480685827e-01
3.237018432094435072e-01
3.250364349965064181e-01
3.251501139671750806e-01
3.265068579321971920e-01
3.269539371315597909e-01
3.292172715371095015e-01
3.289564075542656951e-01
3.353339811861417163e-01
3.370054668257204122e-01
3.343764540449101763e-01
3.405238982997044195e-01
3.405919116162013927e-01
3.397853284940494101e-01
3.419906093060575136e-01
3.477019963343250808e-01
3.433371034685371859e-01
3.464434758016470828e-01
3.492480016127704756e-01
3.498381632440237254e-01
3.528280759766256880e-01
3.564784807903522146e-01
3.532624531582582161e-01
3.596552942233877115e-01
3.658033060979737905e-01
3.673323791864360199e-01
3.692271109524217221e-01
3.698134966566747894e-01
3.742333540834562045e-01
3.751306522090687157e-01
3.791925427746529742e-01
3.841627401959107901e-01
3.858220708038114233e-01
3.853294182720871097e-01
3.881207945939382786e-01
3.905158824752298918e-01
3.919250179843771220e-01
3.941171946231957768e-01
4.019609086270407028e-01
3.950660848932556757e-01
3.990637942951859030e-01
3.942746465509155973e-01
4.031714608500208130e-01
4.022752681494342064e-01
4.082061274880289803e-01
4.075255420389912175e-01
4.086869357805704150e-01
4.061059738104487726e-01
4.136552856787265031e-01
4.116635801374713965e-01
4.170502285519229746e-01
4.176656358966222005e-01
4.210937224442836135e-01
4.241006797055043021e-01
4.314574513059815097e-01
4.292269348050885003e-01
4.319314800619062922e-01
4.329872652045179127e-01
4.356466650603995072e-01
4.420700306574479876e-01
4.455443058335804007e-01
4.500975567370291142e-01
4.486080816337422728e-01
4.511464025155160762e-01
4.563485470073230243e-01
4.589553729776701951e-01
4.584911663829153161e-01
4.618475799403363169e-01
4.614577750788625976e-01
4.636573760155637269e-01
4.645993817135616877e-01
4.632155598892636061e-01
4.659100956146335903e-01
4.696486147012973178e-01
4.685123515159919094e-01
4.710856335030296771e-01
4.716553110759459932e-01
4.676876263710428860e-01
4.743668426802774007e-01
4.783402553885133801e-01
4.747242081207572739e-01
4.770660861515790829e-01
4.798186961271627138e-01
4.840656830406793731e-01
4.825670994466452757e-01
4.872383685797466724e-01
4.878767151463357932e-01
4.865639060185082965e-01
4.917175904778804951e-01
4.943146855404286777e-01
4.921200512689503093e-01
4.947887385350239753e-01
5.002312696083210941e-01
4.986997928451972761e-01
5.021891964825868637e-01
5.032664471400846162e-01
5.081110764995978579e-01
5.089396711640585824e-01
5.107468409364748219e-01
5.144423165571164747e-01
5.159536523258603236e-01
5.193374941236615916e-01
5.227814494061864270e-01
5.250898516313535769e-01
5.259461184738177808e-01
5.330581694944673821e-01
5.315393546505795541e-01
5.385128830298313574e-01
5.381948504785980525e-01
5.421792233622341195e-01
5.481731722915876848e-01
5.504019171119711729e-01
5.548546890414858268e-01
5.582309169900167012e-01
5.626284944207007310e-01
5.631687214467968605e-01
5.703331105748516983e-01
5.723548372370202975e-01
5.760030714657488060e-01
5.829464780346403918e-01
5.800483984522356584e-01
5.713758476879154946e-01
5.523019097933198340e-01
5.387901206442755608e-01
5.261920803782613731e-01
5.177215637103768087e-01
5.082999633138222118e-01
5.007249108481949262e-01
4.908465245901120766e-01
4.875636921229843934e-01
4.818819485190772856e-01
4.748455948744261801e-01
4.693567687644015773e-01
4.637136301642023062e-01
4.603284137990106828e-01
4.558445799219681960e-01
4.492806150238988216e-01
4.461826222642586992e-01
4.438831697189339898e-01
4.390621324191466002e-01
4.355813645716254956e-01
4.302153174522586054e-01
4.302233079274387917e-01
4.216965685651695162e-01
4.196461678451399724e-01
4.166058895196952938e-01
4.160643329459466910e-01
4.127225894362139269e-01
4.092015171670377871e-01
4.060935958102970811e-01
4.067160895879607940e-01
4.018295820850851241e-01
3.980716282420382890e-01
3.967481036613433876e-01
3.941799763475690166e-01
3.921337174476554055e-01
3.886526895250821956e-01
3.881425266486959735e-01
3.862112120951108896e-01
3.842773453827753039e-01
3.800638608221066916e-01
3.783154145033990057e-01
3.761005694463098736e-01
3.728674529195796783e-01
3.714498570338212735e-01
3.685583406552241925e-01
3.679137107877268886e-01
3.650346629985768976e-01
3.609303873409421271e-01
3.590401455094532901e-01
3.584497699690791239e-01
3.578977566872608151e-01
3.546609754178692842e-01
3.561269759727280770e-01
3.529938805242204825e-01
3.505624490466224819e-01
3.512884529618089946e-01
3.484595444623236893e-01
3.459994818705804942e-01
3.428405741419711106e-01
3.439372634592958167e-01
3.431497258639683023e-01
3.413660301906020766e-01
3.400627763033343132e-01
3.385614618290405109e-01
3.385328602429621969e-01
3.363834882939700233e-01
3.328705097386790990e-01
3.335785560940265904e-01
3.331003758494255895e-01
3.317628755714207012e-01
3.271497333078930980e-01
3.283797416364481747e-01
3.267495403368902984e-01
3.284798496875206975e-01
3.270071174549358251e-01
3.259406035233270993e-01
3.280816258675171015e-01
3.224424562300536867e-01
3.237699479373385980e-01
3.244559253920563102e-01
3.209107848866092905e-01
3.218947217418294260e-01
3.215264789637947151e-01
3.205940458673771087e-01
3.194954634634920021e-01
3.169862458796862126e-01
3.189537598930738960e-01
3.190181911472604881e-01
3.175549034887448774e-01
3.182060276400954790e-01
3.167847486979484262e-01
3.138581776681582114e-01
3.137742150922571138e-01
3.141950535625411267e-01
3.161639644221098111e-01
3.155532420306816910e-01
3.128788071886943190e-01
3.125948201438976115e-01
3.141856100572769095e-01
3.127617272247363855e-01
3.124688491685135849e-01
3.131174948544738212e-01
3.129007521279565940e-01
3.140615763604142074e-01
3.114013695698091833e-01
3.102617725982366736e-01
3.104081033539665135e-01
3.130577524888539798e-01
3.074233310864488145e-01
3.094215825322639835e-01
3.093816192851259195e-01
3.136780400194096874e-01
3.121479736527407178e-01
3.109845486602016984e-01
3.142775533057760029e-01
3.107339670490731898e-01
3.118174866518179100e-01
3.127816062078339066e-01
3.098970060638058244e-01
3.103920695301706778e-01
3.128622500836352738e-01
3.135981815473682932e-01
3.107275748663657078e-01
3.111297877293885961e-01
3.119506725520155843e-01
3.111587733820815882e-01
3.131024842818416754e-01
3.092343037269745243e-01
3.129098849957342998e-01
3.123400392900204103e-01
3.123357950164648011e-01
3.123162083844385761e-01
3.160628101265547940e-01
3.138568598448416846e-01
3.146117634734569846e-01
3.157181493050807974e-01
3.173596873270614904e-01
3.149649619949329016e-01
3.181223780187072969e-01
3.195536810928406024e-01
3.193855540522765879e-01
3.161008944219755867e-01
3.199572045500629902e-01
3.191115277495925051e-01
3.198717762787823271e-01
3.173675236834385127e-01
3.209193175883434113e-01
3.192204441789444069e-01
3.190374978342800927e-01
3.115949792802302221e-01
3.152508426059236202e-01
3.105679213035379971e-01
3.123955314427578900e-01
3.105875241164613998e-01
3.097484542593914036e-01
3.069038448577802725e-01
3.085136055826053769e-01
3.002397804516894753e-01
3.041856971351611927e-01
2.976770717816302758e-01
2.995936011220736161e-01
3.001020207101079973e-01
2.984861135780845220e-01
2.972501907009214017e-01
2.938889966315216817e-01
2.947622798390543974e-01
2.949396409922457885e-01
2.921182647774130947e-01
2.938145528876739965e-01
2.870678836770617082e-01
2.882752537300057871e-01
2.899263174290345746e-01
2.885758352654542169e-01
2.876821991647431909e-01
2.872263963119262020e-01
2.871047858975722122e-01
2.825822629661148833e-01
2.820513770939426235e-01
2.826335930707137845e-01
2.804614064731120737e-01
2.820447946196728006e-01
2.802080903999163985e-01
2.802173526614208932e-01
2.763270833267325033e-01
2.758346741040538785e-01
2.744182039692978914e-01
2.738643299678336085e-01
2.766520921384023057e-01
2.735319550730191951e-01
2.724291952966532149e-01
2.693549738352292167e-01
2.703240031319030789e-01
2.717306916990434029e-01
2.720002986644334819e-01
2.675894005002584231e-01
2.700727760301243063e-01
2.677440926874082860e-01
2.679793209735860104e-01
2.669764089943795216e-01
2.618615929725121028e-01
2.639440151065315932e-01
2.623914641208822118e-01
2.638003188057492787e-01
2.590594884142082277e-01
2.639083968610819730e-01
2.589672337032665750e-01
2.580320751513037192e-01
2.599737160350155118e-01
2.570163829311394865e-01
2.574614596494549934e-01
2.573692318596373929e-01
2.561696756438368028e-01
2.557943246970136864e-01
2.525855952839241025e-01
2.569946367136812793e-01
2.498860803496693039e-01
2.526556223286154923e-01
2.526207533387184179e-01
2.533224352244918820e-01
2.497284741665687091e-01
2.512982469961365095e-01
2.479552062128881906e-01
2.501602243615607124e-01
2.490734509121790008e-01
2.485963705307354110e-01
2.499311658706165062e-01
2.458880602475602972e-01
2.464623907243634893e-01
2.460467428205742046e-01
2.466432138396794094e-01
2.432910688816251055e-01
2.431113278637221931e-01
2.439015281625371012e-01
2.471306137319154994e-01
2.461012136389071070e-01
2.440173393771795096e-01
2.435879402926907911e-01
2.444251996067176025e-01
2.430855769003852918e-01
2.394308903628822038e-01
2.422484154337568862e-01
2.411369909900664965e-01
2.416157931335881914e-01
2.409537001469526096e-01
2.404186580640189919e-01
2.408938768875583947e-01
2.387137432593882946e-01
2.394921267954830124e-01
2.401822420857306906e-01
2.399852003398879052e-01
2.370136782379516915e-01
2.392856458095272976e-01
2.379623173402991010e-01
2.358274788481830031e-01
2.370633906343838915e-01
2.361067907591913040e-01
2.354901741084204081e-01
2.368411511861313046e-01
2.372645770735092030e-01
2.329123828103517868e-01
2.361754029169989000e-01
2.384019216562920929e-01
2.370948409348515029e-01
2.307233560748349066e-01
2.357087905518922000e-01
2.348371752943785029e-01
2.369891917268689974e-01
2.346411869984831866e-01
2.353272270545196942e-01
2.364161309520325938e-01
2.338304110272378944e-01
2.365617827194483047e-01
2.361335839822588101e-01
2.340116211840594096e-01
2.339789583226752900e-01
2.323517913711548866e-01
2.315286743738259045e-01
2.348459981076801983e-01
2.353697625831711882e-01
2.351641675485285909e-01
2.364907363986819000e-01
2.325949212632557050e-01
2.369428047921270930e-01
2.339542749088359963e-01
2.347780667017750900e-01
2.348997011052756101e-01
2.338166226286791938e-01
2.354035616427775923e-01
2.352014502995150025e-01
2.339979076884544928e-01
2.350403779393538117e-01
2.336647076679246871e-01
2.335653100060972043e-01
2.322954870740910893e-01
2.366276372192845923e-01
2.363407926850477903e-01
2.349864133900184116e-01
2.377430679825907056e-01
2.355771714658390914e-01
2.355766376282600882e-01
2.359918990279734063e-01
2.369066765010001130e-01
2.377703098559147965e-01
2.368397880345818884e-01
2.356428705215752872e-01
2.366924615028913881e-01
2.370608961651602120e-01
2.372543780535782965e-01
2.364572514343168952e-01
2.380431490599282940e-01
2.389516717730583995e-01
2.396698290757992011e-01
2.397378652002516985e-01
2.348400766381091020e-01
2.400096704245014978e-01
2.382770304441033105e-01
2.384122639420435119e-01
2.404320713050452085e-01
2.408507863920971992e-01
2.403427693107755003e-01
2.387364555888210060e-01
2.401436705973838959e-01
2.402730948162327129e-01
2.421308524251291894e-01
2.407698350488376993e-01
2.422315363018602008e-01
2.422699805614018931e-01
2.425284368682147085e-01
2.406976184370311911e-01
2.350823283343629888e-01
2.382912681228306073e-01
2.371341775443235877e-01
2.371467029130679971e-01
2.376814869858024093e-01
2.354258003999434024e-01
2.363787996258888968e-01
2.317731634756012016e-01
2.307801837932824951e-01
2.261023986245616069e-01
2.282340571322546974e-01
2.295048676554835021e-01
2.273402355440193034e-01
2.246097228798688006e-01
2.253189585877934109e-01
2.213979477359095116e-01
2.194103136264866916e-01
2.193406510707046064e-01
2.201517251262485875e-01
2.250999760571227026e-01
2.156939738554717045e-01
2.132172667442590874e-01
2.203130301907182120e-01
2.159068212450322988e-01
2.192108056195513077e-01
2.172208233027242974e-01
2.166252975178858120e-01
2.179005391331972075e-01
2.124968831760727928e-01
2.163557784049187915e-01
2.166003038280568949e-01
2.112799987378831956e-01
2.097038887935659124e-01
2.143998151790950102e-01
2.107910821617750008e-01
2.131886058262618955e-01
2.111593041069279031e-01
2.093316565815639130e-01
2.035594442190283015e-01
2.083522203458881006e-01
2.077832829546459870e-01
2.123928490964168136e-01
2.054981273045430046e-01
2.081973228706756884e-01
2.088690361385721062e-01
2.048820269542638017e-01
2.059092015623691929e-01
2.085917205396193019e-01
2.069577457978883928e-01
2.057153214538003927e-01
2.035182443218649939e-01
2.081157058167882878e-01
2.010636084826767922e-01
2.084130668634525951e-01
2.059804117922640065e-01
2.023754055863375978e-01
2.043072836969798134e-01
2.017500399088507090e-01
2.067626958716632102e-01
2.020584755628445084e-01
2.015419820694256126e-01
2.030954970386094072e-01
2.020411117152778879e-01
2.029090896015491030e-01
1.988015996007566066e-01
2.011277171260547891e-01
2.013716160237359887e-01
2.014003333851784039e-01
2.038465672041480936e-01
2.019862541959613067e-01
2.021327936553496130e-01
2.011022929692043992e-01
2.001145070137161919e-01
1.989857211506260992e-01
2.020141403928885082e-01
2.005910666452943025e-01
2.030226642496839040e-01
2.014135695000210946e-01
2.029002891050208091e-01
2.025912184139810890e-01
2.018205826331831987e-01
2.002926118544106071e-01
2.014314729670257098e-01
2.021329857062058866e-01
2.034671455447266963e-01
2.015092094609425011e-01
2.008634064390452112e-01
2.014890917100848056e-01
2.005013188389752898e-01
2.012189060830356924e-01
1.999342354675995026e-01
2.018800952485489131e-01
2.061973111548053017e-01
2.053394893746013916e-01
2.002416247954992012e-01
2.034398084104190041e-01
2.037941534399212995e-01
2.063436373900744969e-01
1.994704643952688039e-01
2.044354772987239111e-01
2.057871795533899040e-01
2.053678263369017043e-01
1.996313253377529073e-01
2.072990092376424121e-01
2.066526759778866129e-01
2.060224691973120137e-01
2.056507447050597015e-01
2.084872058807248074e-01
2.063790613992695089e-01
2.073146641239619892e-01
2.098134790634715030e-01
2.070622351325790977e-01
2.084439740064465973e-01
2.115094243117464079e-01
2.042976378667799020e-01
2.114115917106474951e-01
2.121602919313725910e-01
2.074600450817171982e-01
2.109556678277715036e-01
2.116383505201417936e-01
2.113281790648176006e-01
2.132861163920808101e-01
2.096469708835264900e-01
2.121842545709347050e-01
2.107760920426008100e-01
2.109719158199485078e-01
2.146519702876298896e-01
2.172403785676657040e-01
2.191832832722969970e-01
2.130269883891585114e-01
2.180311038924030997e-01
2.097553657368496915e-01
2.216894700462747891e-01
2.177433830625281896e-01
2.161988555001173873e-01
2.225537985745210945e-01
2.215635513640316079e-01
2.209933195253510896e-01
2.233124774718606986e-01
2.203561160941590880e-01
2.268051226292122080e-01
2.218607081086342026e-01
2.173906390315819004e-01
2.239345154079203926e-01
2.267237334643223967e-01
2.261437428291853957e-01
2.303550775655051897e-01
2.276895230738096021e-01
2.293279661594186114e-01
2.288191837716694044e-01
2.339521115361659076e-01
2.363282786897537013e-01
2.325950669125619874e-01
2.347750314663042959e-01
2.408304344760238969e-01
2.373623631914346110e-01
2.386584450495081999e-01
2.420970519199872883e-01
2.472039331434374987e-01
2.470238495277392865e-01
2.472661742237159122e-01
2.475673918527429018e-01
2.525734494064993951e-01
2.469569740524883983e-01
2.543680373684528151e-01
2.560513428758072196e-01
2.569953808600586864e-01
2.571737936783081158e-01
2.592102124275850739e-01
2.571932026716977071e-01
2.600937506069789795e-01
2.624199734572454923e-01
2.666810061788241759e-01
2.639646587664631894e-01
2.707917413704111764e-01
2.709955607471772887e-01
2.748086404804452876e-01
2.737261133975252836e-01
2.828452219553256874e-01
2.823841459768006157e-01
2.854023209074849077e-01
2.861481184815121148e-01
2.874384574285641092e-01
2.931874710139903972e-01
2.972109308653250737e-01
2.954335374122277202e-01
3.024410926208304096e-01
3.073363474168971932e-01
3.060134496707652141e-01
3.093830412397877150e-01
3.190949493400535020e-01
3.269214521433549958e-01
3.232850183526768117e-01
3.280210738973107221e-01
3.375005307283044931e-01
3.407283447001993038e-01
3.497853927728460932e-01
3.573532485333242859e-01
3.585379178948597256e-01
3.652936475199272115e-01
3.584734528806953757e-01
3.643482527821926831e-01
3.601872399118870027e-01
3.616604667787990945e-01
3.638088136252867200e-01
3.600907088190332117e-01
3.659149257709232161e-01
3.638275906846339947e-01
3.582275653225633905e-01
3.598877325757173229e-01
3.668624767588397062e-01
3.621701035926362944e-01
3.617823549377532921e-01
3.605676874254304942e-01
3.564571481865309033e-01
3.581036062616447246e-01
3.667937450965446100e-01
3.578353959640999116e-01
3.575863265763239984e-01
3.623281158061414930e-01
3.648595695999047872e-01
3.632517676594620992e-01
3.611932847271071001e-01
3.604898809176435015e-01
3.592453864272334152e-01
3.635881543303868257e-01
3.543741378133014042e-01
3.654753188535814767e-01
3.630241589711806771e-01
3.599273537801667144e-01
3.664223781121571100e-01
3.642715783544435149e-01
3.601314587356598818e-01
3.652301482760276774e-01
3.657483183079451861e-01
3.662928065840279079e-01
3.721061917914770256e-01
3.645334670603007088e-01
3.625526727017309159e-01
3.707600335573766892e-01
3.664569728470687959e-01
3.673257648359566918e-01
3.702095915560086881e-01
3.716386224148122142e-01
3.745794697219312908e-01
3.710519532598806070e-01
3.713413396784250864e-01
3.763861497603919748e-01
3.753636655771425135e-01
3.768959122151288033e-01
3.712921240270912748e-01
3.751151463369382100e-01
3.778387472520443047e-01
3.689200392632914216e-01
3.604232969897981920e-01
3.490296769424263146e-01
3.444939652287772880e-01
3.390364155399548940e-01
3.323708401167758120e-01
3.223451357880317003e-01
3.173317819399191220e-01
3.188954138863973053e-01
3.168977923938223751e-01
3.075284358622721870e-01
3.095575921104635198e-01
3.024007852814116770e-01
3.000341211129979868e-01
2.949298208211804107e-01
2.887027817573938893e-01
2.857053313211153078e-01
2.847976674720137935e-01
2.824728492203761876e-01
2.854448463636676259e-01
2.814570350931369092e-01
2.783676668090250828e-01
2.751551207668213039e-01
2.743150934300244148e-01
2.714090567621783023e-01
2.691310075050029060e-01
2.639277801518166156e-01
2.640821350423407932e-01
2.541411282916635206e-01
2.627203031260063049e-01
2.585945621409717066e-01
2.585167120765470838e-01
2.502515345635691890e-01
2.512810487316298746e-01
2.488538933015989885e-01
2.504624075948698736e-01
2.472267403521491991e-01
2.433615474339665963e-01
2.429431633904060028e-01
2.423572298653388080e-01
2.385655108037275929e-01
2.405488039756401020e-01
2.415593095922053124e-01
2.407887636738509918e-01
2.362546745029955875e-01
2.347099709783040944e-01
2.329616833074127091e-01
2.296600954534009920e-01
2.336615517887745130e-01
2.358271818998592118e-01
2.308217651448981889e-01
2.315681375466001890e-01
2.273837498114059941e-01
2.285478832616432976e-01
2.244434090936472947e-01
2.240051121353935082e-01
2.224997290067751987e-01
2.224795105080946134e-01
2.245180898838504135e-01
2.273307096646119962e-01
2.229053661271117037e-01
2.223903907296418125e-01
2.217181123362418904e-01
2.197550571540269893e-01
2.172252737883118012e-01
2.122334779360647017e-01
2.183200200656283119e-01
2.176500990591095086e-01
2.152865252915986127e-01
2.194770756823933022e-01
2.146638843399344132e-01
2.132214245667700958e-01
2.134338102923503122e-01
2.138383532485949035e-01
2.131846560349844877e-01
2.116911549133445036e-01
2.097387440103949119e-01
2.108925973519709951e-01
2.082056746292487992e-01
2.072450237669657136e-01
2.094730809771649105e-01
2.067491659048157904e-01
2.076249177610209884e-01
2.078624395402383918e-01
2.072129935381328003e-01
2.047289233520483975e-01
2.074492154552864120e-01
2.046264112119781098e-01
2.049720246778209132e-01
2.074290484102289112e-01
2.052520839951995080e-01
2.038503171050292107e-01
2.034978874626895973e-01
2.047871140739707940e-01
2.035667083119128973e-01
1.997217176759679136e-01
2.001025690589559869e-01
2.040657639431044945e-01
2.002900421641664042e-01
2.045568178459009900e-01
2.037928217369897044e-01
1.999261835727614012e-01
2.016047853136284929e-01
2.018026622743603060e-01
2.021665071153604942e-01
2.033809422876028949e-01
1.965358144050488032e-01
1.982989956786699870e-01
2.028772181419349063e-01
1.998218042769543124e-01
1.962556912775083873e-01
2.011382744246545951e-01
2.011928128726543086e-01
1.995578034100495002e-01
2.016158762051616926e-01
2.019686804150546133e-01
1.959731264373245074e-01
2.014016554389413960e-01
2.007726307851085967e-01
1.969075164930504107e-01
2.018415390453489056e-01
1.982391954156716984e-01
1.997499199879390064e-01
1.951408660597246936e-01
1.927593923888578920e-01
1.983998727373167958e-01
1.992783581741295884e-01
1.963327503217695003e-01
1.998354783106212895e-01
2.027648981119127003e-01
1.975579402432584009e-01
1.997384296934854031e-01
1.981172363642347001e-01
2.003537964092025891e-01
2.020285811813491983e-01
1.972989493839951980e-01
2.013192807030936005e-01
1.978273408947384127e-01
2.010692794014637963e-01
1.998188800215006111e-01
1.999887881995001115e-01
1.977168676750133969e-01
2.001717486302820870e-01
2.014334972940304003e-01
2.003869568602862916e-01
1.963433413285758933e-01
1.950649403774404878e-01
2.017480401239749865e-01
1.946741845621668132e-01
2.021063426119404094e-01
1.995051930014032915e-01
2.007218305338276942e-01
1.978169149153204964e-01
1.994136133000357913e-01
2.010605553763415987e-01
1.999696343152350120e-01
1.956589083744937063e-01
2.015087916798024015e-01
1.999791818704196034e-01
2.013596630001638910e-01
2.028588459594095894e-01
2.017567568069704997e-01
1.975724070280485967e-01
1.972379940807703902e-01
2.025315858680908909e-01
2.033003897011184946e-01
1.983786888642913027e-01
2.006824325727921132e-01
2.014578415006746115e-01
1.979568085032072100e-01
2.021968495023502010e-01
1.971470078936418124e-01
2.010287887727905953e-01
2.032260384268916864e-01
2.046966292319188918e-01
2.028468924290932063e-01
2.007657914169558022e-01
1.993673962328174065e-01
2.025832418828784065e-01
2.022243182433277053e-01
2.043073492099622968e-01
2.044337938294648882e-01
2.027958927456958993e-01
2.042979884554523007e-01
2.031156418956490961e-01
2.047297172451519875e-01
2.045468419592925136e-01
2.052265569428201042e-01
2.040321448228890056e-01
2.051488035982207969e-01
2.025427765941124891e-01
2.028899567492470912e-01
2.024406664758446883e-01
2.033238582049793908e-01
2.025219784031619119e-01
2.033462959528649916e-01
1.987738555211903957e-01
2.000959238140729013e-01
1.988412638827898038e-01
2.003255035285685937e-01
1.990801331963961973e-01
1.999119452646065109e-01
1.998855316776523006e-01
2.003800017105336062e-01
1.993301894062191049e-01
1.990367330274188939e-01
2.006328199879751917e-01
1.969424501792327031e-01
1.981395953473878979e-01
1.983339751208615109e-01
1.986244973246810985e-01
1.986597344910994989e-01
1.985385179539312095e-01
1.939287877514420944e-01
1.968269946708672002e-01
1.963340604200778106e-01
1.963147903767799018e-01
1.925955454904277886e-01
1.983965656787529952e-01
1.938373516230449956e-01
1.952719952332611086e-01
1.963068966892329015e-01
1.966663349588423926e-01
1.958058968523171961e-01
1.972558323872513064e-01
1.993703615690929909e-01
1.954423646505173973e-01
1.984508407738936053e-01
1.963933204639788932e-01
1.940031809409482888e-01
1.933168163396528083e-01
1.955376076586713974e-01
1.942316803096995892e-01
1.962650495833815900e-01
1.958310225352418998e-01
1.972680838413471971e-01
1.969277887329324017e-01
1.901415602395883087e-01
1.968728433023574087e-01
1.965232608634382983e-01
1.992165529428190085e-01
