-8.942850850760101125e-12
-1.085456932911179617e+00
-2.064821735497608302e+01
-2.223787240468902837e+01
-3.141118640325205824e+00
1.932226194912688988e-01
1.957289478061814136e-01
1.965843055612941925e-01
1.969442340893066135e-01
1.972877018398815074e-01
1.936508697002111978e-01
1.973595299854372098e-01
1.941308955777208967e-01
1.998144907447707008e-01
1.978110575143817995e-01
1.966359826964453883e-01
1.974824367947937975e-01
1.996708630205618895e-01
2.005006170711065017e-01
2.006375240311286112e-01
1.963793439129017104e-01
2.005276627651559063e-01
2.007445702196835879e-01
2.003932058619533885e-01
1.972327975725826077e-01
1.988126038894451053e-01
2.023208623287792995e-01
2.023722672189491867e-01
1.995870468295327105e-01
2.002576706459947009e-01
2.047001593634069083e-01
2.051754984905307944e-01
2.017009581477705038e-01
2.024501374436278867e-01
1.982530154300894965e-01
2.032481102670372908e-01
2.046221802470067908e-01
2.080852856173283083e-01
2.072585001453015052e-01
2.065348852487050024e-01
2.080081896832494948e-01
2.065926348754874020e-01
2.069921918614625045e-01
2.109403078965143008e-01
2.094052382942137025e-01
2.102174985005187124e-01
2.078021967334852116e-01
2.116392392074878115e-01
2.085859564097282126e-01
2.126768214702242088e-01
2.113496432269577896e-01
2.139225600734386001e-01
2.135575032007226981e-01
2.164124029193648102e-01
2.168681576699215130e-01
2.145501938635017980e-01
2.198368933879819020e-01
2.166659977822038008e-01
2.200428453131446083e-01
2.231701716832600879e-01
2.191328001198855069e-01
2.218196035477834893e-01
2.223582412453097013e-01
2.178867343557494007e-01
2.193724490799681959e-01
2.247270119453116943e-01
2.287526116820678967e-01
2.294022306769835096e-01
2.285740878994055036e-01
2.313244296950860979e-01
2.289455183920106884e-01
2.299101826387267011e-01
2.328921673733233000e-01
2.385858362647342024e-01
2.334609608676170012e-01
2.349463619867959985e-01
2.331655228956016068e-01
2.380978543270053926e-01
2.394585054204647900e-01
2.410430013858126941e-01
2.433139013447840893e-01
2.433168689383906069e-01
2.470144894109359002e-01
2.496448304749820102e-01
2.490496515371661002e-01
2.480407534672899039e-01
2.491466361597627910e-01
2.522212951035552875e-01
2.583948564411363003e-01
2.613228272567316157e-01
2.633324325903210750e-01
2.594087783607310072e-01
2.619472973486181022e-01
2.626872517176431776e-01
2.671652699622584781e-01
2.703931444899068115e-01
2.732183820030236188e-01
2.715325837563115075e-01
2.813337364140036101e-01
2.800805389913070820e-01
2.779476017904570773e-01
2.881465035836989763e-01
2.903462401658906122e-01
2.906369379228987970e-01
2.914530352346973996e-01
2.949208923164344798e-01
2.911845873856684919e-01
2.982391894351020256e-01
2.980009000566636868e-01
2.974146204606860078e-01
2.971677128600129780e-01
2.983783922879938988e-01
2.992627301056333122e-01
2.980868124098605132e-01
3.025340106014571817e-01
2.974293407887915741e-01
3.006122660745677022e-01
2.977940958773582780e-01
3.050572995629181050e-01
3.009902737727103150e-01
3.018305887488573203e-01
3.051715796199025998e-01
3.075632262080806867e-01
3.040838000599661028e-01
3.072826735523013775e-01
3.078550961712300249e-01
3.099796693205590925e-01
3.093811647068310244e-01
3.062882965290052995e-01
3.095760958595021872e-01
3.128510286989131806e-01
3.134185422292805057e-01
3.156924637340731143e-01
3.141285981562266794e-01
3.118960263360753826e-01
3.149294025732352065e-01
3.200878116664708228e-01
3.182553278702567878e-01
3.179369850113387130e-01
3.188665811134149819e-01
3.178661800327323150e-01
3.241681624324806998e-01
3.239767674573950096e-01
3.267018726195813905e-01
3.258184275702278865e-01
3.244705979549749042e-01
3.307261980084273967e-01
3.238751552496594854e-01
3.318944591535218924e-01
3.330598053770045253e-01
3.345902709902404126e-01
3.337686749712395762e-01
3.400263269065643135e-01
3.387285465381469907e-01
3.421544550907231752e-01
3.428759069233687229e-01
3.456890286015150138e-01
3.414822390411368924e-01
3.472052279959114141e-01
3.471695393952793918e-01
3.519172304360880799e-01
3.519618026618093198e-01
3.571929082553735868e-01
3.600839087411087935e-01
3.620934675488439169e-01
3.658800133262813947e-01
3.691201728303715734e-01
3.681792206687586888e-01
3.734489072744058835e-01
3.734453487301621077e-01
3.762615895625767148e-01
3.801815059813634101e-01
3.813779325942889264e-01
3.847564440187830059e-01
3.890773275043428181e-01
3.924178762114207131e-01
3.912141442517941825e-01
4.006073304606324048e-01
4.043881513762436763e-01
4.093290632550358188e-01
4.126240486848347100e-01
4.173147192730095045e-01
4.175205850344143044e-01
4.242527100955711949e-01
4.245770452635064807e-01
4.249005210787322739e-01
4.292116462780928843e-01
4.231564669129634915e-01
4.312658788933743104e-01
4.316201124274900991e-01
4.345523420097988088e-01
4.393475802249405815e-01
4.433431305497034791e-01
4.441430757897107950e-01
4.462837198635523084e-01
4.456588245065953857e-01
4.484766723217279982e-01
4.467140436667874082e-01
4.496464652222059155e-01
4.517032009595725039e-01
4.507090063088902143e-01
4.504015002291807956e-01
4.553437698671792822e-01
4.560546385506022982e-01
4.527687108691427764e-01
4.545448428926058826e-01
4.599500426070607939e-01
4.590772953947244162e-01
4.592286142090672985e-01
4.600340108502685155e-01
4.625026615349963066e-01
4.605530058640547875e-01
4.643709128077438963e-01
4.657959822762272051e-01
4.677093758462945727e-01
4.644387449958377045e-01
4.665558266123835951e-01
4.690847593703563190e-01
4.682807043017911952e-01
4.664926077927862846e-01
4.784994897588570884e-01
4.764097496979642909e-01
4.782230251422309175e-01
4.799167880721766921e-01
4.808511752795491812e-01
4.751610691632677241e-01
4.868400157926713878e-01
4.843609568131485021e-01
4.854259512138360821e-01
4.906939160390811905e-01
4.877937835247311837e-01
4.900890582123875738e-01
4.959087290268117121e-01
4.995458123865056943e-01
4.982892564621136944e-01
5.046211879913121701e-01
5.056672834865537647e-01
5.037096712028781287e-01
5.068372120883821719e-01
5.115211441657858682e-01
5.102662136972762053e-01
5.154374799155928555e-01
5.187862733066537224e-01
5.206314503041266084e-01
5.254467745201071294e-01
5.217113293661287399e-01
5.317648115399649100e-01
5.321814101085369231e-01
5.356572140550418526e-01
5.422896246982722435e-01
5.393176476508287909e-01
5.423219183874535831e-01
5.526099091909875138e-01
5.481378662273215241e-01
5.590741792584666969e-01
5.606139982001674404e-01
5.682331617285051317e-01
5.660678686267641702e-01
5.733788574400739968e-01
5.761245260251353084e-01
5.755196130398714249e-01
5.847367679873046731e-01
5.730444830473712114e-01
5.562267045344553296e-01
5.386244705679142930e-01
5.293148713038112740e-01
5.230344160792458341e-01
5.083462829994647159e-01
5.030505718843237828e-01
4.966746584128048925e-01
4.869327655668556076e-01
4.858809497971849911e-01
4.766693461421219746e-01
4.715845226370234955e-01
4.680138380232394257e-01
4.624858364182807824e-01
4.561849706023760054e-01
4.538887465209131000e-01
4.483245347068345876e-01
4.458004058167394090e-01
4.382344048211900267e-01
4.419414171020900062e-01
4.328462953938663760e-01
4.280240633879215939e-01
4.257482872211342806e-01
4.232595840569133849e-01
4.207414553718382133e-01
4.179420274840540128e-01
4.166940774463773756e-01
4.133915904647896822e-01
4.131532624221703198e-01
4.102727987725158232e-01
4.058725308939776788e-01
4.045155026984839086e-01
3.943173747751294034e-01
3.982775828263921958e-01
3.954978338613235889e-01
3.924778208266604951e-01
3.859172808419457090e-01
3.863312708035769871e-01
3.836329366360610171e-01
3.835819852522744933e-01
3.796811903416018041e-01
3.782436281953723833e-01
3.762927263900234243e-01
3.738442939167903045e-01
3.702859964744895094e-01
3.693973655569300907e-01
3.660669619380194084e-01
3.652815373032037849e-01
3.617644010713093050e-01
3.599164387432430834e-01
3.572514493253396983e-01
3.555372522915101752e-01
3.526208510544638908e-01
3.539477596164226081e-01
3.477821781870151230e-01
3.521050832229347116e-01
3.498508482357182148e-01
3.472114046981836788e-01
3.454711036118146006e-01
3.434989394509928018e-01
3.460001457432089755e-01
3.446837930440656006e-01
3.426424611467028813e-01
3.402952499846684797e-01
3.370472444355419039e-01
3.418822968996413914e-01
3.374502300047222958e-01
3.375485958912963769e-01
3.352316413637028147e-01
3.319802006331524780e-01
3.340868167528585064e-01
3.342493947383051167e-01
3.308001019951631871e-01
3.309493719535209766e-01
3.301428355507814993e-01
3.235530206724421820e-01
3.283715491058474267e-01
3.240788368467160119e-01
3.260397473176980809e-01
3.241597560004986778e-01
3.239087122524954010e-01
3.228068161506849054e-01
3.217619360339044055e-01
3.194458100202247075e-01
3.232261122025212874e-01
3.187961860261667724e-01
3.202628777471694943e-01
3.195532708258790877e-01
3.153944897034873796e-01
3.166947672687783211e-01
3.189002842889497868e-01
3.182095466732978162e-01
3.177975831538736862e-01
3.193636749002237152e-01
3.160688311423202057e-01
3.159919044025482071e-01
3.183425537273761874e-01
3.156543605863724733e-01
3.151581574364309968e-01
3.161507309990881920e-01
3.104575092318548890e-01
3.131692985504818116e-01
3.123496455652509107e-01
3.149830194870217870e-01
3.142432876633409200e-01
3.124130298012882112e-01
3.140606676971328115e-01
3.081671078575747846e-01
3.136615969609858889e-01
3.083561448132298155e-01
3.121016841241864848e-01
3.080850805315764052e-01
3.111768328089394853e-01
3.122773162029808813e-01
3.100674212448388811e-01
3.149203869049020943e-01
3.130684509567638885e-01
3.126260572453555819e-01
3.076367228192585790e-01
3.087373345820390025e-01
3.130668996541347004e-01
3.131473037416703797e-01
3.100123517589841726e-01
3.165733536486273758e-01
3.131608215656297989e-01
3.094578673425923965e-01
3.128564299154562023e-01
3.163018182940364742e-01
3.143325886988260764e-01
3.145817283781059959e-01
3.126362848257668858e-01
3.190086317787421133e-01
3.167892623867460955e-01
3.166980987172416939e-01
3.191880558143890823e-01
3.143484814600542854e-01
3.215839801057306935e-01
3.182905097918359849e-01
3.183826829137494929e-01
3.147734755998157774e-01
3.188026501966014781e-01
3.226078749175562144e-01
3.171654609321492013e-01
3.201051175757974043e-01
3.212957445155817937e-01
3.148140570522566239e-01
3.162976508420174970e-01
3.192107468779221136e-01
3.167981162000503836e-01
3.155027132222624209e-01
3.142758293512699086e-01
3.088855706957842062e-01
3.126232813570394842e-01
3.100567646485264950e-01
3.086729377318848111e-01
3.063824979013147765e-01
3.040925756030191107e-01
3.035395818722698147e-01
3.017120765713864894e-01
2.986056117192603110e-01
2.991832687742160823e-01
2.999795335292114729e-01
3.000175728463236879e-01
2.937320497560063082e-01
2.961986302251973791e-01
2.930587302071043787e-01
2.920573672564932832e-01
2.910769325392879026e-01
2.856666888840747043e-01
2.919527979661289963e-01
2.916348694941013897e-01
2.876679918098304922e-01
2.886900693592779898e-01
2.836154932211332191e-01
2.860471788988047104e-01
2.834339517756565008e-01
2.825180446080292063e-01
2.785260910120956890e-01
2.812660651765221953e-01
2.816406901909949134e-01
2.825870845644555818e-01
2.790184405051290839e-01
2.794152744939013000e-01
2.783608905207003992e-01
2.770220368413519041e-01
2.732228722939175070e-01
2.730859222408927867e-01
2.738138365775316108e-01
2.724067043872089866e-01
2.744070392933987135e-01
2.716072455502550054e-01
2.703762517994816039e-01
2.683146615476916241e-01
2.689081574379703077e-01
2.672301045722940138e-01
2.660913091442225209e-01
2.635813064253701987e-01
2.681896989634320883e-01
2.634637456127906785e-01
2.637276360892363836e-01
2.625494063045458182e-01
2.643508702831746104e-01
2.634834537170459012e-01
2.617375871330336889e-01
2.626731336743937106e-01
2.565665539943909890e-01
2.578825090094467032e-01
2.540862263216667749e-01
2.606382317858570996e-01
2.545062762526734135e-01
2.560195594103673034e-01
2.577379515752489803e-01
2.545875794175717077e-01
2.549758009973480122e-01
2.557871355683972725e-01
2.530564624102196736e-01
2.517440631365464032e-01
2.499569282980267093e-01
2.535494196590046823e-01
2.502939698391288825e-01
2.529056470518759037e-01
2.477216821213560904e-01
2.519165524977602932e-01
2.492512603403674865e-01
2.493914575886123086e-01
2.489921617271264875e-01
2.476790554517002974e-01
2.460290933438631089e-01
2.485900005808011903e-01
2.448924545077520998e-01
2.470955451472021114e-01
2.462660584627585914e-01
2.475228979208579927e-01
2.438556814183751031e-01
2.431792333272722040e-01
2.408395523400999882e-01
2.432899450691136944e-01
2.426262516616768949e-01
2.420928069801490945e-01
2.420767398821223049e-01
2.418336375425821916e-01
2.389449948757118025e-01
2.416447877871223116e-01
2.381493254410788907e-01
2.368116029934725086e-01
2.399082210300242934e-01
2.385200318704877864e-01
2.410791678450696085e-01
2.381185235888879925e-01
2.410482439102868968e-01
2.388869255057332053e-01
2.383133355384240981e-01
2.384209180567526121e-01
2.374157708709241921e-01
2.368364236282285984e-01
2.383450133989699071e-01
2.341877129781829991e-01
2.351466599506112920e-01
2.372626435181217908e-01
2.351249774148556904e-01
2.331216130345860893e-01
2.355446180871819950e-01
2.367358183943127914e-01
2.334945559717034880e-01
2.350413431474948078e-01
2.343997950017966958e-01
2.333210727175359100e-01
2.315141622950661893e-01
2.311731885099045092e-01
2.336549005532355949e-01
2.346634161202713897e-01
2.366966167055906956e-01
2.360749236864760070e-01
2.336859173065375939e-01
2.357507130159919029e-01
2.345042257456279033e-01
2.336763669201749050e-01
2.345067980685041908e-01
2.337160707450803010e-01
2.333324506920682884e-01
2.309037801558468106e-01
2.330216285333090998e-01
2.328527293979398005e-01
2.330269739480020086e-01
2.341911839087514879e-01
2.349872810362844122e-01
2.341587760503746063e-01
2.328455478485315089e-01
2.333822967672931903e-01
2.323659733480966938e-01
2.338915365391756040e-01
2.327822242301547107e-01
2.316761686993709934e-01
2.326624124015037876e-01
2.305411107517039981e-01
2.301551942666419104e-01
2.333186550310951957e-01
2.361580577090093003e-01
2.344201396078582911e-01
2.341715120524643090e-01
2.321820399353990982e-01
2.365267290564107006e-01
2.351186229039257947e-01
2.339059126403287003e-01
2.342456508092009004e-01
2.372767272991312959e-01
2.343497321865181116e-01
2.360776446532144024e-01
2.356722972388627935e-01
2.386473432965472985e-01
2.341582913761219020e-01
2.344141253217388865e-01
2.389338880882966865e-01
2.350084303610927017e-01
2.356983012749181983e-01
2.385753514648905893e-01
2.377509860901627081e-01
2.376216355864138874e-01
2.362514531038137910e-01
2.397128025989798961e-01
2.384770080036207884e-01
2.389625079628873994e-01
2.416242914721002943e-01
2.404635726287140951e-01
2.421225130454714991e-01
2.428033011819210052e-01
2.394604603455524894e-01
2.368987548088674067e-01
2.409989935049993981e-01
2.324946975586059950e-01
2.322529513250451982e-01
2.378947213460106958e-01
2.393262196964265898e-01
2.325886963737653912e-01
2.366923249801154983e-01
2.364423114347133092e-01
2.306127025855143065e-01
2.340090225934770007e-01
2.324226261153312934e-01
2.332599108547256939e-01
2.217327487249695084e-01
2.272091990475929024e-01
2.280779882804115088e-01
2.254635917801399991e-01
2.260675893509556944e-01
2.236737727822822874e-01
2.183646616949266039e-01
2.208873471096323982e-01
2.218761955678444919e-01
2.170125018452370991e-01
2.194317789503623106e-01
2.162495468862722092e-01
2.186991003175667025e-01
2.168342971689883880e-01
2.138875968814561990e-01
2.137197511071710077e-01
2.188815981480964901e-01
2.139947664005794892e-01
2.123380068554976963e-01
2.141978016942243102e-01
2.136878704199290102e-01
2.130017779243481013e-01
2.140614618065997954e-01
2.164437013440055901e-01
2.088396909421061098e-01
2.154594875951101884e-01
2.135102342551429000e-01
2.123586399129062108e-01
2.078646047019525045e-01
2.058187630944942892e-01
2.074862038042674106e-01
2.076671504364955012e-01
2.059758553689257921e-01
2.082979214301435011e-01
2.049949746657440952e-01
2.070135129432923993e-01
2.089330978373064862e-01
2.084250515478711929e-01
2.081039754720246937e-01
2.051625260045853993e-01
2.035783980343683075e-01
2.065896214890461102e-01
2.023662237568653044e-01
2.000773758565722871e-01
2.033951270956277924e-01
2.003106029877629035e-01
2.007841350779077938e-01
1.996578955067634942e-01
2.015762955373993914e-01
2.034385208158092928e-01
2.057731360962742895e-01
1.990309387271443076e-01
1.978131492342738995e-01
2.024830885979946038e-01
2.014421434487601026e-01
2.007194536459095957e-01
2.029991031807852064e-01
1.964718036086842978e-01
2.031516401689290874e-01
2.033391793754358023e-01
2.016263593640288121e-01
2.027233058804316090e-01
2.020524183738784119e-01
1.980405593522013008e-01
1.986308423960161940e-01
1.973554964585834959e-01
2.008415341054949066e-01
2.026894163686850936e-01
2.006539852083049913e-01
2.070716411666921886e-01
2.020223648778005088e-01
1.990592516239103049e-01
2.021329857062078017e-01
2.023200835592443014e-01
2.050928661581755963e-01
2.023584406206828945e-01
2.012366965934750951e-01
2.015993625248055920e-01
2.046832722088320067e-01
2.006322697399078869e-01
1.993315036220389969e-01
2.024201291698115024e-01
2.019599429728858864e-01
2.001074772605453966e-01
2.022242624527404997e-01
2.031302776685106060e-01
2.039968867757082083e-01
2.029853219585915913e-01
2.030038303502398056e-01
2.046714959156007985e-01
2.032678299979613912e-01
1.992244544631890102e-01
2.069481108708741135e-01
2.057291585105417986e-01
2.059497221734954975e-01
2.080653962518055899e-01
2.086115387407583011e-01
2.051707746882036887e-01
2.085732721586132932e-01
2.064928914243109870e-01
2.153083917827821880e-01
2.069790228773256968e-01
2.070297892650418969e-01
2.020145477859038863e-01
2.117261984561112087e-01
2.087328532600878084e-01
2.044102791115089968e-01
2.109556678277730024e-01
2.082740680339258965e-01
2.142945983982766089e-01
2.115975130518024938e-01
2.118924141412769080e-01
2.136392763585280019e-01
2.158795335400638948e-01
2.086551912851322133e-01
2.139265226875154968e-01
2.153329062917843095e-01
2.124431521423938984e-01
2.159508408725593076e-01
2.161859204052027916e-01
2.178442667929970100e-01
2.165901868556827925e-01
2.192968756857124890e-01
2.208354801950173918e-01
2.209381095561976094e-01
2.242926586794209975e-01
2.205606951567395946e-01
2.226447401970058082e-01
2.256206684939578988e-01
2.210641871666610969e-01
2.258751948816964950e-01
2.228088015903686991e-01
2.275525955752397966e-01
2.262861218072858005e-01
2.248116752845636945e-01
2.297063082437046100e-01
2.305176878349950997e-01
2.317445689606326131e-01
2.269194366514609984e-01
2.323846375970937128e-01
2.320830709481626897e-01
2.338822662264334884e-01
2.375145874940282897e-01
2.377891168810586930e-01
2.395814307421056943e-01
2.408734443440377071e-01
2.399372393341732967e-01
2.437270233518684937e-01
2.463739762181998971e-01
2.464497361204602000e-01
2.467794518687494998e-01
2.456339194769988077e-01
2.557274558149466026e-01
2.514232096474484091e-01
2.531388763041634848e-01
2.538376309975683975e-01
2.561295979603934736e-01
2.584429695284493067e-01
2.579732728370743855e-01
2.622887521895762020e-01
2.632545376554650818e-01
2.625329262645165196e-01
2.703732583571548109e-01
2.707917413704111764e-01
2.740449047030235064e-01
2.767009750053145978e-01
2.751422956052491098e-01
2.749459859677474971e-01
2.799112120118095737e-01
2.850007137878101116e-01
2.871739143523722726e-01
2.924912208463226748e-01
2.908966882935317133e-01
2.894389801536751960e-01
3.003330797616901027e-01
2.991444987145894796e-01
3.056526175690837954e-01
3.062830083835970107e-01
3.125328852778030964e-01
3.139694937731808966e-01
3.177604341810281730e-01
3.250816538248649801e-01
3.325105554784348882e-01
3.307302097086025072e-01
3.416831966083748728e-01
3.454564316712039895e-01
3.557718614028194115e-01
3.565908937294560155e-01
3.662707190313819194e-01
3.590066702493094897e-01
3.618419097231674875e-01
3.640763643010787032e-01
3.600994790993645167e-01
3.594874466526835066e-01
3.574642341729076245e-01
3.596159969266313761e-01
3.624772040173818155e-01
3.587783336292486025e-01
3.577142314479870855e-01
3.636553603280057168e-01
3.613423935065234738e-01
3.576978950050050954e-01
3.587471990773458130e-01
3.633988890453908049e-01
3.602647028669238027e-01
3.588962784563836106e-01
3.641458987158560090e-01
3.642721964371137267e-01
3.599502799831101885e-01
3.556282055304788026e-01
3.605313171704330744e-01
3.625190651432632083e-01
3.616383762173442928e-01
3.605183415925640178e-01
3.600342684804760940e-01
3.604403141915727971e-01
3.648097888175501069e-01
3.632584523538898158e-01
3.637650985135336135e-01
3.675500884517179934e-01
3.616947399985123157e-01
3.647380560378676861e-01
3.633216337433364251e-01
3.591033275682798953e-01
3.633634949927055935e-01
3.737086642085155064e-01
3.711177642862044102e-01
3.750991749066686087e-01
3.634779164803503271e-01
3.694219506363424221e-01
3.723466918942566761e-01
3.680434944343676795e-01
3.716387206519318753e-01
3.706736418292521096e-01
3.768513243133556068e-01
3.724146492820666898e-01
3.753669043114638004e-01
3.766459667715557069e-01
3.781362600701017040e-01
3.708175018566873260e-01
3.789098453069171812e-01
3.756889709358595120e-01
3.724519707635455812e-01
3.612765246629343063e-01
3.554010425257304040e-01
3.481164354183053922e-01
3.382497889162581761e-01
3.324645924740757819e-01
3.289722272062993169e-01
3.257538147866209099e-01
3.188477321018990951e-01
3.154633896796771864e-01
3.117040024144174803e-01
3.091459685179412942e-01
3.030502039732638764e-01
2.992507298252509162e-01
2.976686384382183914e-01
2.967240519950675171e-01
2.871462478371508142e-01
2.853562969633524071e-01
2.853185435622758725e-01
2.788558205360617825e-01
2.775423032275305957e-01
2.780776086360421950e-01
2.749821790324996074e-01
2.732232245098699108e-01
2.724805450250591954e-01
2.703846122948005970e-01
2.646511583721554151e-01
2.657352365611204137e-01
2.629163928062364097e-01
2.601980123848322002e-01
2.588448808017624891e-01
2.582381877834050155e-01
2.563104153980020894e-01
2.550729581886262975e-01
2.481367037991835944e-01
2.530676972200460728e-01
2.442065333997524013e-01
2.482800464738449120e-01
2.467131368807723990e-01
2.415022008451465085e-01
2.357329072531542946e-01
2.415301859068577917e-01
2.405047989397622876e-01
2.414876937827188097e-01
2.331481204441560040e-01
2.370426715604128931e-01
2.360631086208428986e-01
2.352830231955773954e-01
2.342596511266152870e-01
2.300558230021969019e-01
2.283305836257598087e-01
2.311717653840011932e-01
2.318259237719617061e-01
2.265904839922134872e-01
2.250897269216124985e-01
2.268401896522800054e-01
2.264649306496855086e-01
2.257679207599465887e-01
2.234043695970948096e-01
2.237345886828178976e-01
2.233266719728076999e-01
2.200596100004434952e-01
2.216829281985162881e-01
2.205389276148226052e-01
2.170773180142060998e-01
2.198164038350604865e-01
2.159705389596885128e-01
2.149670943055000116e-01
2.189273928181507956e-01
2.137723665147847063e-01
2.163361780772642962e-01
2.125970145251701027e-01
2.130375009803175956e-01
2.119002299338633988e-01
2.112025594847797005e-01
2.118819322977265052e-01
2.124247044838128984e-01
2.129030390502245906e-01
2.131830998826035883e-01
2.091269829837897054e-01
2.101225406650497896e-01
2.115120126600764094e-01
2.091642543262594023e-01
2.067679043640862913e-01
2.042582421562731954e-01
2.054143523558107920e-01
2.039713775568720022e-01
2.058686626759869964e-01
2.089187608457384049e-01
2.038830861807867101e-01
2.037452882457808090e-01
2.017611845530415116e-01
2.043056423701186120e-01
2.038332858293737948e-01
2.032375492187195043e-01
2.052103688129459091e-01
2.037157187167555894e-01
2.062141873835600103e-01
2.035713500358712069e-01
2.034435440849662047e-01
2.010609516209465875e-01
1.992048284794226964e-01
1.958499612917121990e-01
2.003349788854958957e-01
1.973650040675933026e-01
1.990237340915911868e-01
2.013346001554655040e-01
2.000806921739969046e-01
1.992049463040307111e-01
1.990182830955380955e-01
1.958440803778873918e-01
1.989352198610127020e-01
2.012529198331184099e-01
1.972106241806887983e-01
1.983022398519009022e-01
1.993229929047254934e-01
2.015870184310903090e-01
1.987080897473192109e-01
1.950646880976061037e-01
1.997838421947311927e-01
1.999817277208826016e-01
1.944459461966275005e-01
1.995824661780740972e-01
1.984710929267929080e-01
2.006603549685496979e-01
2.004198769839991012e-01
1.997447146093740966e-01
1.935906645806776127e-01
2.001437848105339090e-01
1.994648475058216908e-01
1.984324957643679999e-01
1.980451807132583009e-01
1.969373288554893964e-01
1.941412653568919955e-01
1.999738503515290089e-01
1.993451277641339892e-01
1.971676999164649891e-01
1.990188703273592929e-01
1.983024816375205113e-01
2.004237627967015989e-01
1.980805163764889076e-01
2.028680315966719105e-01
2.000698357353186130e-01
1.980408029542038983e-01
1.979575060217994009e-01
1.990158620851159021e-01
2.005901084395375900e-01
1.974836500393331862e-01
1.981504138622265099e-01
1.955475479100262093e-01
1.997698387223710015e-01
1.965534011214813970e-01
1.993465160727082019e-01
1.977757722811143981e-01
2.034667583037766958e-01
1.986914149557368892e-01
2.014424211523807018e-01
1.985728478453155088e-01
2.017895324280339908e-01
2.001235043538963920e-01
1.999268564808291126e-01
2.005485867278624934e-01
2.007826148392395094e-01
2.020557724590824056e-01
2.002322535936676973e-01
2.024018701193910919e-01
2.003797760294004915e-01
2.006078396209627079e-01
2.049185128202364037e-01
1.997387653387124873e-01
2.006113326337493896e-01
2.047132190624622039e-01
2.019658297562298976e-01
2.026759998843616906e-01
2.040670292438669930e-01
2.056099143815781072e-01
2.053445660090333913e-01
2.010570430638904948e-01
2.062282253677198973e-01
2.021691556966503933e-01
1.975144494542150075e-01
2.015866538688249887e-01
2.049971254234410900e-01
2.018995595379121100e-01
2.033074235104891936e-01
2.035218553714304990e-01
2.046109037605164105e-01
2.036306442705435871e-01
2.009308704431783110e-01
2.039037769950486911e-01
2.015360500088161089e-01
2.015660066427271135e-01
2.032510937276132135e-01
2.018696808867878056e-01
2.018650628723684948e-01
1.981370313021046936e-01
2.010394762094170062e-01
1.985945599207427081e-01
2.021506185054809113e-01
2.008851883626293910e-01
2.008569796561328058e-01
1.998200719722328100e-01
1.990638427539861977e-01
1.975280897292649995e-01
1.969396867882159952e-01
2.001666840227900868e-01
1.995405965871580867e-01
1.968817842073634083e-01
1.977434089129795902e-01
1.953594408383604875e-01
1.964888625192524052e-01
1.983813507248251007e-01
1.983132318613433920e-01
1.984429632322750880e-01
1.971153539936517929e-01
1.942327976838552073e-01
1.942185667065375043e-01
1.991027191108221961e-01
1.938045742521649073e-01
1.947377981832001947e-01
1.954278262590880000e-01
1.974562847011575029e-01
1.941925456182806986e-01
1.938197632636335932e-01
1.956561615444855906e-01
1.947625061774790056e-01
1.953381419616347925e-01
1.957865658935450948e-01
1.987188531856798890e-01
1.976282780980659903e-01
1.983480073636963992e-01
1.956877443525407989e-01
1.954421504860343883e-01
1.943543584095213106e-01
1.929996441864522128e-01
1.960231983487067120e-01
1.948966441459634991e-01
1.954346437061436903e-01
1.956313046809410872e-01
1.941539921337288865e-01
1.939166883005039033e-01
