-2.134083310812695425e-14
-9.991051455578243701e-01
-2.158703075867565602e+01
-1.487783200836847541e+01
-3.141170421668684654e+00
1.938543122854085032e-01
1.931201017473886949e-01
1.943855484069910988e-01
1.919959979278595963e-01
1.930400705384107130e-01
1.914746869759439973e-01
1.942455262992872911e-01
1.925618080327630988e-01
1.943153198318852137e-01
1.933200310764293939e-01
1.953018203004268094e-01
1.958254540192453097e-01
1.963900052781281103e-01
1.935860453522710023e-01
1.961656198453264055e-01
1.941505250627129087e-01
1.952551771718828988e-01
1.946237076928392928e-01
1.911867599518909944e-01
1.959671258407844063e-01
1.953091560883342126e-01
1.958942224168147006e-01
1.937122005169729932e-01
1.969031783712849037e-01
1.939493912839237999e-01
1.935436634386490939e-01
1.959385129776174961e-01
1.968776626851690970e-01
1.976336073037479046e-01
1.963765448744262954e-01
1.928294010013039961e-01
1.977734420824577011e-01
1.966744032669378028e-01
1.973431231025866983e-01
1.950676762997571867e-01
1.976808201195605075e-01
1.966716718893788129e-01
1.967527633977194934e-01
1.955177763369765065e-01
1.976783012638420878e-01
1.979177640674285865e-01
1.972266387739579074e-01
1.973764567752079035e-01
1.991342461075082115e-01
1.981718592516049926e-01
1.986449688208893893e-01
1.973116633279523024e-01
1.968048035627512904e-01
2.015229471638682879e-01
1.995794052381804073e-01
2.019720829523375949e-01
2.008235511912362103e-01
2.018420355572655978e-01
1.936662499800358983e-01
2.003442127008802920e-01
2.033327234859260979e-01
2.018663118541421941e-01
2.037055809492402947e-01
2.001284039929631942e-01
2.018089888668692100e-01
2.008947335051834981e-01
2.025128733855668106e-01
2.036974451561593957e-01
2.047074364814147895e-01
2.043985021102558974e-01
2.033526171166588070e-01
2.030934868209109123e-01
2.017991730908020032e-01
2.046122443594698970e-01
2.040754030283739029e-01
2.042575122656470066e-01
2.064159866766696050e-01
2.052452218836819109e-01
2.062757253202056884e-01
2.047306481362682062e-01
2.050552656137271945e-01
2.048206055135403103e-01
2.018123535090599052e-01
2.062435973875045014e-01
2.060343395325839877e-01
2.075528620040575090e-01
2.039642260453720934e-01
2.063853783128722086e-01
2.074377113007394025e-01
2.107697202874559972e-01
2.039826125890696895e-01
2.085471066704497056e-01
2.080107917554440133e-01
2.068053834418409898e-01
2.072483245796785112e-01
2.108051649546063000e-01
2.083764545315273942e-01
2.098257423684564971e-01
2.097875559245200028e-01
2.103567806490919123e-01
2.113284047438699909e-01
2.105920863736777116e-01
2.101946421196368986e-01
2.083227830014386939e-01
2.126800039291106004e-01
2.123052916172852023e-01
2.123586886614657887e-01
2.151412355126567921e-01
2.128373295937222021e-01
2.142658582833996961e-01
2.142761931221867089e-01
2.139586505297539076e-01
2.137274861509499968e-01
2.149830573634770037e-01
2.161957110428175122e-01
2.137861611537373030e-01
2.161992565978098912e-01
2.169522273961057013e-01
2.140435865522239134e-01
2.130969545385691111e-01
2.163494067805004084e-01
2.099595620580124999e-01
2.152793407977661999e-01
2.174180904102286094e-01
2.159040372428661092e-01
2.169809202039560125e-01
2.162707498498638026e-01
2.161826966661415106e-01
2.177350816608630002e-01
2.214149220279963137e-01
2.157745303492205891e-01
2.203231631048229999e-01
2.205332409047396081e-01
2.181483202686577139e-01
2.201519633620936112e-01
2.193089597134620095e-01
2.230435752046449061e-01
2.217974103013463094e-01
2.224234265909940944e-01
2.186786637693682867e-01
2.214828427610072981e-01
2.225047446356379910e-01
2.243740382680171064e-01
2.227807506577257068e-01
2.232640055769151977e-01
2.228927835164181137e-01
2.185443697396662055e-01
2.252607333095724973e-01
2.238798001164890028e-01
2.260099120425914099e-01
2.254374582416288075e-01
2.251007717280398002e-01
2.235635092330217899e-01
2.295762657911754046e-01
2.282276098268712916e-01
2.233634699974620941e-01
2.279510531005725926e-01
2.294394682602144964e-01
2.296459335831103898e-01
2.281700150857580989e-01
2.309295239108223874e-01
2.326308215875385055e-01
2.333294846154881086e-01
2.303308905958962038e-01
2.306717922523374986e-01
2.338216163942883064e-01
2.364717616736116967e-01
2.342666557994891041e-01
2.372518728232292928e-01
2.376896647387053974e-01
2.358620266622430128e-01
2.362723576319591123e-01
2.363124685267387892e-01
2.388536170029252892e-01
2.360000165516311921e-01
2.392154306291988941e-01
2.382038105135388939e-01
2.408900180548199932e-01
2.395413276210288933e-01
2.375995857494752894e-01
2.413226489400744912e-01
2.368565103579766962e-01
2.421564893933312035e-01
2.381043899158876986e-01
2.409820316885424862e-01
2.410310287242196092e-01
2.401905646444744136e-01
2.448037681947425881e-01
2.405919944845839875e-01
2.449240830353444087e-01
2.444706378731200114e-01
2.458494489303648112e-01
2.443922466105362956e-01
2.458266629183190055e-01
2.438765711171581863e-01
2.478413136968853903e-01
2.487100375277629116e-01
2.472118077031262018e-01
2.512364954242867765e-01
2.505605174381365097e-01
2.497292561999663041e-01
2.506102277072408957e-01
2.524599603240392232e-01
2.529634914573097859e-01
2.510146696822623258e-01
2.506890678610806944e-01
2.533756287704760912e-01
2.548028789820915851e-01
2.527278730789273009e-01
2.512107881941706977e-01
2.545089899788435250e-01
2.534237108528996085e-01
2.516026078071522121e-01
2.482999412860172894e-01
2.473487616499736030e-01
2.455353179910725048e-01
2.434162436986923028e-01
2.469970747121207066e-01
2.467632437267507917e-01
2.416038043928593892e-01
2.434114380896374996e-01
2.410633306030386114e-01
2.432999923955858068e-01
2.425125590087268135e-01
2.417505998273418999e-01
2.379086181795896926e-01
2.405917011347007972e-01
2.345842469420151011e-01
2.303499528644339100e-01
2.351280592220303944e-01
2.345149258320695929e-01
2.364001959665573971e-01
2.349305329459996927e-01
2.357300689845863995e-01
2.308780895433014124e-01
2.323091706944775958e-01
2.304038095416116871e-01
2.335097109774141866e-01
2.262493720968156985e-01
2.287144347936503896e-01
2.240150305869771930e-01
2.300275410186785885e-01
2.300851511829782869e-01
2.312146715491217031e-01
2.317316891793269884e-01
2.270504439623174942e-01
2.322385046382189067e-01
2.268644652082530133e-01
2.300097799837556023e-01
2.267564855340276908e-01
2.258751761386577905e-01
2.224831951445689071e-01
2.263427113860387863e-01
2.246679935098603031e-01
2.237781413671041941e-01
2.244201993642737925e-01
2.246030836558041976e-01
2.241726882646956909e-01
2.246791977015382136e-01
2.239579293209084943e-01
2.187212719286774909e-01
2.219705129388505893e-01
2.241534404065133879e-01
2.219704058373986044e-01
2.219147154832309954e-01
2.228896989006302898e-01
2.224147494547558945e-01
2.266069172727384062e-01
2.217294904399733091e-01
2.198048033120439115e-01
2.224255927432000901e-01
2.189813963520843010e-01
2.229838555304073933e-01
2.183131157032124903e-01
2.142441777914851908e-01
2.204127546423332862e-01
2.219672034977140107e-01
2.219849049015782949e-01
2.235811981622823907e-01
2.224939186359957133e-01
2.223189365810080975e-01
2.226498186116173950e-01
2.220633815908711894e-01
2.238188165445411937e-01
2.226470423682737898e-01
2.200922705546209113e-01
2.245220997291839105e-01
2.226981596260760032e-01
2.207067088453742998e-01
2.193887286452403107e-01
2.246132543026521933e-01
2.246448297183450127e-01
2.236514626980868892e-01
2.251354408956963982e-01
2.240131082195228884e-01
2.191027294161269900e-01
2.226231332288697018e-01
2.231012624488099005e-01
2.249230283903538019e-01
2.273164191516685029e-01
2.267911152618032056e-01
2.285014069705940953e-01
2.225600403800921112e-01
2.231645236851143022e-01
2.214097580778336960e-01
2.244945925474537973e-01
2.279936866347518909e-01
2.270882801878895130e-01
2.213599356985332944e-01
2.281630830084593886e-01
2.281285682181780905e-01
2.272823559682473904e-01
2.296830074327403104e-01
2.276952044168434885e-01
2.318254227943845891e-01
2.319168089675565092e-01
2.324070241007966942e-01
2.322788094447255092e-01
2.321691395818858972e-01
2.348537986424424906e-01
2.338499922945468934e-01
2.339105632088576137e-01
2.327476172145583055e-01
2.330450065437434937e-01
2.355682899188046020e-01
2.370750747124381885e-01
2.390331514050691997e-01
2.352277064848309895e-01
2.395264055179520957e-01
2.400074267936005978e-01
2.405666429263546013e-01
2.424308936121860047e-01
2.398208668385320985e-01
2.404693560797193930e-01
2.403962570377183028e-01
2.425585367436950135e-01
2.409359433606542977e-01
2.425219922512212023e-01
2.379221805703337078e-01
2.396634401514567969e-01
2.407978963301496966e-01
2.401173984425208907e-01
2.403628158988362074e-01
2.380322545569132919e-01
2.396149627273470029e-01
2.371174247587974904e-01
2.393173022088392887e-01
2.381034567684696124e-01
2.373352927947514901e-01
2.363861569900561899e-01
2.374872787046549139e-01
2.374199633204497062e-01
2.369591444498622135e-01
2.374394959116236936e-01
2.349575835276462021e-01
2.359363632556688017e-01
2.372466559118971974e-01
2.362835511398488908e-01
2.352829438715731969e-01
2.365846843541342115e-01
2.327770392620631124e-01
2.346672462336849008e-01
2.339718616328899936e-01
2.344982759186867993e-01
2.339057992989312107e-01
2.359543969538802077e-01
2.320955711152770939e-01
2.348591739151469904e-01
2.368558560426942128e-01
2.368339360195494958e-01
2.361840453194347933e-01
2.352217213925986983e-01
2.372534621880962868e-01
2.346796720370253886e-01
2.364999492223928967e-01
2.345049171895995099e-01
2.359330710054579061e-01
2.370734650109689867e-01
2.377027364849217117e-01
2.363241088928544897e-01
2.375668968573539097e-01
2.355978294141989060e-01
2.390512700617140884e-01
2.388422529917549886e-01
2.397247986558632971e-01
2.374411939484540046e-01
2.386231816970054986e-01
2.367522938366813101e-01
2.393619798145729949e-01
2.389670563776511991e-01
2.394445877813781987e-01
2.403061524350056100e-01
2.349519628219448875e-01
2.390837871553553873e-01
2.375763127243931960e-01
2.301536574256088930e-01
2.346823356592497023e-01
2.364011192640627923e-01
2.315731653516107102e-01
2.311130001321826943e-01
2.330128034068336962e-01
2.351105611845583088e-01
2.331734210513805028e-01
2.325505529775974134e-01
2.327053237463780067e-01
2.321717204978548943e-01
2.329057357027994879e-01
2.335597589569819998e-01
2.324435916518466094e-01
2.304090333783067879e-01
2.322097290614615894e-01
2.290328164668871125e-01
2.293976354892356961e-01
2.289550593325060945e-01
2.275474311060657062e-01
2.246315859399982129e-01
2.265188392585816002e-01
2.258118549155702093e-01
2.267434137398454119e-01
2.248697924684902871e-01
2.264334265813394975e-01
2.276747713440309961e-01
2.255705846805350911e-01
2.240431603328728039e-01
2.235765551521171901e-01
2.214632572680974021e-01
2.227288661420628035e-01
2.224532321151850012e-01
2.228262196066536083e-01
2.167840072096667015e-01
2.206168553910065888e-01
2.206882799410171958e-01
2.219283553089702876e-01
2.205813191606011969e-01
2.174132208230784014e-01
2.207554236162106998e-01
2.177851674066476062e-01
2.185619029436838001e-01
2.170508244530506003e-01
2.173954036302556958e-01
2.192743311192884015e-01
2.186600714982477045e-01
2.160859239061393988e-01
2.156663949383066936e-01
2.131225384733473061e-01
2.151945083844460926e-01
2.160082221072308073e-01
2.139845115240955886e-01
2.160466384582649946e-01
2.139051602643279038e-01
2.139763913197645917e-01
2.139763021523020115e-01
2.146026672958638026e-01
2.111673864855330984e-01
2.138668741123568029e-01
2.122456695141878014e-01
2.111451941211280880e-01
2.086651285224520869e-01
2.096233321147563944e-01
2.108834484855018065e-01
2.127602779537947075e-01
2.107957900601437062e-01
2.103036310415261068e-01
2.109607174005065089e-01
2.110164953764815943e-01
2.070737002726052989e-01
2.082077647488762007e-01
2.100563165118176923e-01
2.074682708936025077e-01
2.072726234825693070e-01
2.016498171707646891e-01
2.071979567333313010e-01
2.085437780376049044e-01
2.029922657662414087e-01
2.075219326564461120e-01
2.068499298278234089e-01
2.029614554891703004e-01
2.032920337260659960e-01
2.045445400066877861e-01
2.042048914920155944e-01
2.065946687456187980e-01
2.040684729109820128e-01
2.042451456092473083e-01
2.033193882156205945e-01
2.027383752551351059e-01
2.043697607793517057e-01
2.037406075214426016e-01
2.044748781274929039e-01
2.015170851899588944e-01
1.993946077550416973e-01
2.019820152510792000e-01
2.009986686981471982e-01
1.977148705303498899e-01
1.999504486177955953e-01
2.002877049963359968e-01
1.981130162611720869e-01
2.003042804629303897e-01
2.009967851714566933e-01
1.988855427620392913e-01
1.990194437412413087e-01
1.974003994245394911e-01
1.975955922704739076e-01
1.988988515523154033e-01
1.978343395361890078e-01
1.993914876596684926e-01
1.983618689586640893e-01
1.983890022859642888e-01
1.969213004859171057e-01
1.981998490010636049e-01
1.964598379833357999e-01
1.982582366073969982e-01
1.986109671584991021e-01
1.963607432915362994e-01
1.981151160855710025e-01
1.967294600242681102e-01
1.965898802756488872e-01
1.973844685502892105e-01
1.962190731146430112e-01
1.960544478562717963e-01
1.959426826325703919e-01
1.948397773602801863e-01
1.937706900358673878e-01
1.976923621593706104e-01
1.973281119460282007e-01
1.954298158457002110e-01
1.913623490539038130e-01
1.954834376432333098e-01
1.925679133441134949e-01
1.948171066394953910e-01
1.956963015029631880e-01
1.965575549735734950e-01
1.930631989816188887e-01
1.942898072282427946e-01
1.958426798749474118e-01
1.948975847006849949e-01
1.915736148982646048e-01
1.958095592240632898e-01
1.939336575493103010e-01
1.954042983462954131e-01
1.935474224786516984e-01
1.931004544971300918e-01
1.936228423062245074e-01
1.923209637386439075e-01
1.943781633125646058e-01
1.916325357362463067e-01
1.939416812963898895e-01
1.946708288159680889e-01
1.939514068924033940e-01
1.936326773150743863e-01
1.920428760782831867e-01
1.951908451102029041e-01
1.943815108938369007e-01
1.935159357906089950e-01
1.933602066782741102e-01
1.932627598255876877e-01
1.919515404869218123e-01
1.935223987226289966e-01
1.943455503526126948e-01
1.940614801070139894e-01
1.946183237299204116e-01
1.918677089546972081e-01
1.947748194816699974e-01
1.944442077753494869e-01
1.949245085940075062e-01
1.940716730597701889e-01
1.941204763586515947e-01
1.919710261189618017e-01
1.941425404423582912e-01
1.942549940164023936e-01
1.933095156031439943e-01
1.931147151811258011e-01
1.954162679915572021e-01
1.935406722199176921e-01
1.937465428193738959e-01
1.937244498383806912e-01
1.920109315738688927e-01
1.924397997028373108e-01
1.946546869213791886e-01
1.937105266870979003e-01
1.942239163775764110e-01
1.929884659517548950e-01
1.946498412891985996e-01
1.930050443222288137e-01
1.932800242341259911e-01
1.915065225991759990e-01
1.926706441897770017e-01
1.924939267891336014e-01
1.942689899447127000e-01
1.938172592151763129e-01
1.938612086111839994e-01
1.928755616430337105e-01
1.926272446835995966e-01
1.926502584886879976e-01
1.932778958558284965e-01
1.936733046615677911e-01
1.927020937544353107e-01
1.937543329593476027e-01
1.907935418384235082e-01
1.940157942334488073e-01
1.920054956843808003e-01
1.922066699087948138e-01
1.888107485081902959e-01
1.930558370943308011e-01
1.921608616561328864e-01
1.937621892947543056e-01
1.918434949611503015e-01
1.919314338767793005e-01
1.940522052138893006e-01
1.931599987806673080e-01
1.920257150182468064e-01
1.921855815631103026e-01
1.935725706665424040e-01
1.932850923584689129e-01
1.929887981146030940e-01
1.932470442874912875e-01
1.938605353166900913e-01
1.935326843271868991e-01
1.937800400185140937e-01
1.951694635330427918e-01
1.914681655000511906e-01
1.946934974554327957e-01
1.938829906371054013e-01
1.923098517017255982e-01
1.927121555372275086e-01
1.941542557722411022e-01
1.945922685737936086e-01
1.939164030404300909e-01
1.917163777479848896e-01
1.957988831223101134e-01
1.922914116263204076e-01
1.940307782775232137e-01
1.951126425047459978e-01
1.954859029923073921e-01
1.959111603178673999e-01
1.921225594867687902e-01
1.947998177821430865e-01
1.934552971584485026e-01
1.941903299640390934e-01
1.937006054295855040e-01
1.952379528773356132e-01
1.940783887790155926e-01
1.935460618930801013e-01
1.949424166820079019e-01
1.928226439807091130e-01
1.932407070707155006e-01
1.929782632779545037e-01
1.950967176723646113e-01
1.936141232180572935e-01
1.950875114116795983e-01
1.942468473715150135e-01
1.919112127526330092e-01
1.941899322826327878e-01
1.925768812543171005e-01
1.931299664398233029e-01
1.931771555591265954e-01
1.932556066720104992e-01
1.917070641623253024e-01
1.954895210137115868e-01
1.955539345844301002e-01
1.919465586866019036e-01
1.930958738608901937e-01
1.948998319609051011e-01
1.933721146600541063e-01
1.935382928480247899e-01
1.940303716905378006e-01
1.945910774677666044e-01
1.963473711969905000e-01
1.954426976207943034e-01
1.951168287741867902e-01
1.950672337511364929e-01
1.941513000129977129e-01
1.932636991054363096e-01
1.958429067377076005e-01
1.953212091697902886e-01
1.966767721722404993e-01
1.946286380483761014e-01
1.942425603184242955e-01
1.938583752876318900e-01
1.946693102151985100e-01
1.921837106055372113e-01
1.938507034209641100e-01
1.936388485662944026e-01
1.958011756804244885e-01
1.958407605070008883e-01
1.937018079282752936e-01
1.947419124273299940e-01
1.960537620280546067e-01
1.950783407261295899e-01
1.937229183386681985e-01
1.936882830141375966e-01
1.957061979292926135e-01
1.962945837071531086e-01
1.965674544873005081e-01
1.957483789216221126e-01
1.948748963439722870e-01
1.965574818345993957e-01
1.968170372272110002e-01
1.973633018688029928e-01
1.961842955997084026e-01
1.974019130586646131e-01
1.934345835432000060e-01
1.951257082933696985e-01
1.946637528773423886e-01
1.933775144064568963e-01
1.953943195125633914e-01
1.958507822075656879e-01
1.952858287736985998e-01
1.957102836794971101e-01
1.970505924126375874e-01
1.944797204048565875e-01
1.959311096687519904e-01
1.959339196403714067e-01
1.932260558369799930e-01
1.952046231802100906e-01
1.955943714827783897e-01
1.977677434284861868e-01
1.949984604994426107e-01
1.944143818726533912e-01
1.919325649570826908e-01
1.971433139190179040e-01
1.961345587612705055e-01
1.984405345004975896e-01
1.975727951332506005e-01
1.953718952025960964e-01
1.936574814833827984e-01
1.967412613732799076e-01
1.949968395107772867e-01
1.950748479783463996e-01
1.959583168009622067e-01
1.964080663333762911e-01
1.954076296753533004e-01
1.974510358189215109e-01
1.939112460841626862e-01
1.968197174771003921e-01
1.968189143929582052e-01
1.945781215799453068e-01
2.000859853045459102e-01
1.971863491317187023e-01
1.972614733883669980e-01
1.962175303178969876e-01
1.987656901447590052e-01
1.975488011937500121e-01
1.992420537251924084e-01
1.984104397612357906e-01
2.007444877108623960e-01
1.985497633557934960e-01
1.989572853446691936e-01
2.010522624201699082e-01
1.970719003428942906e-01
1.986077090501701947e-01
2.001860110985274055e-01
1.972142818681273946e-01
2.005561466502444046e-01
2.022544968567606127e-01
2.014129853659636094e-01
2.010006023170144984e-01
2.020881263574640929e-01
2.010192543536946097e-01
2.037805114233988135e-01
2.024131127144868925e-01
2.037600156119558081e-01
2.041570494576901984e-01
2.044350405542560978e-01
2.009381995228174123e-01
2.015266185722701109e-01
2.050050020446823051e-01
2.046733869070415934e-01
2.075827723403481928e-01
2.071999064634602039e-01
2.059279872612818918e-01
2.075363029502758916e-01
2.065953553292902978e-01
2.101272385881499949e-01
2.077400976785407916e-01
2.087333050770227016e-01
2.074224934651998919e-01
2.075724758518608937e-01
2.086702247861886017e-01
2.071624499209069048e-01
2.096042801415307077e-01
2.074966476612367938e-01
2.082930009865869014e-01
2.048229075237399943e-01
2.040060649501826973e-01
2.063153259174163867e-01
2.063537762755953131e-01
2.045338438235236866e-01
2.019361331272865046e-01
2.021528515756632893e-01
2.077111039428725103e-01
2.004038736366509088e-01
2.050625741284985981e-01
2.020790875708030898e-01
2.035730939190860123e-01
2.019724304244887025e-01
2.049538626642407879e-01
2.043024468559710982e-01
1.997800547008201089e-01
1.984575976354147897e-01
2.013865301286136000e-01
1.993964163502995879e-01
2.019761577614135883e-01
1.994649411627145985e-01
1.999651852737628910e-01
2.014216307710887111e-01
1.991988381208815995e-01
2.015416249450610875e-01
1.963154166196874884e-01
2.013800344940734066e-01
1.987541055232315002e-01
2.030854821562478874e-01
1.987929468065580962e-01
1.971111342098353925e-01
2.026013606460067007e-01
1.963243172586874030e-01
1.959631045926203963e-01
1.980790048793497071e-01
1.972062786937086032e-01
1.978388453989471940e-01
2.008885678065993885e-01
2.018842946627280865e-01
1.994304553874232944e-01
1.994928711837231083e-01
1.985197089906859946e-01
1.981118962590507904e-01
1.997439375875539880e-01
2.001365609361522024e-01
1.976618473635247952e-01
2.010982370305652023e-01
1.977373049378494951e-01
1.982377085068695866e-01
1.978668098760190119e-01
2.014501903709585984e-01
1.955707816694838008e-01
2.016883461676509948e-01
2.028506382713279876e-01
2.004600119960369964e-01
2.011316238677759993e-01
1.998874655926831945e-01
1.985726978715675883e-01
2.004896680685478993e-01
2.004017852635618102e-01
1.985049500330937078e-01
2.002045071188429948e-01
2.004832562659583095e-01
1.986631156968257927e-01
2.017049667081446118e-01
2.041266512065094962e-01
2.003385368007438994e-01
2.009894595020323138e-01
1.998154843502575884e-01
2.005823101724145130e-01
2.017785833225116121e-01
2.030970876941541881e-01
1.992383685659296910e-01
2.010365907910358074e-01
1.998097343133976023e-01
1.986381083038327999e-01
1.987403423334342112e-01
1.990616701021963031e-01
2.029963575367718931e-01
1.985953066795899946e-01
1.992940666736099098e-01
2.010188327330802993e-01
2.004533602720895979e-01
2.003788960554040988e-01
2.020069956074924955e-01
1.968867012509812886e-01
2.015594824673717922e-01
2.024138933674387020e-01
2.006137027320578914e-01
2.004422429638658132e-01
1.949965621767046076e-01
2.003216339417800973e-01
2.004659726645728057e-01
1.990636859261810110e-01
1.998768381485780954e-01
2.008604297366619051e-01
2.029172343143446910e-01
2.027473499252278877e-01
2.027253664938034050e-01
2.022158218265648899e-01
1.982557286498403126e-01
2.015367749939147024e-01
2.006122737566445879e-01
1.989227433059840011e-01
1.984090245606617009e-01
1.969775054755076027e-01
1.977563934528590028e-01
2.012598954140754903e-01
2.014285950799508951e-01
2.000000416070890907e-01
1.984456854227329980e-01
1.995867083057968894e-01
1.953663962747496929e-01
1.969782442985192061e-01
1.951191761107093914e-01
1.979526565218495127e-01
1.955335001487049917e-01
1.972264124674678043e-01
1.993994316935764066e-01
2.000162369775435878e-01
1.998250466883076948e-01
1.954151343123005924e-01
1.937649118407923921e-01
1.987835515093331062e-01
1.976185507509506945e-01
1.952879568429866930e-01
1.960680246327962950e-01
1.953087402355999924e-01
1.953915043447121969e-01
1.965375181900261004e-01
1.969886479365282050e-01
1.951206047498761920e-01
1.947299417544091082e-01
1.984324443029736873e-01
1.959541459664455865e-01
1.948118745962428011e-01
1.959544782049695011e-01
1.949588290631593113e-01
1.964874573899841048e-01
1.971050286540970975e-01
1.932145605344041117e-01
1.958688141896592905e-01
1.979170722666936111e-01
1.935313150718805941e-01
1.955243654167080070e-01
1.939692424376693036e-01
1.957761122654642916e-01
1.932656945756237032e-01
1.951613673692172979e-01
1.947987288385220062e-01
1.960520927150398995e-01
1.970236229129498917e-01
1.936959074852613871e-01
1.976752901141629049e-01
1.958511895226109079e-01
1.973438293106871966e-01
1.965301126103287110e-01
1.933457704748076100e-01
1.974877224226891936e-01
1.971123594401271995e-01
1.944905991650758004e-01
1.927630858768062949e-01
1.958399042593725048e-01
1.960931978520283891e-01
1.967182551065563001e-01
1.970543639415328896e-01
1.961788941816846044e-01
1.950145741670515909e-01
1.950124294634454913e-01
1.938996148227478955e-01
1.962712783436726116e-01
1.941555061830275986e-01
1.969364822677268922e-01
1.949564982851789974e-01
1.956102783278045876e-01
1.943778960894770036e-01
1.951205483892023973e-01
1.958509158085494917e-01
1.945870583959457001e-01
1.907930551551881015e-01
1.956335095253999012e-01
1.932501087998680922e-01
1.952163902105981952e-01
1.938403604984484940e-01
1.903189268681740876e-01
1.942255133636139053e-01
1.953223356290267887e-01
1.942049848292735914e-01
1.928784503824471086e-01
1.941340879378976869e-01
1.947477113335920051e-01
1.925257229074451015e-01
1.940419057250246937e-01
1.941833739361621958e-01
1.913892146335398892e-01
1.940670245184120124e-01
1.916755422946533061e-01
1.927689828811839090e-01
1.929527783982550870e-01
1.939877323967892919e-01
1.931116786899594040e-01
1.932155757470787882e-01
1.938931907494582108e-01
1.956386412097599892e-01
1.954530725439619088e-01
1.946037173067269865e-01
1.904194064056214108e-01
1.898543283145530114e-01
1.914863369974220964e-01
1.947815193386334132e-01
1.945202454469248943e-01
1.931139799272313939e-01
1.912704176910718923e-01
1.948248171721987110e-01
1.944778844506984128e-01
1.935343686882972924e-01
1.922409256509247932e-01
1.912427604826376915e-01
1.937028083152861069e-01
1.917486824435356008e-01
1.907809343900052079e-01
1.937249433744246963e-01
1.937187033999898111e-01
1.941339438653451044e-01
1.936468285796137112e-01
1.926236147002824972e-01
1.923919136194714996e-01
1.956792908138519915e-01
1.913727816700998008e-01
1.929643535881357952e-01
1.928974217989652129e-01
1.940836497552773099e-01
1.932647190372799029e-01
1.941288788703824930e-01
1.958711489886633128e-01
1.937432158691221040e-01
1.934384029946648875e-01
1.933813414094847916e-01
1.925790466477081964e-01
1.930919652718509905e-01
1.943902686095669019e-01
1.936954624632893085e-01
1.933838618459637060e-01
1.942438391378769891e-01
1.940515283154606863e-01
1.902358267380822032e-01
1.918897026404710049e-01
1.927441511958424003e-01
1.946495323348780004e-01
1.920250882073298027e-01
1.933174122611044099e-01
1.941211244992535889e-01
1.947334751488898064e-01
1.936970783398558049e-01
1.938332627814061127e-01
1.929589539844543955e-01
1.884928038264160055e-01
1.958623962424096976e-01
1.930010314431800933e-01
1.926155147122018130e-01
1.927195778574269103e-01
1.934618489664000907e-01
1.929950046062725022e-01
1.926511176697753014e-01
1.934566432115880918e-01
1.920422461836100991e-01
1.945938290190430964e-01
1.938031878630047111e-01
1.946321644571837872e-01
1.928904345578296986e-01
1.942037896845500988e-01
1.940773299374531913e-01
1.952545740465450874e-01
1.908023116914651096e-01
1.929593118136181118e-01
1.932242907346813920e-01
1.924274017334358933e-01
1.949816756042649923e-01
1.928176635652613102e-01
1.934501279560756071e-01
1.925565159316287023e-01
1.937599001498813978e-01
1.944464781385566998e-01
1.934622901861176025e-01
1.933274268317239086e-01
1.912927507878159905e-01
1.929707673052341865e-01
1.942410035170309135e-01
1.919057570614788877e-01
1.905366592127054892e-01
1.916290740767913892e-01
1.934131325599426909e-01
1.924690206430710038e-01
1.939551285187572915e-01
1.942840012039256103e-01
1.943217179126310867e-01
1.935237703841548862e-01
1.946647607567101035e-01
1.927894718201697000e-01
1.940738442820982013e-01
1.931870398160933089e-01
1.940248217842590051e-01
1.960081459998679887e-01
