-8.942850850760101125e-12
-1.085456932911179617e+00
-2.073463848537726761e+01
-2.225879989107729884e+01
-3.141044950631590282e+00
1.894607354712762870e-01
1.989398249269345997e-01
1.976347802253362040e-01
1.924769535639956897e-01
1.991050407145256995e-01
1.949945122147735133e-01
1.961937610454597969e-01
1.934065359388071059e-01
1.973111194776450972e-01
2.002171499807919031e-01
1.998835710062611126e-01
1.995369279631767911e-01
2.007704325999981054e-01
1.970226013050430935e-01
2.026238248764365979e-01
1.972194189710587964e-01
1.954271956826355017e-01
2.007219341651801936e-01
2.001101542117212084e-01
1.991755040077506922e-01
2.001607323536175875e-01
2.011489760770646118e-01
2.006961416258556119e-01
2.040821827209735873e-01
2.048550067748199921e-01
1.999041666615793134e-01
2.050687788865800942e-01
2.021282744605709114e-01
2.018252892320772096e-01
2.072202109925709024e-01
2.036837844433714018e-01
2.043608616480593887e-01
2.073444325930444976e-01
2.053193598989755952e-01
2.048443114123897901e-01
2.084699186698686924e-01
2.095021449842721095e-01
2.090238535317733015e-01
2.082405743011339905e-01
2.085796577608471092e-01
2.094968840065347948e-01
2.084477974146694002e-01
2.103205394125075012e-01
2.111125760659602890e-01
2.097848002061492023e-01
2.133692575819086112e-01
2.130750132088974902e-01
2.163657486832251953e-01
2.150939996791770004e-01
2.170886606752457926e-01
2.165668597691000896e-01
2.207511971317920874e-01
2.206216564926807011e-01
2.201335737727410924e-01
2.210386595953109934e-01
2.226920330801125947e-01
2.175340172871297051e-01
2.245547071148168983e-01
2.230270186905103924e-01
2.195391267151280967e-01
2.257593294825586128e-01
2.259853885224500092e-01
2.296945243296336092e-01
2.297161139647755923e-01
2.280569119519305910e-01
2.307761460906855022e-01
2.305143294313923008e-01
2.331915032456046977e-01
2.323850061605766959e-01
2.323118160712245028e-01
2.360465794062966971e-01
2.383249143677121928e-01
2.365384328807967063e-01
2.390033829705671964e-01
2.449763278217811091e-01
2.416797287323743937e-01
2.464111828804040061e-01
2.473839856571714013e-01
2.468947747929360892e-01
2.499212778159292103e-01
2.509747765613585813e-01
2.553839824510045764e-01
2.528165501605499910e-01
2.507748568355652186e-01
2.577155288710749059e-01
2.565425545334610868e-01
2.624393043387666102e-01
2.642323977372340038e-01
2.664785260119889032e-01
2.639130990114216813e-01
2.730608261311547880e-01
2.746390348276869786e-01
2.718835502840432072e-01
2.806061875268993089e-01
2.798872624166929834e-01
2.837880403778841876e-01
2.815842082500458199e-01
2.857221546784201038e-01
2.885125576466835984e-01
2.897662498060336045e-01
2.944613459022086821e-01
2.913339536379412897e-01
2.962410645956282118e-01
2.932138433951709811e-01
2.973502143217020000e-01
2.964983179496175070e-01
2.970948163516767826e-01
2.997743840093811118e-01
3.004524758052334876e-01
2.986900953079438259e-01
2.997944312803842992e-01
2.999788883630128966e-01
2.977826996513264213e-01
3.025269445512031030e-01
3.044546646364840736e-01
3.051619744928337208e-01
2.997350981480105814e-01
3.067347825565879815e-01
3.061766016425213066e-01
3.040183382186054106e-01
3.056245961237477049e-01
3.089393917318374871e-01
3.090431226997686909e-01
3.068925637938194062e-01
3.095818525646575892e-01
3.106480480925059018e-01
3.128065954632779921e-01
3.141735376576278993e-01
3.142141094829856152e-01
3.172665927309140099e-01
3.168223393215091055e-01
3.161761425780660884e-01
3.212170200483616123e-01
3.183762920357051107e-01
3.215818972345786952e-01
3.238702212400969005e-01
3.225360403413211063e-01
3.239703536768269165e-01
3.213466690322288044e-01
3.250234129159149110e-01
3.312442976726516775e-01
3.314609491159967725e-01
3.311542841564625861e-01
3.299157368309617033e-01
3.298681985542913919e-01
3.370792172281337762e-01
3.357167791739720797e-01
3.362701298817131756e-01
3.371579240665448784e-01
3.421025621996640065e-01
3.417540210354942931e-01
3.434645320637076948e-01
3.491351243111203151e-01
3.465793306211512048e-01
3.511478554549151143e-01
3.522246554195904156e-01
3.564122963165654023e-01
3.560990120882693843e-01
3.566262848714285005e-01
3.607709529703860829e-01
3.665741817879011877e-01
3.666559010857793899e-01
3.668978057287584083e-01
3.723011773746510156e-01
3.729947425505700798e-01
3.739473985617742247e-01
3.776834911032012077e-01
3.797872147879121085e-01
3.817019212811393891e-01
3.841299828898103730e-01
3.877769292818817881e-01
3.925718131142449940e-01
3.887150991791216148e-01
3.935070256774123032e-01
3.915120973755014111e-01
3.972717415357294168e-01
3.952175888913825874e-01
4.009137649612998788e-01
3.988138399932324996e-01
4.086256695061087907e-01
4.068483059187117945e-01
4.040466093376613999e-01
4.046273511783647914e-01
4.113943291187501794e-01
4.109374407152902031e-01
4.143022826359574751e-01
4.173587488113832955e-01
4.248879015672600845e-01
4.186548133595062726e-01
4.275785250284511174e-01
4.271557653577007785e-01
4.297356630638092811e-01
4.367804487771198008e-01
4.349369994978768972e-01
4.380683039633140874e-01
4.376558802409756255e-01
4.441180240625112741e-01
4.420041759053331965e-01
4.453660057040688125e-01
4.461754810947152761e-01
4.464338997412817811e-01
4.488304595238239991e-01
4.551209527336059768e-01
4.531838850447993949e-01
4.529121352026699854e-01
4.540821585906426039e-01
4.552442367120417832e-01
4.598441234768014807e-01
4.581452327969937066e-01
4.601275888765770095e-01
4.657355338109370746e-01
4.691183521514237231e-01
4.663089316015109898e-01
4.663968493186256836e-01
4.699145976275773129e-01
4.689319870815741864e-01
4.674736522330790178e-01
4.718852801391942853e-01
4.751552496539444004e-01
4.753529226230356897e-01
4.827829620403386035e-01
4.837741817346996043e-01
4.884847592520297210e-01
4.872856136816071104e-01
4.900896425772873766e-01
4.911587031197813258e-01
4.912090256887546857e-01
4.955514795608380041e-01
4.983314125130027250e-01
4.971594485066502256e-01
4.969640345520466851e-01
4.981669473383170121e-01
5.056045282899452875e-01
5.083678229293616679e-01
5.095213353941586698e-01
5.087669369053352542e-01
5.153295228095075009e-01
5.187411802972128338e-01
5.206139240396663315e-01
5.262267247154011063e-01
5.227367511701593861e-01
5.283995481848600129e-01
5.354743899639572424e-01
5.374484900182193714e-01
5.393066737363589880e-01
5.428938054657345136e-01
5.485600504858637594e-01
5.442363480121731323e-01
5.484619255254111758e-01
5.594283632979165644e-01
5.607642730439700296e-01
5.636111398463425903e-01
5.679778249710859539e-01
5.737242756495744000e-01
5.776119609552994305e-01
5.778665605089292612e-01
5.847529967225565395e-01
5.795499495000671075e-01
5.716285496355221207e-01
5.775092984465498569e-01
5.749728998404040059e-01
5.663124364605049976e-01
5.710058087844703811e-01
5.691017158405662357e-01
5.685788357210043165e-01
5.655213700894905493e-01
5.658334866585883471e-01
5.602144217936936288e-01
5.636887748092965778e-01
5.580920175508057302e-01
5.566514321013724675e-01
5.532617412952757219e-01
5.550425374021279445e-01
5.553546162117931617e-01
5.520456674963828414e-01
5.430795644218974205e-01
5.455069698003186529e-01
5.510785618181628376e-01
5.481640423813962659e-01
5.447359494434694804e-01
5.396250420589669972e-01
5.449008940367575660e-01
5.448731927952488174e-01
5.398640159761743940e-01
5.434008122024643894e-01
5.398343002849531613e-01
5.447749554985220621e-01
5.417630900587618870e-01
5.375269691541701977e-01
5.442744027081632963e-01
5.398382558226267891e-01
5.417237462035263684e-01
5.429029433361034496e-01
5.351167600034394400e-01
5.346844035044842069e-01
5.237324314770583911e-01
5.165468370098287298e-01
5.113629977477981425e-01
5.093366504265339767e-01
4.970925814385405150e-01
4.983913434282951083e-01
4.900694254643003234e-01
4.853373324751003026e-01
4.785114537773059729e-01
4.711533102900278824e-01
4.715221372964130131e-01
4.709245174271662893e-01
4.619446588759809069e-01
4.597830549086044938e-01
4.579275181296285080e-01
4.589971203339726080e-01
4.505302372923650212e-01
4.506987837991467960e-01
4.457011535403678781e-01
4.468504716766574791e-01
4.447177400879029907e-01
4.410562528088713963e-01
4.412371881588690870e-01
4.357033279128957881e-01
4.302094333586939934e-01
4.279464754759187972e-01
4.288685321347687762e-01
4.235093660203840815e-01
4.206880040220317141e-01
4.282248680976589172e-01
4.170494514245350892e-01
4.170049411052350052e-01
4.203019941077713040e-01
4.236304149356228121e-01
4.089297525431235814e-01
4.065181614613994077e-01
4.117487616450061783e-01
4.086085327558030000e-01
4.126227570738033035e-01
4.072248097939322742e-01
4.042826519257015083e-01
4.027899641145344933e-01
4.005120986924933235e-01
4.018539962164316970e-01
4.036432416130723011e-01
3.995231886486422246e-01
3.984299662942116238e-01
3.959554005662478948e-01
3.950932831353187735e-01
3.934470223550932122e-01
3.960639714579843873e-01
3.961680892650865093e-01
3.933922430284910732e-01
3.904789324285383723e-01
3.930609119004079277e-01
3.950467028549923820e-01
3.834622113196349269e-01
3.883705243366621929e-01
3.888665670245904926e-01
3.883899611237716099e-01
3.901438455566543229e-01
3.780384584324373853e-01
3.849843921771273769e-01
3.809291591226749985e-01
3.865591751235391005e-01
3.848562411665161220e-01
3.835369672530282159e-01
3.825135663387131957e-01
3.862776076101706035e-01
3.858077022428214042e-01
3.770452757883525075e-01
3.804877575699979753e-01
3.727707195832347109e-01
3.774850091478337277e-01
3.732459306463734028e-01
3.769668254496792992e-01
3.730789265909127961e-01
3.771954491410500765e-01
3.718577635232473977e-01
3.683151530711130106e-01
3.681648853251093811e-01
3.679287403357917041e-01
3.674765378097221147e-01
3.660016758881138865e-01
3.660130401496257124e-01
3.620600733139980876e-01
3.631695666640054054e-01
3.640321420826637122e-01
3.640330505119492854e-01
3.591464915678040937e-01
3.595566146688071729e-01
3.552631180908741859e-01
3.553320099556043776e-01
3.524793456808015257e-01
3.497851953277915094e-01
3.512791195957625234e-01
3.450475142437501863e-01
3.386623567110843003e-01
3.374279136923707956e-01
3.346351246274412161e-01
3.360559206660057030e-01
3.337025879490767011e-01
3.308335876598380021e-01
3.278904226652066822e-01
3.269832438145562903e-01
3.252080773297851835e-01
3.231962362116553855e-01
3.222380788051421030e-01
3.186488672466997740e-01
3.175563377824340838e-01
3.173732171913917766e-01
3.178368701074912872e-01
3.138563198420528111e-01
3.138547993180696993e-01
3.087480212235848009e-01
3.103651542150216991e-01
3.081258351085970904e-01
3.054741056049254944e-01
3.035758806799974119e-01
3.011696145564056182e-01
3.033824499397589913e-01
3.048701356283496922e-01
2.959424218245936822e-01
2.994210458436477040e-01
2.970271510613122223e-01
2.961348847805231888e-01
2.970845671689322787e-01
2.956281832102241047e-01
2.935895392892703959e-01
2.950144498209920085e-01
2.851558072960995727e-01
2.866159185871016146e-01
2.917307115287852137e-01
2.876618186410960232e-01
2.890401881352318014e-01
2.869307220396578040e-01
2.834002931804820991e-01
2.799303871671928179e-01
2.798140845505208141e-01
2.824414796420589013e-01
2.814099655878605777e-01
2.803192687925188942e-01
2.781834362118918991e-01
2.826856303218410749e-01
2.754495480192907797e-01
2.780334588994092804e-01
2.750736940830402766e-01
2.758521485251176908e-01
2.764845438533335975e-01
2.742321047306314208e-01
2.741228209255796022e-01
2.716215897536506940e-01
2.711047558594539830e-01
2.693693773420575144e-01
2.695993610623123038e-01
2.688637739822485884e-01
2.680315063516583995e-01
2.667104937697651890e-01
2.681687306414429761e-01
2.667505050376389741e-01
2.662878453926242894e-01
2.651101006588956199e-01
2.625147089289213143e-01
2.626018689552865881e-01
2.643200315699262837e-01
2.611376862712015967e-01
2.610643540439923083e-01
2.602377702487360112e-01
2.576073874748670001e-01
2.575242543974721743e-01
2.568817209643426969e-01
2.566222814795535156e-01
2.556216782545830957e-01
2.552656456945688879e-01
2.549548187873024174e-01
2.534067193598613099e-01
2.537690612250184108e-01
2.526334989030085132e-01
2.523150294947522077e-01
2.504661470502904108e-01
2.504739138908523843e-01
2.527322705208687736e-01
2.534176279175763269e-01
2.504862356967701986e-01
2.479097188377276106e-01
2.497547616171212903e-01
2.462145432616925922e-01
2.483261956131566917e-01
2.482980869685670056e-01
2.456213813241676924e-01
2.446965497209022122e-01
2.470264538621501915e-01
2.470733691371269913e-01
2.431456477893922108e-01
2.451321421825168878e-01
2.431724666849217897e-01
2.424055774083463954e-01
2.460102484136980072e-01
2.418323519221020901e-01
2.413018885190187923e-01
2.434355766725951886e-01
2.408261006045812058e-01
2.423563152320777903e-01
2.389539197818220939e-01
2.407118433266292046e-01
2.407758179170335078e-01
2.392775321125855947e-01
2.356674342104405073e-01
2.380415678702793025e-01
2.409641286266472893e-01
2.408402049485300900e-01
2.379954281095151003e-01
2.380414709362496939e-01
2.395569462299091956e-01
2.391740585013235054e-01
2.390440114165570118e-01
2.383220130302141915e-01
2.351144174802045073e-01
2.371045011635188882e-01
2.379252002522889986e-01
2.370237857738330955e-01
2.344343805285754867e-01
2.340494304042405049e-01
2.376146160248351902e-01
2.345678886462438939e-01
2.330881415179724969e-01
2.353362940292184069e-01
2.348047167068759988e-01
2.336743390066255976e-01
2.350367531522450093e-01
2.349974171170191029e-01
2.365429572497594057e-01
2.299818975035934909e-01
2.355509930002893104e-01
2.361391325518508999e-01
2.338838843478212026e-01
2.327707147209198968e-01
2.329770988731940939e-01
2.340093702112009122e-01
2.328564023745650913e-01
2.330965126078702043e-01
2.344535008396261000e-01
2.339869133840463133e-01
2.347278555699987002e-01
2.340729039803627898e-01
2.329768139765099888e-01
2.323321024031697879e-01
2.337720722318712974e-01
2.316553435207008016e-01
2.321214955950302028e-01
2.291785957402988905e-01
2.343555675901247970e-01
2.336995065356403944e-01
2.324277914616149909e-01
2.341079625593172064e-01
2.324955110927451052e-01
2.312466590654750909e-01
2.353896209647937943e-01
2.338458061971432078e-01
2.359593643109466898e-01
2.356049885200376948e-01
2.343232431044630082e-01
2.375244854089811897e-01
2.330413921269111066e-01
2.344135815388564970e-01
2.365717913842514120e-01
2.366674050146926056e-01
2.361973291839905009e-01
2.341151585015661951e-01
2.351004385685024900e-01
2.343336837303700015e-01
2.402485671710777870e-01
2.354096456177801888e-01
2.388716835829793883e-01
2.386967160074981997e-01
2.368531416996207950e-01
2.379654510443681981e-01
2.380041009176686873e-01
2.401778483802707864e-01
2.387931109281417885e-01
2.392868110055219044e-01
2.402111781492750064e-01
2.393703758792045111e-01
2.396776240417687887e-01
2.421168121964316078e-01
2.406312803165412129e-01
2.408780560396681092e-01
2.422250883973061097e-01
2.425552131887444007e-01
2.402880923087591103e-01
2.394283985613979981e-01
2.378216737997843055e-01
2.355116778178346082e-01
2.353063145097618047e-01
2.374720429360974994e-01
2.346492146674646062e-01
2.333614588497348874e-01
2.330856896549851065e-01
2.323551132961302890e-01
2.289872857939075912e-01
2.261006097170714102e-01
2.315855449432153990e-01
2.279468446769843115e-01
2.298901789747367919e-01
2.216010959354869914e-01
2.241028456427832938e-01
2.244860330374904012e-01
2.277728752254110922e-01
2.199123478645630125e-01
2.273761214352900129e-01
2.260183745534395938e-01
2.223644666328384867e-01
2.229293544273961980e-01
2.156058977771944940e-01
2.185288858584643890e-01
2.178663426547549908e-01
2.198689088656932134e-01
2.172730671687652104e-01
2.151468762219325981e-01
2.181982775717316025e-01
2.148026687476901064e-01
2.133250568631668009e-01
2.160205086348523928e-01
2.151314025531234908e-01
2.073383661011146961e-01
2.122868808597103973e-01
2.149661255356112022e-01
2.103857837903158889e-01
2.068792644157446126e-01
2.113670142247789097e-01
2.076986700750307890e-01
2.097801172794404867e-01
2.098600088431935018e-01
2.069841676206087000e-01
2.059089482820000983e-01
2.037073341101384993e-01
1.999674589161226923e-01
2.038909654802930904e-01
2.050270172244721134e-01
2.034351491039579907e-01
2.029919177220556870e-01
2.081107812704633964e-01
2.055439562750460136e-01
2.065675234094055124e-01
2.060122236689984898e-01
2.013792014331755864e-01
2.034852182958444000e-01
2.011334946422193015e-01
2.065322515499549982e-01
2.032992430707085962e-01
1.994628811646816935e-01
1.998212073549537060e-01
2.020006673765193939e-01
1.980123915641411880e-01
1.996433436566434905e-01
2.010108918155547875e-01
2.028651912010989988e-01
2.027884780171843870e-01
2.001817306720319878e-01
2.045166553277791011e-01
2.012862934051520003e-01
2.004955864461976933e-01
2.021599491141342075e-01
1.996512895973293900e-01
2.020524183738761081e-01
1.996867426486985952e-01
1.957826142184763973e-01
2.022052517320347964e-01
2.060168497776699026e-01
2.002278214992695982e-01
2.011891884384459095e-01
2.027829246280991871e-01
2.030227396938746875e-01
1.987178899894317952e-01
2.026782848008724935e-01
2.021977583752606888e-01
2.030243216917939908e-01
2.003181891208768994e-01
2.024544066895755112e-01
2.006179666656031924e-01
1.999734651729722923e-01
2.016968273582143978e-01
2.031367595681830007e-01
1.996057345411353101e-01
2.009679712703159038e-01
1.990793034480947132e-01
2.000042299462183870e-01
2.037307963174100067e-01
2.032537904707739096e-01
2.016062391744264104e-01
2.029668404617754884e-01
2.063506809555736010e-01
2.006355178550718876e-01
2.074500462741190876e-01
2.038865027561186094e-01
2.050144823093131008e-01
2.047979890047731955e-01
2.023327975480752050e-01
2.052881232956521862e-01
2.047536561548126133e-01
2.081533346382702931e-01
2.062256178538451890e-01
2.087557343666691101e-01
2.049172473950036932e-01
2.081441562739300977e-01
2.090232920981879017e-01
2.096244862979345092e-01
2.099155458323924972e-01
2.104984152497511862e-01
2.109556678277708930e-01
2.125772706246930044e-01
2.095386305729373955e-01
2.158582286226896074e-01
2.131727030710121873e-01
2.134529147985680109e-01
2.115932086385738098e-01
2.145544591852958927e-01
2.133691998227464082e-01
2.131759965753605990e-01
2.156306008292233067e-01
2.143752964931986971e-01
2.194827552751993927e-01
2.186193134611200128e-01
2.207705314968622934e-01
2.208193839144821091e-01
2.206835173613942991e-01
2.212014598779765973e-01
2.217787253280776028e-01
2.183474763420900910e-01
2.194958821689076967e-01
2.242861185221453890e-01
2.271763098939516001e-01
2.249333996782579004e-01
2.237391991267669022e-01
2.251021204488022898e-01
2.233086582903520134e-01
2.242497233978602011e-01
2.304386718409771051e-01
2.274227662781674042e-01
2.298777794138369968e-01
2.351065619379461014e-01
2.269663849925827037e-01
2.316243987301641882e-01
2.378218328435232065e-01
2.313595065154682995e-01
2.363198531897343080e-01
2.388469623350960025e-01
2.399400060826775982e-01
2.394151854255457124e-01
2.477353807760860060e-01
2.491438411620066906e-01
2.432465292209869956e-01
2.471783204846692006e-01
2.518185412225225073e-01
2.431636416297981995e-01
2.511866781615227917e-01
2.487653794100586901e-01
2.490833785696096037e-01
2.516030664531839767e-01
2.590804302081687882e-01
2.633430023940337983e-01
2.626925798140135049e-01
2.622941070194116930e-01
2.628398517852389982e-01
2.688043153695245935e-01
2.691447564139881066e-01
2.710544963551385078e-01
2.738695732917396097e-01
2.799411042355778867e-01
2.768007340186748877e-01
2.770226355615241220e-01
2.756022112030777071e-01
2.852432387845854067e-01
2.927521852093077914e-01
2.874237600462106745e-01
2.924076444148349108e-01
3.005474098705072095e-01
3.028955525289003803e-01
3.042663957865138769e-01
3.066075656089518042e-01
3.106160900626718790e-01
3.126842197264141920e-01
3.209360959375601174e-01
3.275704053547667249e-01
3.290133188930431940e-01
3.335547536077798081e-01
3.409437232736551859e-01
3.427742722325543001e-01
3.501455293806832736e-01
3.538209842156780915e-01
3.644650349339063067e-01
3.582052715446136792e-01
3.622864338380232807e-01
3.548933281232488079e-01
3.549072668356171856e-01
3.608944179692569754e-01
3.605946392793833999e-01
3.620035014548986796e-01
3.596190781755497778e-01
3.565504680234312107e-01
3.606301814661794225e-01
3.543185573579479830e-01
3.593006469383540069e-01
3.572541786798567043e-01
3.569897011022967748e-01
3.608390360372087935e-01
3.555800523477422037e-01
3.573671375515276027e-01
3.631282237971302784e-01
3.632392241933607990e-01
3.580946829632570272e-01
3.549844807124608037e-01
3.587261631468439127e-01
3.597175943496743189e-01
3.590631518683374823e-01
3.606245212984751092e-01
3.611293364466293121e-01
3.620437758413322937e-01
3.643818098986479903e-01
3.660248203777282106e-01
3.620022450587758178e-01
3.667208978237054828e-01
3.631832964153193788e-01
3.617575774691956236e-01
3.683913873349232149e-01
3.650674853102717221e-01
3.686979798221389770e-01
3.670502716804079912e-01
3.674676460000729228e-01
3.716442683366993904e-01
3.707526375190118850e-01
3.689116747989087952e-01
3.692244654167842755e-01
3.747747101718055807e-01
3.710199349815623826e-01
3.730679423618212809e-01
3.791629016601102964e-01
3.786020827925734022e-01
3.695095732885053108e-01
3.759826699440287912e-01
3.792206831497771935e-01
3.772812943734301094e-01
3.809139228956214263e-01
3.786826922047294985e-01
3.701912533097249103e-01
3.649085664300303899e-01
3.537009426550349889e-01
3.521932995834280988e-01
3.414193746128590945e-01
3.351668712170294828e-01
3.255966162412117226e-01
3.258637271092821863e-01
3.205246105561389003e-01
3.122287899445255754e-01
3.102893724902618944e-01
3.052745168843382095e-01
3.035305515561559919e-01
3.001846724542864830e-01
2.972489308698172961e-01
2.927322327386485123e-01
2.922350771971808925e-01
2.837026579602964782e-01
2.862317550127704835e-01
2.815472581535761187e-01
2.790342316867824857e-01
2.790799796095418950e-01
2.775350114276415869e-01
2.733190811367706141e-01
2.679647353358874939e-01
2.702322362205448747e-01
2.641299380671289776e-01
2.597811304224176832e-01
2.639747575411344749e-01
2.565773440045316933e-01
2.597292520151904260e-01
2.570947539706147089e-01
2.579246485951541823e-01
2.545788604893323148e-01
2.535302291448671141e-01
2.518121620327061772e-01
2.485584320110487133e-01
2.484921027502708935e-01
2.492074842314525862e-01
2.421019071950100965e-01
2.419780123298468089e-01
2.427094011165679965e-01
2.399506429606348135e-01
2.409222379048769069e-01
2.398377572391943990e-01
2.362317353381739871e-01
2.349264844761629889e-01
2.312046809401279990e-01
2.340299070010102012e-01
2.325846559030347871e-01
2.307889490165689894e-01
2.301725141543581876e-01
2.318467758469061890e-01
2.244569391327151942e-01
2.268993586764130044e-01
2.267659127463076130e-01
2.253272228190623949e-01
2.248570282704862033e-01
2.238149315992929989e-01
2.196004480080591126e-01
2.229053661271057918e-01
2.234000385958891943e-01
2.181807588180608992e-01
2.165947209363394133e-01
2.213450826586710052e-01
2.155142968678790960e-01
2.144853538806152926e-01
2.149615954794618922e-01
2.119307749496432969e-01
2.135575881845407920e-01
2.145165785497739896e-01
2.136131374708729047e-01
2.113235154358998058e-01
2.123708236361329105e-01
2.132596942093009929e-01
2.104797246919553055e-01
2.092909358751952886e-01
2.112035645629944947e-01
2.098558676978800885e-01
2.055104016178780912e-01
2.114498575799708124e-01
2.073079578465706896e-01
2.071840651589592908e-01
2.070057267131908130e-01
2.072549727137573961e-01
2.083862318855367046e-01
2.052757319283108062e-01
1.999890352668536042e-01
2.077368310248456917e-01
2.012843492415359037e-01
2.006497904267492971e-01
2.071997623788172094e-01
2.017934320583711916e-01
2.047231418215225973e-01
2.046266163356454115e-01
2.053525600323911071e-01
2.043072796383527956e-01
2.010509328354155023e-01
1.997100860551642987e-01
2.015414217935729002e-01
2.001904022415854079e-01
2.010216982533420960e-01
2.031291329343853092e-01
1.980546794458707960e-01
2.009327390658121881e-01
2.013169715146062022e-01
1.960906913593843115e-01
2.005716555918025112e-01
2.002493292575651951e-01
2.005908376401210891e-01
2.009818759320498027e-01
1.975296252236654893e-01
1.980739320344880872e-01
1.997613507935246946e-01
1.997494960940988940e-01
1.989952217758594044e-01
2.006044912493251120e-01
1.971174030564427082e-01
1.985534789548356882e-01
1.937185061543094944e-01
2.029786763184965870e-01
1.977142437814347065e-01
2.016066048982592118e-01
1.976977528372189929e-01
2.001836277855582047e-01
2.003848976030452866e-01
1.973076465341850882e-01
2.002675138466470939e-01
2.004063916188557892e-01
1.990219859423744131e-01
1.979673238483979913e-01
2.012790230199809072e-01
1.995218488753124075e-01
1.951047424197452085e-01
1.988373929965830123e-01
1.994569851757131973e-01
1.974778708376827008e-01
2.014633124096097960e-01
1.992757390202095080e-01
1.976563762643540889e-01
1.958088265951583862e-01
2.015571634850933103e-01
1.982855669418782940e-01
1.989573783398483064e-01
1.993710077327122132e-01
1.976607197525319937e-01
1.975221027356884873e-01
1.928704279301076963e-01
1.989487418082767911e-01
2.013947239330400041e-01
2.002503838356277932e-01
1.987576562273218883e-01
1.971215285407517948e-01
2.008840593457061896e-01
2.012539082823112946e-01
2.003465954997518950e-01
2.027370065202822869e-01
1.989113218376059034e-01
1.974787886620409938e-01
1.990376211206174029e-01
1.989714903521170031e-01
2.029204450268120019e-01
2.007721645750746020e-01
1.969007803377733901e-01
1.990538301390182008e-01
2.010133681327430089e-01
2.023134223566780965e-01
1.983280481143714080e-01
2.012714556753796014e-01
2.016728832032433916e-01
1.991921299895514086e-01
2.004277287595327972e-01
2.030094882752501995e-01
1.970981055217624067e-01
2.080640832336204948e-01
2.018476320464162865e-01
2.037385173748700040e-01
2.039480349980397900e-01
2.041686037154563926e-01
2.006638611386599991e-01
2.020641329603664049e-01
2.057287634882515870e-01
2.045516240322240997e-01
1.983476854023829006e-01
2.051325523252557070e-01
2.048409929958542874e-01
2.034456979754089012e-01
2.042787322392332905e-01
2.048525303930635866e-01
2.020206063379370864e-01
2.044693553972453948e-01
2.047208177254793982e-01
2.022219013116308972e-01
2.025809987793968092e-01
2.013161813671922873e-01
2.009845413404199033e-01
1.990769005736539865e-01
2.010379135692431929e-01
1.992641029133385977e-01
2.016509694741294989e-01
1.995597419391612892e-01
2.016217443337582071e-01
1.959878201631168049e-01
2.002392411499986091e-01
1.948620286752527908e-01
1.973524786732751002e-01
1.988617016239732083e-01
1.995978252378141082e-01
1.997582334754333944e-01
1.978910998691073009e-01
1.990616604263958922e-01
1.981121959874360960e-01
1.988669961300791045e-01
1.944082695590458876e-01
1.990285264979438085e-01
1.950500837756294070e-01
1.975573117464204942e-01
1.974781449226651886e-01
1.970386430782062881e-01
1.935583293779039038e-01
1.963164129464947116e-01
1.947142636077902889e-01
1.982947803979293044e-01
1.971968702253256989e-01
1.958515766754025944e-01
1.958747129907318918e-01
1.969153520959689985e-01
1.964882459866802988e-01
1.951794593622372120e-01
1.944916949106114124e-01
1.974588640361283898e-01
1.947598862749762016e-01
1.959299320466867944e-01
1.968584848901492879e-01
1.973285850484410020e-01
1.968589306767551950e-01
1.950087371336582109e-01
1.984265174671334120e-01
1.953630342432139955e-01
1.926884129894856912e-01
1.961764971233120047e-01
