-1.325723819020166053e-16
-8.063537464163182955e-01
-1.718790943789032966e+01
-1.010681198346065912e+01
-3.138717186566934103e+00
5.353151475619934985e-01
5.353218095118892350e-01
5.353527563153761548e-01
5.354038131520548749e-01
5.353906865597335418e-01
5.354199387562610379e-01
5.354789826538008946e-01
5.355173151957891564e-01
5.355898906476824761e-01
5.356420221593125586e-01
5.357366035353806621e-01
5.358229955422926238e-01
5.359410759320005768e-01
5.361017485287175033e-01
5.362184036535448950e-01
5.363236912966921066e-01
5.364715933280375104e-01
5.366192545420056526e-01
5.367803730241378357e-01
5.369842920907821338e-01
5.371483299042232318e-01
5.373520296698560683e-01
5.375987313696000136e-01
5.378669403848597153e-01
5.380278147143422451e-01
5.382316445729513621e-01
5.384785865185015563e-01
5.386980473745361930e-01
5.389475291059684370e-01
5.392283739745197257e-01
5.394903837724891460e-01
5.397958846090173957e-01
5.401451137161886740e-01
5.404932983682585457e-01
5.408613977884906276e-01
0.000000000000000000e+00
0.000000000000000000e+00
0.000000000000000000e+00
0.000000000000000000e+00
0.000000000000000000e+00
0.000000000000000000e+00
0.000000000000000000e+00
0.000000000000000000e+00
0.000000000000000000e+00
0.000000000000000000e+00
0.000000000000000000e+00
0.000000000000000000e+00
0.000000000000000000e+00
0.000000000000000000e+00
0.000000000000000000e+00
0.000000000000000000e+00
0.000000000000000000e+00
0.000000000000000000e+00
0.000000000000000000e+00
0.000000000000000000e+00
0.000000000000000000e+00
0.000000000000000000e+00
0.000000000000000000e+00
0.000000000000000000e+00
0.000000000000000000e+00
0.000000000000000000e+00
0.000000000000000000e+00
0.000000000000000000e+00
0.000000000000000000e+00
0.000000000000000000e+00
0.000000000000000000e+00
0.000000000000000000e+00
0.000000000000000000e+00
0.000000000000000000e+00
0.000000000000000000e+00
0.000000000000000000e+00
0.000000000000000000e+00
0.000000000000000000e+00
0.000000000000000000e+00
0.000000000000000000e+00
0.000000000000000000e+00
0.000000000000000000e+00
0.000000000000000000e+00
0.000000000000000000e+00
0.000000000000000000e+00
0.000000000000000000e+00
0.000000000000000000e+00
0.000000000000000000e+00
0.000000000000000000e+00
0.000000000000000000e+00
0.000000000000000000e+00
0.000000000000000000e+00
0.000000000000000000e+00
0.000000000000000000e+00
0.000000000000000000e+00
0.000000000000000000e+00
0.000000000000000000e+00
0.000000000000000000e+00
0.000000000000000000e+00
0.000000000000000000e+00
0.000000000000000000e+00
0.000000000000000000e+00
0.000000000000000000e+00
0.000000000000000000e+00
0.000000000000000000e+00
0.000000000000000000e+00
0.000000000000000000e+00
0.000000000000000000e+00
0.000000000000000000e+00
0.000000000000000000e+00
0.000000000000000000e+00
0.000000000000000000e+00
0.000000000000000000e+00
0.000000000000000000e+00
0.000000000000000000e+00
0.000000000000000000e+00
0.000000000000000000e+00
0.000000000000000000e+00
0.000000000000000000e+00
0.000000000000000000e+00
0.000000000000000000e+00
0.000000000000000000e+00
0.000000000000000000e+00
0.000000000000000000e+00
0.000000000000000000e+00
0.000000000000000000e+00
0.000000000000000000e+00
0.000000000000000000e+00
0.000000000000000000e+00
0.000000000000000000e+00
0.000000000000000000e+00
0.000000000000000000e+00
0.000000000000000000e+00
0.000000000000000000e+00
0.000000000000000000e+00
0.000000000000000000e+00
0.000000000000000000e+00
0.000000000000000000e+00
0.000000000000000000e+00
0.000000000000000000e+00
0.000000000000000000e+00
0.000000000000000000e+00
0.000000000000000000e+00
0.000000000000000000e+00
0.000000000000000000e+00
0.000000000000000000e+00
0.000000000000000000e+00
0.000000000000000000e+00
0.000000000000000000e+00
0.000000000000000000e+00
0.000000000000000000e+00
0.000000000000000000e+00
0.000000000000000000e+00
0.000000000000000000e+00
0.000000000000000000e+00
0.000000000000000000e+00
0.000000000000000000e+00
0.000000000000000000e+00
0.000000000000000000e+00
0.000000000000000000e+00
0.000000000000000000e+00
0.000000000000000000e+00
0.000000000000000000e+00
0.000000000000000000e+00
0.000000000000000000e+00
0.000000000000000000e+00
0.000000000000000000e+00
0.000000000000000000e+00
0.000000000000000000e+00
0.000000000000000000e+00
0.000000000000000000e+00
0.000000000000000000e+00
0.000000000000000000e+00
0.000000000000000000e+00
0.000000000000000000e+00
0.000000000000000000e+00
0.000000000000000000e+00
0.000000000000000000e+00
0.000000000000000000e+00
0.000000000000000000e+00
0.000000000000000000e+00
0.000000000000000000e+00
0.000000000000000000e+00
0.000000000000000000e+00
0.000000000000000000e+00
0.000000000000000000e+00
0.000000000000000000e+00
0.000000000000000000e+00
0.000000000000000000e+00
0.000000000000000000e+00
0.000000000000000000e+00
0.000000000000000000e+00
0.000000000000000000e+00
0.000000000000000000e+00
0.000000000000000000e+00
0.000000000000000000e+00
0.000000000000000000e+00
0.000000000000000000e+00
0.000000000000000000e+00
0.000000000000000000e+00
0.000000000000000000e+00
0.000000000000000000e+00
0.000000000000000000e+00
0.000000000000000000e+00
0.000000000000000000e+00
0.000000000000000000e+00
0.000000000000000000e+00
0.000000000000000000e+00
0.000000000000000000e+00
0.000000000000000000e+00
0.000000000000000000e+00
0.000000000000000000e+00
0.000000000000000000e+00
0.000000000000000000e+00
0.000000000000000000e+00
0.000000000000000000e+00
0.000000000000000000e+00
0.000000000000000000e+00
0.000000000000000000e+00
0.000000000000000000e+00
0.000000000000000000e+00
0.000000000000000000e+00
0.000000000000000000e+00
0.000000000000000000e+00
0.000000000000000000e+00
0.000000000000000000e+00
0.000000000000000000e+00
0.000000000000000000e+00
0.000000000000000000e+00
0.000000000000000000e+00
0.000000000000000000e+00
0.000000000000000000e+00
0.000000000000000000e+00
0.000000000000000000e+00
0.000000000000000000e+00
0.000000000000000000e+00
0.000000000000000000e+00
0.000000000000000000e+00
0.000000000000000000e+00
0.000000000000000000e+00
0.000000000000000000e+00
0.000000000000000000e+00
0.000000000000000000e+00
0.000000000000000000e+00
0.000000000000000000e+00
0.000000000000000000e+00
0.000000000000000000e+00
0.000000000000000000e+00
0.000000000000000000e+00
0.000000000000000000e+00
0.000000000000000000e+00
0.000000000000000000e+00
0.000000000000000000e+00
0.000000000000000000e+00
0.000000000000000000e+00
0.000000000000000000e+00
0.000000000000000000e+00
0.000000000000000000e+00
0.000000000000000000e+00
0.000000000000000000e+00
0.000000000000000000e+00
0.000000000000000000e+00
0.000000000000000000e+00
0.000000000000000000e+00
0.000000000000000000e+00
0.000000000000000000e+00
0.000000000000000000e+00
0.000000000000000000e+00
0.000000000000000000e+00
0.000000000000000000e+00
0.000000000000000000e+00
0.000000000000000000e+00
0.000000000000000000e+00
0.000000000000000000e+00
0.000000000000000000e+00
0.000000000000000000e+00
0.000000000000000000e+00
0.000000000000000000e+00
0.000000000000000000e+00
0.000000000000000000e+00
0.000000000000000000e+00
0.000000000000000000e+00
0.000000000000000000e+00
0.000000000000000000e+00
0.000000000000000000e+00
0.000000000000000000e+00
0.000000000000000000e+00
0.000000000000000000e+00
0.000000000000000000e+00
0.000000000000000000e+00
0.000000000000000000e+00
0.000000000000000000e+00
0.000000000000000000e+00
0.000000000000000000e+00
0.000000000000000000e+00
0.000000000000000000e+00
0.000000000000000000e+00
0.000000000000000000e+00
0.000000000000000000e+00
0.000000000000000000e+00
0.000000000000000000e+00
0.000000000000000000e+00
0.000000000000000000e+00
0.000000000000000000e+00
0.000000000000000000e+00
0.000000000000000000e+00
0.000000000000000000e+00
0.000000000000000000e+00
0.000000000000000000e+00
0.000000000000000000e+00
0.000000000000000000e+00
0.000000000000000000e+00
0.000000000000000000e+00
0.000000000000000000e+00
0.000000000000000000e+00
0.000000000000000000e+00
0.000000000000000000e+00
0.000000000000000000e+00
0.000000000000000000e+00
0.000000000000000000e+00
0.000000000000000000e+00
0.000000000000000000e+00
0.000000000000000000e+00
0.000000000000000000e+00
0.000000000000000000e+00
0.000000000000000000e+00
0.000000000000000000e+00
0.000000000000000000e+00
0.000000000000000000e+00
0.000000000000000000e+00
0.000000000000000000e+00
0.000000000000000000e+00
0.000000000000000000e+00
0.000000000000000000e+00
0.000000000000000000e+00
0.000000000000000000e+00
0.000000000000000000e+00
0.000000000000000000e+00
0.000000000000000000e+00
0.000000000000000000e+00
0.000000000000000000e+00
0.000000000000000000e+00
0.000000000000000000e+00
0.000000000000000000e+00
0.000000000000000000e+00
0.000000000000000000e+00
0.000000000000000000e+00
0.000000000000000000e+00
0.000000000000000000e+00
0.000000000000000000e+00
0.000000000000000000e+00
0.000000000000000000e+00
0.000000000000000000e+00
0.000000000000000000e+00
0.000000000000000000e+00
0.000000000000000000e+00
0.000000000000000000e+00
0.000000000000000000e+00
0.000000000000000000e+00
0.000000000000000000e+00
0.000000000000000000e+00
0.000000000000000000e+00
0.000000000000000000e+00
0.000000000000000000e+00
0.000000000000000000e+00
0.000000000000000000e+00
0.000000000000000000e+00
0.000000000000000000e+00
0.000000000000000000e+00
0.000000000000000000e+00
0.000000000000000000e+00
0.000000000000000000e+00
0.000000000000000000e+00
0.000000000000000000e+00
0.000000000000000000e+00
0.000000000000000000e+00
0.000000000000000000e+00
0.000000000000000000e+00
0.000000000000000000e+00
0.000000000000000000e+00
0.000000000000000000e+00
0.000000000000000000e+00
0.000000000000000000e+00
0.000000000000000000e+00
0.000000000000000000e+00
0.000000000000000000e+00
0.000000000000000000e+00
0.000000000000000000e+00
0.000000000000000000e+00
0.000000000000000000e+00
0.000000000000000000e+00
0.000000000000000000e+00
0.000000000000000000e+00
0.000000000000000000e+00
0.000000000000000000e+00
0.000000000000000000e+00
0.000000000000000000e+00
0.000000000000000000e+00
0.000000000000000000e+00
0.000000000000000000e+00
0.000000000000000000e+00
0.000000000000000000e+00
0.000000000000000000e+00
0.000000000000000000e+00
0.000000000000000000e+00
0.000000000000000000e+00
0.000000000000000000e+00
0.000000000000000000e+00
0.000000000000000000e+00
0.000000000000000000e+00
0.000000000000000000e+00
0.000000000000000000e+00
0.000000000000000000e+00
0.000000000000000000e+00
0.000000000000000000e+00
0.000000000000000000e+00
0.000000000000000000e+00
0.000000000000000000e+00
0.000000000000000000e+00
0.000000000000000000e+00
0.000000000000000000e+00
0.000000000000000000e+00
0.000000000000000000e+00
0.000000000000000000e+00
0.000000000000000000e+00
0.000000000000000000e+00
0.000000000000000000e+00
0.000000000000000000e+00
0.000000000000000000e+00
0.000000000000000000e+00
0.000000000000000000e+00
0.000000000000000000e+00
0.000000000000000000e+00
0.000000000000000000e+00
0.000000000000000000e+00
0.000000000000000000e+00
0.000000000000000000e+00
0.000000000000000000e+00
0.000000000000000000e+00
0.000000000000000000e+00
0.000000000000000000e+00
0.000000000000000000e+00
0.000000000000000000e+00
0.000000000000000000e+00
0.000000000000000000e+00
0.000000000000000000e+00
0.000000000000000000e+00
0.000000000000000000e+00
0.000000000000000000e+00
0.000000000000000000e+00
0.000000000000000000e+00
0.000000000000000000e+00
0.000000000000000000e+00
0.000000000000000000e+00
0.000000000000000000e+00
0.000000000000000000e+00
0.000000000000000000e+00
0.000000000000000000e+00
0.000000000000000000e+00
0.000000000000000000e+00
0.000000000000000000e+00
0.000000000000000000e+00
0.000000000000000000e+00
0.000000000000000000e+00
0.000000000000000000e+00
0.000000000000000000e+00
0.000000000000000000e+00
0.000000000000000000e+00
0.000000000000000000e+00
0.000000000000000000e+00
0.000000000000000000e+00
0.000000000000000000e+00
0.000000000000000000e+00
0.000000000000000000e+00
0.000000000000000000e+00
0.000000000000000000e+00
0.000000000000000000e+00
0.000000000000000000e+00
0.000000000000000000e+00
0.000000000000000000e+00
0.000000000000000000e+00
0.000000000000000000e+00
0.000000000000000000e+00
0.000000000000000000e+00
0.000000000000000000e+00
0.000000000000000000e+00
0.000000000000000000e+00
0.000000000000000000e+00
0.000000000000000000e+00
0.000000000000000000e+00
0.000000000000000000e+00
0.000000000000000000e+00
0.000000000000000000e+00
0.000000000000000000e+00
0.000000000000000000e+00
0.000000000000000000e+00
0.000000000000000000e+00
0.000000000000000000e+00
0.000000000000000000e+00
0.000000000000000000e+00
0.000000000000000000e+00
0.000000000000000000e+00
0.000000000000000000e+00
0.000000000000000000e+00
0.000000000000000000e+00
0.000000000000000000e+00
0.000000000000000000e+00
0.000000000000000000e+00
0.000000000000000000e+00
0.000000000000000000e+00
0.000000000000000000e+00
0.000000000000000000e+00
0.000000000000000000e+00
0.000000000000000000e+00
0.000000000000000000e+00
0.000000000000000000e+00
0.000000000000000000e+00
0.000000000000000000e+00
0.000000000000000000e+00
0.000000000000000000e+00
0.000000000000000000e+00
0.000000000000000000e+00
0.000000000000000000e+00
0.000000000000000000e+00
0.000000000000000000e+00
0.000000000000000000e+00
0.000000000000000000e+00
0.000000000000000000e+00
0.000000000000000000e+00
0.000000000000000000e+00
0.000000000000000000e+00
0.000000000000000000e+00
0.000000000000000000e+00
0.000000000000000000e+00
0.000000000000000000e+00
0.000000000000000000e+00
0.000000000000000000e+00
0.000000000000000000e+00
0.000000000000000000e+00
0.000000000000000000e+00
0.000000000000000000e+00
0.000000000000000000e+00
0.000000000000000000e+00
0.000000000000000000e+00
5.893326280412674034e-01
5.893226553445853888e-01
5.893396284681466923e-01
5.893910879501174094e-01
5.894629035864444866e-01
5.895109064940944332e-01
5.895816359594725498e-01
5.896740374808220331e-01
5.898152494811177426e-01
5.899112976674411035e-01
5.899786102548727484e-01
5.900479834873211260e-01
5.901210369642148068e-01
5.902242552107034301e-01
5.903770480700252232e-01
5.905795443170629433e-01
5.906199866582738656e-01
5.905981071737442800e-01
5.906257353847886860e-01
5.907028945197381198e-01
5.908296495008438232e-01
5.909868639333087925e-01
5.911612834407772299e-01
5.913589249789131808e-01
5.915840821898796786e-01
5.918593257502735572e-01
5.921545270766335189e-01
5.924356304051727751e-01
5.927671568437389293e-01
5.931226108234606276e-01
5.934945781017596511e-01
5.938788154481945414e-01
5.943141979187457347e-01
5.947882645191525652e-01
5.952241828480793195e-01
5.956108537231669109e-01
5.957918249181606285e-01
5.958549472185805662e-01
5.959683382717688716e-01
5.961320944741047567e-01
5.963463553272234652e-01
5.965693579788184930e-01
5.968079228052194374e-01
5.970973247059097044e-01
5.973936941983493121e-01
5.977266804922408694e-01
5.981110467726031832e-01
5.985471267383005722e-01
5.990353013197027288e-01
5.995502503124654492e-01
6.000946470818595557e-01
6.006921468566881472e-01
6.013432845750954492e-01
6.020486486994738318e-01
6.028088832474238767e-01
6.036182825977793875e-01
6.044590663893328886e-01
6.053566040864033493e-01
6.063117506601614082e-01
6.073254288419283053e-01
6.083986326812961254e-01
6.092915448979381310e-01
6.096802720826790534e-01
6.101223063591412199e-01
6.106178086041362807e-01
6.111131606742973288e-01
6.116627235647600358e-01
6.121999246535447803e-01
6.126635383462717410e-01
6.130743981843322921e-01
6.134929481768366388e-01
6.137836712521347327e-01
6.139784713701725849e-01
6.141968471790957285e-01
6.143920623717313845e-01
6.146403616612318155e-01
6.149419645115699051e-01
6.152971385888432732e-01
6.157062006416400557e-01
6.159630435398688597e-01
6.161669538962667447e-01
6.164242207787455907e-01
6.167350724067337531e-01
6.170997856969949735e-01
6.175186871787480269e-01
6.179359267202351180e-01
6.183672372492265978e-01
6.188257171296147607e-01
6.192625040818554583e-01
6.197542114401062285e-01
6.203012871901883996e-01
6.209042336233050463e-01
6.214904244049038740e-01
6.220634922577003012e-01
6.226184126004166153e-01
6.232295869983113246e-01
6.238975842078668954e-01
6.246230318071442911e-01
6.253214250046346123e-01
6.260539886874270099e-01
6.268449642975831848e-01
6.276951138822040033e-01
6.285630855334363165e-01
6.294498615319619184e-01
6.303973474440928149e-01
6.314064892958560771e-01
6.324783095734236582e-01
6.336139113956436031e-01
6.348144831325044368e-01
6.360813035171388741e-01
6.374157473058479351e-01
6.388192915486343715e-01
6.402902457957724280e-01
6.416900498530208052e-01
6.431608438667568706e-01
6.447043307351270069e-01
6.457937123046697536e-01
6.467715260663016164e-01
6.477193955282094517e-01
6.486728189789247034e-01
6.495337736691204622e-01
6.504382909688747327e-01
6.512275249257000187e-01
6.520793120956457356e-01
6.529945141655721930e-01
6.539740691433597597e-01
6.549688669937144825e-01
6.559810695663268465e-01
6.570593946808176433e-01
6.582049915304373222e-01
6.594191013757612074e-01
6.607030630781915992e-01
6.620583192415236962e-01
6.631286278954090507e-01
6.642405630726397892e-01
6.654213104190584982e-01
6.666721718544658115e-01
6.679945518094937418e-01
6.693899638217806203e-01
6.708600378675464437e-01
6.724065285178607576e-01
6.739757878812436820e-01
6.755637607290965185e-01
6.772314172785840469e-01
6.789758855721887976e-01
6.807114240926719351e-01
6.825309249388944455e-01
6.844368195045011927e-01
6.864317283608141196e-01
6.885184780838525809e-01
6.907001202425619990e-01
6.929261070373597953e-01
6.952178611214192561e-01
6.976120661211273610e-01
7.001126318599730780e-01
7.027238032731455419e-01
7.054501975095297528e-01
7.080693041014662903e-01
7.105240118515023795e-01
7.130889014804278059e-01
7.157684529380836658e-01
7.185675457508210462e-01
7.214915058709613360e-01
7.227393219735396279e-01
7.239391107648894819e-01
7.250648700955892867e-01
7.262685856624565561e-01
7.275517001071516443e-01
7.289157791784284246e-01
7.302883157141968340e-01
7.317023589699460651e-01
7.332004500364047717e-01
7.347845203775686951e-01
7.364566589285574949e-01
7.382191241797200210e-01
7.400415088352625403e-01
7.415353437309937235e-01
7.431163257513349052e-01
7.447865571180654065e-01
7.465483122267753124e-01
7.484040514014300705e-01
7.503564363718477903e-01
7.524083477257751396e-01
7.545629046334056955e-01
7.567673928018741059e-01
7.589949504591864127e-01
7.613314507115305219e-01
7.637807835719910843e-01
7.662345690793187503e-01
7.687978465289353469e-01
7.714830114569868336e-01
7.742950819213459956e-01
7.772395420191726689e-01
7.803223983373097639e-01
7.835502458461658382e-01
7.868159586356672230e-01
7.902359517154866619e-01
7.938186650154461788e-01
7.975732236012835763e-01
8.015097846297225548e-01
8.055027431942952676e-01
8.091414937619323400e-01
8.129569223924837384e-01
8.169595689991299148e-01
8.211612300022906874e-01
8.255751705383942429e-01
8.301478429089504951e-01
8.348487862313183072e-01
8.397989489130406326e-01
8.450185129954166374e-01
8.505307885679791458e-01
8.563629287414131763e-01
8.625468709535092371e-01
8.691205990248060953e-01
8.761298708559526194e-01
8.832354235763285599e-01
8.847161432761121436e-01
8.863074241006362319e-01
8.880117484713858644e-01
8.898318365375144090e-01
8.916409190104296334e-01
8.935468915367715814e-01
8.955743477929123397e-01
8.977267695335233721e-01
9.000079635301377889e-01
9.024220929707964522e-01
9.045284505843653733e-01
9.066133641278060207e-01
9.088267345510315787e-01
9.111725692479577532e-01
9.136552546672590536e-01
9.162795954872150483e-01
9.190508598271855956e-01
9.219748316247480258e-01
9.249720605089930547e-01
9.280324631965639615e-01
9.312584842526223650e-01
9.346308967026112358e-01
9.380509700440260445e-01
9.416542966989439600e-01
9.454504049726499826e-01
0.000000000000000000e+00
0.000000000000000000e+00
0.000000000000000000e+00
0.000000000000000000e+00
0.000000000000000000e+00
0.000000000000000000e+00
0.000000000000000000e+00
0.000000000000000000e+00
0.000000000000000000e+00
0.000000000000000000e+00
0.000000000000000000e+00
0.000000000000000000e+00
0.000000000000000000e+00
0.000000000000000000e+00
0.000000000000000000e+00
0.000000000000000000e+00
0.000000000000000000e+00
0.000000000000000000e+00
0.000000000000000000e+00
0.000000000000000000e+00
0.000000000000000000e+00
0.000000000000000000e+00
0.000000000000000000e+00
0.000000000000000000e+00
0.000000000000000000e+00
0.000000000000000000e+00
0.000000000000000000e+00
0.000000000000000000e+00
0.000000000000000000e+00
0.000000000000000000e+00
0.000000000000000000e+00
0.000000000000000000e+00
0.000000000000000000e+00
0.000000000000000000e+00
0.000000000000000000e+00
0.000000000000000000e+00
0.000000000000000000e+00
0.000000000000000000e+00
0.000000000000000000e+00
0.000000000000000000e+00
0.000000000000000000e+00
0.000000000000000000e+00
0.000000000000000000e+00
0.000000000000000000e+00
0.000000000000000000e+00
0.000000000000000000e+00
0.000000000000000000e+00
0.000000000000000000e+00
0.000000000000000000e+00
0.000000000000000000e+00
0.000000000000000000e+00
0.000000000000000000e+00
0.000000000000000000e+00
0.000000000000000000e+00
0.000000000000000000e+00
0.000000000000000000e+00
0.000000000000000000e+00
0.000000000000000000e+00
0.000000000000000000e+00
0.000000000000000000e+00
0.000000000000000000e+00
0.000000000000000000e+00
0.000000000000000000e+00
0.000000000000000000e+00
0.000000000000000000e+00
0.000000000000000000e+00
0.000000000000000000e+00
0.000000000000000000e+00
0.000000000000000000e+00
0.000000000000000000e+00
0.000000000000000000e+00
0.000000000000000000e+00
0.000000000000000000e+00
0.000000000000000000e+00
0.000000000000000000e+00
0.000000000000000000e+00
0.000000000000000000e+00
0.000000000000000000e+00
0.000000000000000000e+00
0.000000000000000000e+00
0.000000000000000000e+00
0.000000000000000000e+00
0.000000000000000000e+00
0.000000000000000000e+00
0.000000000000000000e+00
0.000000000000000000e+00
0.000000000000000000e+00
0.000000000000000000e+00
0.000000000000000000e+00
0.000000000000000000e+00
0.000000000000000000e+00
0.000000000000000000e+00
9.158059699317717683e-01
9.136850333423601755e-01
9.116913892146327747e-01
9.097855865053595670e-01
9.078524191618355665e-01
9.035014172559659995e-01
8.969148324480682444e-01
8.907187193085942534e-01
8.848757975288352728e-01
8.793546440370368922e-01
8.741284866669221110e-01
8.691743006889114387e-01
8.644721200784635240e-01
8.600045042057369304e-01
8.547456063109634128e-01
8.496679328372724882e-01
8.448496581974727082e-01
8.402720852948425412e-01
8.359188369914998251e-01
8.317754784558771819e-01
8.278292155582653855e-01
8.239637220735911427e-01
8.202785506166550000e-01
8.167646232675667139e-01
8.134131746468140634e-01
8.102162890225901304e-01
8.071667952455067185e-01
8.042581781377680095e-01
8.014845033036993582e-01
7.988403529696364025e-01
7.963207709508091092e-01
7.939212152203742878e-01
7.916375168494312886e-01
7.893775733066976663e-01
7.870833766972025192e-01
7.835384745750838542e-01
7.799009731046041560e-01
7.764278165654250330e-01
7.731104999311871895e-01
7.676385086581504202e-01
7.610366710568522430e-01
7.548344572828125099e-01
7.489896326521617853e-01
7.434670961593035088e-01
7.382373023159719549e-01
7.332751062420506116e-01
7.285589009288782059e-01
7.240699610507341788e-01
7.197919358784785615e-01
7.157104518374086677e-01
7.118127970354456435e-01
7.080876679872512014e-01
7.045249641655825235e-01
7.011156197796883927e-01
6.978514648522403663e-01
6.947251095895768946e-01
6.917298474440982670e-01
6.888409569313771463e-01
6.860246643343654860e-01
6.833252835009449022e-01
6.807379096005645724e-01
6.782580389246863906e-01
6.755115481102158537e-01
6.724610144150844349e-01
6.695360173014979210e-01
6.667307674775092563e-01
6.640399723955960898e-01
6.614587816061248127e-01
6.589827397375753737e-01
6.566077458459019800e-01
6.543300181139289906e-01
6.520954349302942044e-01
6.499396754709128032e-01
6.478733284469968545e-01
6.458934708374887146e-01
6.439973902268190109e-01
6.421825670500779237e-01
6.404466588332666799e-01
6.387874861673212834e-01
6.372030201945430017e-01
6.356913714191609888e-01
6.342507796813046106e-01
6.328369410691512265e-01
6.314538751580016651e-01
6.301079732070049566e-01
6.287773597554467964e-01
6.275077179742530875e-01
6.263034142247572156e-01
6.251631764798386559e-01
6.240858216191081942e-01
6.230702503772407308e-01
6.220952661989598287e-01
6.211213590727910905e-01
6.201818040301365631e-01
6.186772399764819408e-01
6.168829026847534314e-01
6.151638927812728141e-01
6.135181111985273938e-01
6.119436008995249310e-01
6.104307808050586370e-01
6.089119955646402627e-01
6.074610596798646345e-01
6.060763639828686822e-01
6.047564062919892347e-01
6.034997843905081094e-01
6.023051896856350673e-01
6.011714014749831581e-01
6.000972817572042262e-01
5.990817705315401032e-01
5.981238815379816831e-01
5.972226983957171775e-01
5.962591465490797438e-01
5.953060354604892135e-01
5.944092031617020933e-01
5.935223662428594782e-01
5.926466751530140575e-01
5.916181521576810987e-01
5.904883548111413694e-01
5.893699244670749238e-01
5.882541421409985816e-01
5.870699488810559030e-01
5.859444769478249215e-01
5.848645211409631006e-01
5.837767890705394258e-01
5.826616901321304276e-01
5.815388647555996826e-01
5.804730662829373777e-01
5.794632727918294091e-01
5.785083370565112793e-01
5.775406520389143594e-01
5.766271871622838940e-01
5.757026864783593156e-01
5.748163070177101375e-01
5.739827363697391771e-01
5.732012265314390120e-01
5.724710848740587332e-01
5.717332360052221896e-01
5.709670659467009912e-01
5.702518139478816028e-01
5.695868574622364733e-01
5.689407309541865132e-01
5.682953135445569792e-01
5.676992750684425326e-01
5.671521099350840256e-01
5.665873398511083181e-01
5.659985416140975722e-01
5.654130288047686248e-01
5.648330842624357251e-01
5.642924975374687957e-01
5.637507766118439179e-01
5.632545530756872809e-01
5.628058755554954384e-01
5.624012319209072963e-01
5.619775153397574829e-01
5.615369442056779015e-01
5.611167338139341210e-01
5.607285085012057024e-01
5.602984992494628447e-01
5.599052868649152526e-01
5.595585587211209244e-01
5.592580344235095202e-01
5.588956840511243307e-01
5.578752417809992314e-01
5.569073543648705993e-01
5.559637644910597754e-01
5.550362777240466228e-01
5.541596890592287439e-01
5.533332274555801122e-01
5.525561755596533065e-01
5.518278672767654713e-01
5.511184517670839611e-01
5.504251428755402298e-01
5.497794305321834774e-01
5.491807784417324090e-01
5.486286941680251772e-01
5.481227276087974332e-01
5.475335846565960729e-01
5.467488597598072486e-01
5.460122548202589465e-01
5.453231504743140112e-01
5.446809737041380384e-01
5.440851960208923366e-01
5.435353318180723425e-01
5.430309368828618588e-01
5.424667250953122410e-01
5.417113425558737205e-01
5.410031405428609164e-01
5.403415319675244355e-01
5.397259742057968213e-01
5.391559674094223986e-01
5.386310529761375587e-01
5.381508121678658663e-01
5.377148648671739029e-01
5.373228684633716279e-01
5.369745168606814278e-01
5.366676379536464703e-01
5.363905911325823617e-01
5.361565359614901549e-01
5.359652929139051558e-01
5.357845784695680624e-01
5.356319530727011724e-01
5.355218651721844747e-01
5.354542310094507762e-01
5.354107286358507078e-01
5.353636621148289976e-01
5.353589755449833509e-01
5.353315075257024658e-01
5.353287775101409629e-01
