3.057893116776941866e-01
8.122620169602964291e-01
-1.909807654557450080e-02
2.969794218761859922e-02
3.122146524348945018e+00
7.167258607640428769e-01
7.214096612180911361e-01
7.263365632535708771e-01
7.315279332319776229e-01
7.370086301285968533e-01
7.428078558949435806e-01
7.489602932768711918e-01
7.555076597928404025e-01
7.625008808632578461e-01
7.700032137633632257e-01
7.780948872688860929e-01
7.868802677118625910e-01
7.964994715565744121e-01
8.071483539410385655e-01
8.191157185026756160e-01
8.328603628589977825e-01
8.491972677926405977e-01
8.698762268692841193e-01
9.006457200750663805e-01
8.896101599424108830e-01
8.814851972020398829e-01
9.351299888491956258e-01
9.018276116002907905e-01
8.896614744224544680e-01
8.792593749564561190e-01
8.680217483839556269e-01
9.035015510801159833e-01
9.092874552615860528e-01
9.344305850913363631e-01
9.097026925834648114e-01
9.227654041098499738e-01
8.780733949418699780e-01
8.884586672580492284e-01
9.126254115407281819e-01
9.578110639554020533e-01
8.722306462177494835e-01
8.455985273833173110e-01
8.755383146296124020e-01
8.501058819162436997e-01
8.842800474548374590e-01
8.539784761899680277e-01
8.936305897411294108e-01
8.668810968273716888e-01
8.489365535916533201e-01
8.832601380457669737e-01
8.629782929250400247e-01
8.545562690300376740e-01
8.975703852622330947e-01
8.899225451895055317e-01
9.187712819687617882e-01
9.017807406363416156e-01
9.089872541063384048e-01
8.504890341210272764e-01
8.377665445120739962e-01
8.710532518343218067e-01
8.371781777336683161e-01
8.701188667829719003e-01
8.339432041599855738e-01
8.642831971274289593e-01
8.334525437901512124e-01
8.635200578300586960e-01
8.261596548699655651e-01
8.517540669737142522e-01
8.212184930303169095e-01
8.445051451706971912e-01
8.883995566109188502e-01
8.494421850719253708e-01
8.689722905090124794e-01
8.622090620764464308e-01
8.677469232538781441e-01
8.736075247078323169e-01
8.798229032482056677e-01
8.864311441062620034e-01
8.934781032676148982e-01
9.010198201821646435e-01
9.091259932519254461e-01
9.178851544193812328e-01
9.274126859689392210e-01
9.378638618882005895e-01
9.494564078770868498e-01
9.627566360369551601e-01
9.785604102761343848e-01
9.977291406825088416e-01
1.023059860251927189e+00
1.068976207953883595e+00
1.091862504866829120e+00
1.115761276472032826e+00
1.152105010516723427e+00
1.156096249167241963e+00
1.171681487166133628e+00
1.193806412378761506e+00
1.192962614642990582e+00
1.175829003348377810e+00
1.184887603331503891e+00
1.142035875020176894e+00
1.170006659727761411e+00
1.168443960815664040e+00
1.164287000518106074e+00
1.176179899120783245e+00
1.195433709353353802e+00
1.204517033162534778e+00
1.222044618265844429e+00
1.243303059045427705e+00
1.271332774329783089e+00
1.321164100817644904e+00
1.315641783679032173e+00
1.337249080744232987e+00
1.186438877889967491e+00
1.149235320207828481e+00
1.184857420111897985e+00
1.155215727754697275e+00
1.202445528728993684e+00
1.177164895745828499e+00
1.155993164598601908e+00
1.201601103735908893e+00
1.178669902470983910e+00
1.197353430581071132e+00
1.221666025322928784e+00
1.253664897459047411e+00
1.286903147135644909e+00
1.272476445129635980e+00
1.272477499659937950e+00
1.266274648642425227e+00
1.279674550354203078e+00
1.256409230733941396e+00
1.271846079218638348e+00
1.294003111916888438e+00
1.290087366305381789e+00
1.265543933597716997e+00
1.275875750280270893e+00
1.240974823803848048e+00
1.278484326306585928e+00
1.278577868594868105e+00
1.244279497716616500e+00
1.253145688095199439e+00
1.257791722575029025e+00
1.265272623829118981e+00
1.258880225212229087e+00
1.243895101725291497e+00
1.280277558896864454e+00
1.296486636682993687e+00
1.302561173930303129e+00
1.303553156556741310e+00
1.303596819589531108e+00
1.279871803059217550e+00
1.255277684310276864e+00
1.250300775302757073e+00
1.278356997720694554e+00
1.283881637581876012e+00
1.333633298152580027e+00
1.299953828623967578e+00
1.307389770121343497e+00
1.279799187077382161e+00
1.290788831744486220e+00
1.303370192736410083e+00
1.316806948089097817e+00
1.347014356191943207e+00
1.361488090331620882e+00
1.336163857364595309e+00
1.344294930252580178e+00
1.352520574252963570e+00
1.322234189107767577e+00
1.341160053200084690e+00
1.375222633090077196e+00
1.371148494007313090e+00
1.394024514288055627e+00
1.424541092023065891e+00
1.469320471286927665e+00
1.480531064075758296e+00
1.492880487897712882e+00
1.506614292958496248e+00
1.522089028600925431e+00
1.539859002533768173e+00
1.560877079127514389e+00
1.587074532582616104e+00
1.623930394009473144e+00
1.680162333186866697e+00
1.692823460884630205e+00
1.706915692849867439e+00
1.722788617213085294e+00
1.740976785363621993e+00
1.762376270855843696e+00
1.788726349228735302e+00
1.824497153490292289e+00
1.902433291566564710e+00
1.915311748658631519e+00
1.928932376117540315e+00
1.944609614070401893e+00
1.962467674822061303e+00
1.983238655485068724e+00
2.008232694034408627e+00
2.040307631641588682e+00
2.089359116723863874e+00
2.119943487807534055e+00
2.139955509109738863e+00
2.163673828548938083e+00
2.193139182474820981e+00
2.233761819031543805e+00
2.303858909969441093e+00
2.326035344516510062e+00
2.317617238971668936e+00
2.303250359414359405e+00
2.310053830612969872e+00
2.318636985425237995e+00
2.359458895518068200e+00
2.233470691888378656e+00
2.208357497709017903e+00
2.156051330109340025e+00
2.221901356978817077e+00
2.197088868691666974e+00
2.220789870339821004e+00
2.183310162044736824e+00
2.185065939979326188e+00
2.034771168525692175e+00
1.933298076056383152e+00
1.957565609507925020e+00
1.988442906991034320e+00
2.034333042476371922e+00
2.017383018585721555e+00
2.010854075882792191e+00
2.018255788728297251e+00
2.024631116010847887e+00
2.037691461211511790e+00
1.891799056967879977e+00
1.852850370321277307e+00
1.824580753136596067e+00
1.780175878889927121e+00
1.831771070022897296e+00
1.645069964228492720e+00
1.673363741203734767e+00
1.715089308165204773e+00
1.621012116067436448e+00
1.644296624234060200e+00
1.674374463281196990e+00
1.722043365247402091e+00
1.725915627655394413e+00
1.739963880415834607e+00
1.695284450994739123e+00
1.710119202605413502e+00
1.725295931546211081e+00
1.745196726475930715e+00
1.681809249131994477e+00
1.702484733251571125e+00
1.376053122715698906e+00
1.302414472645669896e+00
1.348152033150424645e+00
1.344616873478192920e+00
1.364623811335105241e+00
1.327362748265837000e+00
1.284673025360473897e+00
1.267067201488986106e+00
1.319887250971491621e+00
1.298276947876644716e+00
1.294454414768047901e+00
1.293961017825939530e+00
1.293082339306453443e+00
1.324204966705286202e+00
1.358092474749621914e+00
1.313970292184013511e+00
1.374937186058186045e+00
1.343430635947389096e+00
1.333528568584941398e+00
1.336766755919474470e+00
1.320639800271020459e+00
1.317909116754639953e+00
1.344216038454028928e+00
1.333276342408181492e+00
1.352422736676125448e+00
0.000000000000000000e+00
0.000000000000000000e+00
0.000000000000000000e+00
0.000000000000000000e+00
0.000000000000000000e+00
0.000000000000000000e+00
0.000000000000000000e+00
0.000000000000000000e+00
0.000000000000000000e+00
0.000000000000000000e+00
0.000000000000000000e+00
1.324582008613762074e+00
1.320051491951698797e+00
1.373319603879807671e+00
1.306947003777841232e+00
1.330042208188107145e+00
1.358236328502114620e+00
1.345657123231533525e+00
1.360812919370900431e+00
1.319540083239779893e+00
1.335647795001949190e+00
1.317705242232717122e+00
1.311752206599157589e+00
1.331197422232015981e+00
1.284922457134933804e+00
2.182039683969014821e+00
2.182591803292217580e+00
2.163630583521856110e+00
2.205635986832036100e+00
2.207064513623720803e+00
2.128191098636524448e+00
2.119516717722236709e+00
2.103912178263565913e+00
2.076122114522629847e+00
2.111062522396256025e+00
2.091526005529543042e+00
2.061843003358606374e+00
2.050938978656851486e+00
2.082408424468409791e+00
2.049501253863815098e+00
2.024286746640732826e+00
2.051909129449752900e+00
1.996978133319592841e+00
2.033873074806857417e+00
1.996367956883497108e+00
1.980754969305180690e+00
1.937152446450699506e+00
1.907240210025499927e+00
1.888526617096382809e+00
1.894944678171270436e+00
1.912522363535966496e+00
1.853248861271594494e+00
1.879634139815160365e+00
1.835634000461489279e+00
1.857297684918395975e+00
1.872210072328869934e+00
1.904640471876984709e+00
1.841775556064142894e+00
1.859641740749288008e+00
1.872386646950428890e+00
1.870712222218740450e+00
1.860592283804065605e+00
1.898038811760387912e+00
1.864522215428787932e+00
1.794601215173207365e+00
1.761682123861135985e+00
1.740183343539257521e+00
1.715053216945144898e+00
1.719479752442242937e+00
1.741041978227250819e+00
1.753123830334321509e+00
1.726440486620877568e+00
1.730370356574300494e+00
1.704070472340679432e+00
1.689444869153227113e+00
1.680053671603689125e+00
1.691291391363535679e+00
1.687717447454373243e+00
1.684810098744095042e+00
1.654059543257629938e+00
1.668503233805844088e+00
1.648769297911324649e+00
1.635120465507488019e+00
1.676286576936949935e+00
1.605351147774442877e+00
1.594385322996359600e+00
1.547655410136674403e+00
1.559866769496846883e+00
1.589656450031456725e+00
1.543114410143896942e+00
1.574432219909913000e+00
1.534263442106602815e+00
1.564020926169359837e+00
1.527417914395932108e+00
1.551980390665058218e+00
1.566564258308003943e+00
1.574924724325620584e+00
1.580994895507570330e+00
1.580805215370322703e+00
1.580254511086686353e+00
1.575333631915802890e+00
1.569642184025430209e+00
1.573575347936339908e+00
1.581626348480569710e+00
1.538260046232979406e+00
1.559211355718624903e+00
1.598749274523125541e+00
1.558212992510283001e+00
1.510609762276412082e+00
1.481427195829928323e+00
1.458962071441932462e+00
1.440338184608058292e+00
1.424300344438347299e+00
1.410165187175566492e+00
1.397599582761896775e+00
1.372618126671391048e+00
1.334542254801309502e+00
1.322456531560840753e+00
1.350081894068071220e+00
1.343473402052975496e+00
1.314299962333439931e+00
1.334869459691563565e+00
1.338366710604228960e+00
1.311046436772663970e+00
1.315647134952032893e+00
1.314548095788794058e+00
1.308848284712853971e+00
1.317355307377747309e+00
1.350998425480906873e+00
1.351259752813355419e+00
1.342936668220755303e+00
1.339765130439742880e+00
1.339536103997875705e+00
1.325122125795404004e+00
1.294864311633848075e+00
1.313640991512806000e+00
1.297250077756110898e+00
1.289810936021646981e+00
1.296434413607506331e+00
1.296238681702975626e+00
1.302890346476012429e+00
1.294160521832042443e+00
1.292010371607484220e+00
1.276538953763444839e+00
1.262791176255039227e+00
1.294697947010856165e+00
1.311996639603176362e+00
1.278805366461586157e+00
1.282347275109565699e+00
1.267210500377858873e+00
1.327910937165710070e+00
1.329711925627178326e+00
1.339114974054498086e+00
1.301382225683257898e+00
1.276055323512020223e+00
1.265356395970531400e+00
1.255300074928253240e+00
1.236679323645535122e+00
1.247776766861241837e+00
1.258706353577623061e+00
1.270603948422954987e+00
1.269756225592957311e+00
1.263214723852646104e+00
1.262430568789132623e+00
1.300699616128426106e+00
1.277664435457708469e+00
1.255603724148817602e+00
1.216490024769457667e+00
1.186641840428459993e+00
1.207579827890534307e+00
1.237183489682409210e+00
1.218444941437778484e+00
1.171823884385226888e+00
1.210756546897949093e+00
1.224710107076530496e+00
1.179476132774921693e+00
1.233825103704225601e+00
1.218668747051508960e+00
1.228381300216082384e+00
1.196575180335131439e+00
1.165179004675936936e+00
1.147197075934370591e+00
1.151066885122276062e+00
1.109452362058157782e+00
1.093136627330832722e+00
1.081054521095770937e+00
1.070146221994677127e+00
1.060196077094297307e+00
1.051048665829782625e+00
1.042587556824970507e+00
1.034722837406730100e+00
1.027383354187139108e+00
1.020511655103131021e+00
1.014060564455719682e+00
1.007990788875871235e+00
1.002269198247659920e+00
9.968675624368096289e-01
9.917616041607736355e-01
9.869302762939704543e-01
9.823552017991044050e-01
9.780202336561384380e-01
9.739111047816415567e-01
9.700151464258379708e-01
9.663210593686212269e-01
9.628187263163390242e-01
9.594990568027907951e-01
9.563538579925827676e-01
9.533757263181021901e-01
9.505579560178868403e-01
9.478944614963720205e-01
9.453797110711987806e-01
9.260845452194166327e-01
9.089725830464934209e-01
8.916639451955992168e-01
8.783752985929519363e-01
8.783920962838566160e-01
8.817952371099896380e-01
8.783757520067874136e-01
8.783711210022996374e-01
9.127856668131617557e-01
9.030032698610473973e-01
9.013103020015890143e-01
9.021966667137077955e-01
8.816920473399901814e-01
8.516989534321228739e-01
8.313866754963923356e-01
8.153020155741527164e-01
8.017534978532396828e-01
7.899480120175774722e-01
7.794374553801091121e-01
7.699391103241763901e-01
7.636416888648234202e-01
7.597678772694262950e-01
7.560690234099392004e-01
7.525352944283982826e-01
7.491578495607579269e-01
7.459287099478152383e-01
7.428406498651470846e-01
7.361253824606257545e-01
7.294182810105371839e-01
7.231270052765971235e-01
7.172055079892064589e-01
7.116158233092334529e-01
7.123831976287509082e-01
7.156293280359407039e-01
7.190211009920771668e-01
7.225665764356541398e-01
7.262746916287029508e-01
7.301553957220459079e-01
7.342198124056480424e-01
7.384804381601195455e-01
7.429513861288628007e-01
7.476486891490847775e-01
7.525906805076202355e-01
7.578138592872647461e-01
7.633814354895898102e-01
7.692753467220934116e-01
7.755311020565791580e-01
7.821914353659954466e-01
7.893085444093226322e-01
7.969473133014768340e-01
8.051901050746621546e-01
8.141441763666945608e-01
8.239537180982325903e-01
8.348206366043483539e-01
8.470433772872858480e-01
8.610977151872472035e-01
8.778334891284402808e-01
8.990943195259852860e-01
9.316313528248577613e-01
9.478674701305972450e-01
9.606444921097235801e-01
9.496738628937969606e-01
9.246023723495779834e-01
9.131207282935830394e-01
9.125075561679809599e-01
8.954337574189723536e-01
8.486783961615249616e-01
8.674135487442609094e-01
8.929695023858907899e-01
8.672599304531298792e-01
8.935633180438302681e-01
8.742691326800390295e-01
9.059516024814053825e-01
8.428981600796279228e-01
8.615881412150457885e-01
8.871013794980676659e-01
8.695012216712871833e-01
9.006570108907935301e-01
8.789982261068159941e-01
9.240598953446146346e-01
8.579807928035968478e-01
8.842561197878606727e-01
8.730347530315041293e-01
9.139855980040656469e-01
9.072096920889786142e-01
8.884063673455951937e-01
8.193348106321144408e-01
8.350276545222615754e-01
8.546036029886199259e-01
8.824399537684193273e-01
8.868221638371922566e-01
8.962755294740026857e-01
9.174574394472684302e-01
8.805062776099213950e-01
8.830029229942027991e-01
8.565845081236990177e-01
8.906165429962881186e-01
8.940266400598477770e-01
8.574664870246886395e-01
8.946856375377592041e-01
8.875189281980275791e-01
8.748920793406688157e-01
8.405283309709261630e-01
8.661203365917383712e-01
8.667743729524826080e-01
8.803904401114831524e-01
8.680853691140631989e-01
9.173090341378333790e-01
9.049126825718671885e-01
8.908576953336423410e-01
8.006627554216027010e-01
8.166372157987759062e-01
8.368312561741632072e-01
8.667520225469089734e-01
8.455272258640514904e-01
8.849851622633722048e-01
8.177151336597111575e-01
8.386767666252945563e-01
8.710977466871252517e-01
8.265433147181611151e-01
8.514112140718355093e-01
8.347142281301450639e-01
8.395858199479360184e-01
8.447203917770140791e-01
8.501402119940064672e-01
8.558711475313325323e-01
8.797829400440355663e-01
8.683932831065195312e-01
8.920133141513097996e-01
8.826067065115348331e-01
8.904877193242454192e-01
8.989884845319376927e-01
9.082149505856296212e-01
9.183295595993420379e-01
9.295227604605703631e-01
9.420744618062272258e-01
9.564362254815500508e-01
9.733918281617407464e-01
9.945555615927840210e-01
1.024679943103531610e+00
1.041861572395373692e+00
1.047373527686921379e+00
1.053219603656569081e+00
1.059429394509521893e+00
1.068757148616366948e+00
1.124004796301613540e+00
1.131776265107325541e+00
1.140128960223232957e+00
1.149144052214603917e+00
1.158925045474985760e+00
1.169607469823985557e+00
1.181374790645451034e+00
1.194486257557880071e+00
1.209329926315512616e+00
1.226536005760355152e+00
1.247264639681654907e+00
1.274184505953670499e+00
1.318290665518935922e+00
1.332354113215186819e+00
1.309897822994429806e+00
1.316154866582415650e+00
1.311247439498137268e+00
1.311307454206313006e+00
1.343747003585454625e+00
1.382044066008079497e+00
1.375484296132361006e+00
1.234981489933345999e+00
1.229248348463741092e+00
1.218611116433072183e+00
1.280040897103554176e+00
1.240606315489641620e+00
1.227152134336093603e+00
1.234953449063345587e+00
1.252026733171359041e+00
1.280482203919270701e+00
1.225336407448557097e+00
1.250971798258335932e+00
1.282675057876365265e+00
1.275983816615477107e+00
1.296979143971920712e+00
1.315630542929984603e+00
1.292148928170569144e+00
1.291426917442274780e+00
1.301565024133521264e+00
1.329612086154278838e+00
1.377230809454850213e+00
1.422889837076732444e+00
1.431963610591466596e+00
1.441811828697219910e+00
1.452553466094482326e+00
1.464344841089558980e+00
1.477398432012667406e+00
1.492403881392032172e+00
1.508652845345366478e+00
1.528055769563957833e+00
1.551624720633013155e+00
1.582698752991804403e+00
1.608679699924351780e+00
1.644544390277432155e+00
1.751249442348867591e+00
1.770718254134209246e+00
1.793985503677145266e+00
1.823508875841772348e+00
1.867158838143296862e+00
1.867614504489301108e+00
1.878324644407647126e+00
1.919668351327403544e+00
1.958379189853335145e+00
1.952691540817841576e+00
1.993921111537963142e+00
1.932698745624318759e+00
1.997984547874789296e+00
1.961782100469048773e+00
1.946140901794531031e+00
1.999966132857654344e+00
2.131900390155784919e+00
2.160916087384467499e+00
2.200673792830358355e+00
2.245240141419248658e+00
1.816439591889124738e+00
1.869150223241615061e+00
1.852394361659444710e+00
1.845254014997358416e+00
1.834044302224750345e+00
1.827636020983139931e+00
1.833118042457168029e+00
1.860307351698644807e+00
1.855790137118132010e+00
1.872876151879052875e+00
1.848701939911876480e+00
1.528806270767527176e+00
1.566189812788753910e+00
1.531789407821293247e+00
1.415660063874689900e+00
1.351326185782650402e+00
1.325950781539822154e+00
1.340294739057638296e+00
1.357045417633737205e+00
1.366127893881398325e+00
1.344960454348674839e+00
1.353732992269570889e+00
1.308067531414530915e+00
1.313957040148171496e+00
1.319101755750912153e+00
1.334483031678580067e+00
1.312021909734536473e+00
1.339168695164715706e+00
1.336233666494522909e+00
1.334640033513836199e+00
1.357975004634018878e+00
1.329780045495826402e+00
1.307597974877896307e+00
1.295722226206455385e+00
1.292729815886805023e+00
1.308907121974322019e+00
1.310368430552369512e+00
1.332944887717433913e+00
1.278370000133953521e+00
1.318892285925240770e+00
1.323265923901572938e+00
1.311025161967318553e+00
1.343735827097821245e+00
1.336089399452081938e+00
1.331723875392026857e+00
1.343588376995892508e+00
1.356758037936031558e+00
1.371572764231596464e+00
1.388561576107681272e+00
1.408635359095939066e+00
1.433645271231730245e+00
1.468874493710123685e+00
1.511010438837022019e+00
1.523258716366873378e+00
1.536862652299105791e+00
1.552160101481812049e+00
1.569669614884391828e+00
1.590265378815068464e+00
1.615660402043927579e+00
1.650348932949046388e+00
1.717969627310054426e+00
1.731082985527024887e+00
1.745727940797774158e+00
1.762297802677872616e+00
1.781406943680476695e+00
1.804119252906803528e+00
1.832619677727705287e+00
1.873316351320632789e+00
1.946830322098511923e+00
1.960334397804011530e+00
1.975456443444772781e+00
1.992596793481588691e+00
2.012375105274696541e+00
2.035849354835644665e+00
2.065139104030153216e+00
2.106100801312333903e+00
2.155170679819073953e+00
2.174887986586558686e+00
2.198159567610706411e+00
2.226830985998380807e+00
2.265510772868852385e+00
2.343960738881644357e+00
1.304513256163075896e+00
1.305732080133474415e+00
1.311730233882561825e+00
1.259230523485705078e+00
1.297153526074658725e+00
1.317702043813042900e+00
1.313055205101216094e+00
2.206501132901007800e+00
2.175658764827061109e+00
2.173014292837518902e+00
2.217756583455953390e+00
2.191958858151970446e+00
2.181091375135564281e+00
2.270386303890618684e+00
2.228698563663564780e+00
2.162659692415200841e+00
2.127200119019896807e+00
2.104534478203631931e+00
2.161767980458911165e+00
2.146382982759734936e+00
2.141095201985980356e+00
2.079769416369656732e+00
2.044538391325520177e+00
2.017865127252620017e+00
2.025270197602044409e+00
1.978857974268064979e+00
2.003384099691585263e+00
2.028960618642472458e+00
1.978967045644020040e+00
1.946862040880187106e+00
1.998432430013360017e+00
2.011674598866363795e+00
2.023868486802862687e+00
2.019418481956286371e+00
2.019072895942065848e+00
1.984319152813417642e+00
2.005747881988245052e+00
2.015717493033168051e+00
2.011699646551398768e+00
1.947004333051117309e+00
1.911983382199560877e+00
1.885683030533396476e+00
1.864439733796980914e+00
1.846461053916512718e+00
1.839310003227816015e+00
1.834157137545806338e+00
1.842259805803788009e+00
1.834752724689032499e+00
1.808755683681559923e+00
1.791140293845699061e+00
1.751858990004344196e+00
1.752827461455046754e+00
1.766459456363195901e+00
1.793619200465713215e+00
1.714265423420324064e+00
1.679768929026512092e+00
1.654276508334429518e+00
1.633852449848796962e+00
1.616658453150115360e+00
1.614247524388246369e+00
1.622713025821177268e+00
1.575986419146558903e+00
1.634971487122677702e+00
1.585085634986643566e+00
1.562602843343267933e+00
1.570294931161046792e+00
1.552526989768459043e+00
1.562677296742451816e+00
1.544482537124909127e+00
1.542515015946801293e+00
1.544228040739320296e+00
1.535937633868954322e+00
1.550243140380157980e+00
1.563828504299439537e+00
1.551093668080282484e+00
1.535828879837178418e+00
1.480740552500723561e+00
1.450299639327104151e+00
1.457977837322735892e+00
1.408385003020212967e+00
1.437391914762383038e+00
1.426564599783170628e+00
1.420183087503064989e+00
1.379564462188548779e+00
1.365100590544885195e+00
1.364866390446360711e+00
1.340025485299364716e+00
1.391505785648625704e+00
1.345498424087390399e+00
1.356597398815367672e+00
1.334538380827947623e+00
1.314490682814455580e+00
2.174452262709499095e+00
2.114940283615161842e+00
2.079886092318715018e+00
2.053233781881621312e+00
1.945936008425251940e+00
1.906769209858804492e+00
1.878647755981323941e+00
1.826876232791869281e+00
1.791781146955003790e+00
1.765727050264011222e+00
1.744501976456400927e+00
1.726431997300799104e+00
1.693153447011786383e+00
1.659963970347335893e+00
1.635119127680018103e+00
1.614792963877054399e+00
1.597434907359433165e+00
1.582230874087362960e+00
1.568689760347732332e+00
1.556487977771163100e+00
1.526624937517281566e+00
1.501808141849780842e+00
1.481688293495889708e+00
1.464578423702023624e+00
1.449620704392645676e+00
1.436307375446884471e+00
1.424308084968803234e+00
1.413393474455572063e+00
1.403396553882129805e+00
1.394191250610559596e+00
1.385679624188346448e+00
1.377783814290118869e+00
1.352094092553495663e+00
1.326429983112452859e+00
1.325335597461335002e+00
1.320754687767582203e+00
1.351251343493502510e+00
1.382784696086710063e+00
1.373663656846465075e+00
1.315961242712088808e+00
1.328759513753935195e+00
1.355046863979615379e+00
1.307642346843660208e+00
1.324395197313697370e+00
1.366431294956391707e+00
1.309508000888308876e+00
1.332855020414025038e+00
1.364224204373973182e+00
1.320969079850511596e+00
1.330273720882121147e+00
1.342660088901063364e+00
1.349020973371922505e+00
1.333688152002980187e+00
1.302676526594733541e+00
1.346202067081682774e+00
1.326633868319165632e+00
1.337142213748143682e+00
1.312725557356899220e+00
1.313994240218268938e+00
1.352908390708608799e+00
1.344568889462680161e+00
1.343040914862890789e+00
1.342414628324497095e+00
1.343045496254771098e+00
1.324007022226029839e+00
1.320720056444652180e+00
1.333644305697494481e+00
1.372899927622344585e+00
1.308859151529612408e+00
1.317955724395363015e+00
1.328986763581127439e+00
1.307444533285572863e+00
1.321828510621111619e+00
1.302203002187046321e+00
1.315453553201457515e+00
1.352979137830906398e+00
1.307053013833116450e+00
1.338448134567593151e+00
1.345783436708805292e+00
1.342093845748406844e+00
1.305443144334859973e+00
1.303169000998145588e+00
1.300464137253149577e+00
1.303051019425491397e+00
1.331318023394671091e+00
1.311328154673141899e+00
1.325266162764000777e+00
1.360197052755531377e+00
1.293971622135167809e+00
1.295951076939714230e+00
1.347724342638855433e+00
1.344742410745187522e+00
1.325217681977824080e+00
1.336630024604803291e+00
1.369195001230801845e+00
1.333130741621663118e+00
1.335024843406595441e+00
1.349550540337689952e+00
1.337405340617770610e+00
1.323195747134213507e+00
1.329264012024870878e+00
1.289030168243825436e+00
1.306475662315937702e+00
1.344895483298248484e+00
1.296653271751574632e+00
1.321421376539039683e+00
1.299809269289374569e+00
1.307043858470809505e+00
1.329003829239657986e+00
1.353337652011115555e+00
1.300975682320991700e+00
1.317438057703126608e+00
1.333163673483668932e+00
1.359401614662696600e+00
1.304270981592599021e+00
1.355606690182248553e+00
1.347174872462751027e+00
1.303071355466543624e+00
1.275966780443363202e+00
1.255067293110434967e+00
1.237710775869730107e+00
1.222734881947678875e+00
1.209506778071524291e+00
1.197636239627357213e+00
1.186862312243872397e+00
1.177000191506442750e+00
1.167913284270800878e+00
1.159497230538801826e+00
1.151670162506500894e+00
1.145101877381995426e+00
1.161521597810121431e+00
1.123695980927021942e+00
1.142165616831876562e+00
1.144415041510763675e+00
1.126191320463402201e+00
1.145793804321060705e+00
1.128652858359079358e+00
1.113222864802225986e+00
1.107775750813722482e+00
1.117523844853254289e+00
1.157169505979183555e+00
1.128394459719483489e+00
1.147377984191035205e+00
1.149310174581202881e+00
1.115881703554310933e+00
1.080697313581727492e+00
1.057353843479923006e+00
1.038988742687259270e+00
1.018822300952846316e+00
8.725937574589593959e-01
8.640175591334151584e-01
8.775204705288023321e-01
8.772239599511167940e-01
8.461182508524784929e-01
9.040995273069948324e-01
9.129611617090399589e-01
8.698029043434166718e-01
9.076029757227690453e-01
9.061468911902805790e-01
8.984306412414730936e-01
8.941701404510136175e-01
8.877276373086930850e-01
9.298627698856474222e-01
9.027542829312511508e-01
9.152043878938328492e-01
9.181532618448647876e-01
8.752848075114445514e-01
9.039641535473428302e-01
8.908364585013697212e-01
9.113136974765652099e-01
8.737415925759690616e-01
9.059213719751012528e-01
9.190931581274449647e-01
8.773402168185454597e-01
8.540276059142161147e-01
8.363525967259143323e-01
8.217635190854580829e-01
8.092014573876270545e-01
7.981047048644751563e-01
7.881325184915503046e-01
7.790596180991041786e-01
7.707278052539348057e-01
7.630209084484924631e-01
7.558506211722193502e-01
7.491479476132567594e-01
7.428577585226177060e-01
7.369351769635033023e-01
7.313430936455431741e-01
7.260504079218222939e-01
7.210307509345199595e-01
7.162615384894508441e-01
7.117232551322174583e-01
7.073989039263177681e-01
7.032735773061263851e-01
6.993341179300374133e-01
6.955688474720799208e-01
6.919673474141868619e-01
6.885202801430901909e-01
6.852192416455131774e-01
6.830797888641356730e-01
6.861931776806726724e-01
6.894425927984085822e-01
6.928353543172263151e-01
6.963795536022074906e-01
7.000841675359639193e-01
7.039591957612398865e-01
7.080158268344660666e-01
7.122666411049063395e-01
