3.059516587368636964e-01
1.127267897809013153e+00
1.888652125318959918e+01
1.783423381733394919e+01
3.141592653589793116e+00
1.200000000000000000e+01
1.200000000000000000e+01
1.200000000000000000e+01
1.200000000000000000e+01
1.200000000000000000e+01
1.200000000000000000e+01
1.200000000000000000e+01
1.200000000000000000e+01
1.200000000000000000e+01
1.200000000000000000e+01
1.200000000000000000e+01
1.200000000000000000e+01
1.200000000000000000e+01
1.200000000000000000e+01
1.200000000000000000e+01
1.200000000000000000e+01
1.200000000000000000e+01
1.200000000000000000e+01
1.200000000000000000e+01
1.200000000000000000e+01
1.200000000000000000e+01
1.200000000000000000e+01
1.200000000000000000e+01
1.200000000000000000e+01
1.200000000000000000e+01
1.200000000000000000e+01
1.200000000000000000e+01
1.200000000000000000e+01
1.200000000000000000e+01
1.200000000000000000e+01
1.200000000000000000e+01
1.200000000000000000e+01
1.200000000000000000e+01
1.200000000000000000e+01
1.200000000000000000e+01
1.200000000000000000e+01
1.200000000000000000e+01
1.200000000000000000e+01
1.200000000000000000e+01
1.200000000000000000e+01
1.200000000000000000e+01
1.200000000000000000e+01
1.200000000000000000e+01
1.200000000000000000e+01
1.187241836058904454e+01
1.161332961949058351e+01
1.136628002652828329e+01
1.113118550909855564e+01
1.090288567588524060e+01
1.069012382747725276e+01
1.047959697856373396e+01
1.028172384856002886e+01
1.008842657968263623e+01
9.908096861707964109e+00
9.729518811442389392e+00
9.559966504724247471e+00
9.394866880367240825e+00
9.234703633436991410e+00
9.079775591495415910e+00
8.934792577271188918e+00
8.790518041264327564e+00
8.654222768731251847e+00
8.520722410822301640e+00
8.394097714995055526e+00
8.264544828318559411e+00
8.145713903248875454e+00
8.028924561945069982e+00
7.917541124351744841e+00
7.802225317651727110e+00
7.700212018600519848e+00
7.592599308099400091e+00
7.491547702636418116e+00
7.395382320016115507e+00
7.300040380788040295e+00
7.206981637521597150e+00
7.123270413534291023e+00
7.033623989428995138e+00
6.948637642637550904e+00
6.865749423955228359e+00
6.781417338549744045e+00
6.703015508493171737e+00
6.628634951136698206e+00
6.552391848776011329e+00
6.478364405999672115e+00
6.409180501157319298e+00
6.337698822623208272e+00
6.271081402950936301e+00
6.204610308491401049e+00
6.139843281628960092e+00
6.079402800022165820e+00
6.017802570660021999e+00
5.956913344319361592e+00
5.901611648080868910e+00
5.842134862868942236e+00
5.787080369422871406e+00
5.733208951519912056e+00
5.676449335046656941e+00
5.625980489493557890e+00
5.577651779836555690e+00
5.526943527807334888e+00
5.474420615504348220e+00
5.433102876396321612e+00
5.386060955306637865e+00
5.338941772706426114e+00
5.292530645025540714e+00
5.246359210003164186e+00
5.205207346941999269e+00
5.162645059341241627e+00
5.122790284424549867e+00
5.081989522643390877e+00
5.040189818160770052e+00
5.001407333744345429e+00
4.964822784505338760e+00
4.927392981710322140e+00
4.890456422248407264e+00
4.855525453571111427e+00
4.819366336846552024e+00
4.787134775414652488e+00
4.752941751446019047e+00
4.718576255373099215e+00
4.683972208579419316e+00
4.650454305775474140e+00
4.620859105441356363e+00
4.590848616312418251e+00
4.561926090870674244e+00
4.528585586752942760e+00
4.501946068932467959e+00
4.471482488999324545e+00
4.445093282373068888e+00
4.417601428901529736e+00
4.388521727405070294e+00
4.362183868874252468e+00
4.337097010856417967e+00
4.309317422148595256e+00
4.286727186510134402e+00
4.261673655010111084e+00
4.236916566269142592e+00
4.211887707786636348e+00
4.188320595773720179e+00
4.169368274392221352e+00
4.141694027995570515e+00
4.120157385462592359e+00
4.098085260073414560e+00
4.076076044404933540e+00
4.054727530403377855e+00
4.036543805065750057e+00
4.013722479891710826e+00
3.994483708726921822e+00
3.974882238842751825e+00
3.956054643933335058e+00
3.937504361451004797e+00
3.916626738803418828e+00
3.897324225991458224e+00
3.878097580068908812e+00
3.860489289668471269e+00
3.842036790984381778e+00
3.823775124453335117e+00
3.806854180864308823e+00
3.791384136751234202e+00
3.776008754179276838e+00
3.757495024935101569e+00
3.742756265384041825e+00
3.729538858796284106e+00
3.710884573778083340e+00
3.694167310945225768e+00
3.681284741944446992e+00
3.665979051776623976e+00
3.652653858398537512e+00
3.635556753184908896e+00
3.623054372987786209e+00
3.609492053427100000e+00
3.597782044776366650e+00
3.582467973409040329e+00
3.568857074186838840e+00
3.555888829902853043e+00
3.546838207652540209e+00
3.536878334085639786e+00
3.519046230601313052e+00
3.506582788025780495e+00
3.492998990127296199e+00
3.484640743912596150e+00
3.470729601639312989e+00
3.458142069639781102e+00
3.450711069166516154e+00
3.438085312658373027e+00
3.430560477019890975e+00
3.416622190325770525e+00
3.404451943709349671e+00
3.395124168187102054e+00
3.384701891563886456e+00
3.376205745872491892e+00
3.366297109480520522e+00
3.355048774474366002e+00
3.344842458270296692e+00
3.336462736712169086e+00
3.327546343712700416e+00
3.322819421591226341e+00
3.309868498373091494e+00
3.303681423290218966e+00
3.294024851511702323e+00
3.284471038365445850e+00
3.279896271949987785e+00
3.269541545949019135e+00
3.262213723496559137e+00
3.254014838710848068e+00
3.247353373841312507e+00
3.239700824918565036e+00
3.231556550625225732e+00
3.224259924801549992e+00
3.217155608364479225e+00
3.210229751436519230e+00
3.210023515649708337e+00
3.197334867479300069e+00
3.193570397049708909e+00
3.183960816055861009e+00
3.179094816716706795e+00
3.173642539526318362e+00
3.167735942823053819e+00
3.162506610522260342e+00
3.156703610892194423e+00
3.151031395990327777e+00
3.145102344314293585e+00
3.139559951068962018e+00
3.133847941629404943e+00
3.128938614128894180e+00
3.125678368587789802e+00
3.118928401269351003e+00
3.115178557642112711e+00
3.109603517019932983e+00
3.104430171885232070e+00
3.100757548078288739e+00
3.099302806580846781e+00
3.093437780947736471e+00
3.090393798286583227e+00
3.085920506412695996e+00
3.083157705853468933e+00
3.078744019527380527e+00
3.075977325485632630e+00
3.070884851393242077e+00
3.067546066854290210e+00
3.063053472849317949e+00
3.064036542298989030e+00
3.058333293573711753e+00
3.054372486006983856e+00
3.053000036870802791e+00
3.052526638128812309e+00
3.047582883164895229e+00
3.045655947254762186e+00
3.043188541962341009e+00
3.042502921946205863e+00
3.038721105186500626e+00
3.035342487761841124e+00
3.034929552894542581e+00
3.033865058043561103e+00
3.033307206932879918e+00
3.030988993312514701e+00
3.028671260488962069e+00
3.026673155757092726e+00
3.028549216887622908e+00
3.024253095704782179e+00
3.023334781282628114e+00
3.022020413861483235e+00
3.022015085257646838e+00
3.021238995097828006e+00
3.021749107552801572e+00
3.020049147692378533e+00
3.021245122576412090e+00
3.020620037600098229e+00
3.019326986658217304e+00
3.018339875235627190e+00
3.018734264437440196e+00
3.018825031907192535e+00
3.019926644592970444e+00
3.017430282937072494e+00
3.022298636038220021e+00
3.019601082813932358e+00
3.023070686404659035e+00
3.022939375133998130e+00
3.023154804510059801e+00
3.022452751075224153e+00
3.023531998788827835e+00
3.023820430820963079e+00
3.025023083108825173e+00
3.027586594204694670e+00
3.028544895022793781e+00
3.032036611260321202e+00
3.030738050269586203e+00
3.034070025191335951e+00
3.036337231049266894e+00
3.035788523260293026e+00
3.038070411238542157e+00
3.039346255451504497e+00
3.042489666092461409e+00
3.044488999735731838e+00
3.048015886384110473e+00
3.051512208960689421e+00
3.052546120337812141e+00
3.054622977875998568e+00
3.058538561697269564e+00
3.061301507118435516e+00
3.065674799036608000e+00
3.068842463313491198e+00
3.070553781342499455e+00
3.075965048215075548e+00
3.079282853030103073e+00
3.081248221816282662e+00
3.084861563528841000e+00
3.088761789091412080e+00
3.092469500578407082e+00
3.097300402001141872e+00
3.101260204793953701e+00
3.109608655368275798e+00
3.112092259181396425e+00
3.115350349054027745e+00
3.118097510212431089e+00
3.123411667956710769e+00
3.129065065527037337e+00
3.135952977330899394e+00
3.138894847800053789e+00
3.144608027635775738e+00
3.148762084704887165e+00
3.155493230677426375e+00
3.162265254335042020e+00
3.166404559606902147e+00
3.173142881544725125e+00
3.179208947026087806e+00
3.184198496592148153e+00
3.192384688138080850e+00
3.198007531160040440e+00
3.204241359097736108e+00
3.211754160964651827e+00
3.216840640746686741e+00
3.225605307509145980e+00
3.233734148879412018e+00
3.238794754191756997e+00
3.247185648848966100e+00
3.252954349985900162e+00
3.261977629654418731e+00
3.269917108184924093e+00
3.277455677599168116e+00
3.285718171909921104e+00
3.296545045485444358e+00
3.302097210435861907e+00
3.310172734552971008e+00
3.321059811516595239e+00
3.328239682483681072e+00
3.337932949328804355e+00
3.347376659666796872e+00
3.355553484466084146e+00
3.369045792885136059e+00
3.375695111538898452e+00
3.384817102555132795e+00
3.395694012124573558e+00
3.404763088744326982e+00
3.415646791963987461e+00
3.426034582423662656e+00
3.438443875063352806e+00
3.448009653421180154e+00
3.458744098994166460e+00
3.470099579348262075e+00
3.480118884309880034e+00
3.493846934887482103e+00
3.505970129599803808e+00
3.518268151507362607e+00
3.532284038445163699e+00
3.543540015248070940e+00
3.555270295245693379e+00
3.569434389025837984e+00
3.581238496815313699e+00
3.596033460115470426e+00
3.608801225811002489e+00
3.621696628776561955e+00
3.635925325202067793e+00
3.650613663583599067e+00
3.666295397287928193e+00
3.680088623404361492e+00
3.695406750109524907e+00
3.710840704589816852e+00
3.726454469173703821e+00
3.742239158837664004e+00
3.757599325118476052e+00
3.779625643662425816e+00
3.789780693992834237e+00
3.810776175859320158e+00
3.824065992735329100e+00
3.842918086219090146e+00
3.861309845359660819e+00
3.879253473909483940e+00
3.895592328068017807e+00
3.917196797419549181e+00
3.933671736561457521e+00
3.951794591341303065e+00
3.973619941917110321e+00
3.996044077461780031e+00
4.015019504223801050e+00
4.033825287565881546e+00
4.053986997926628533e+00
4.074913044155450415e+00
4.098129015740562764e+00
4.118746085428676373e+00
4.141613191999070409e+00
4.165848228482611049e+00
4.191114593605807848e+00
4.217058955423597766e+00
4.237427627793521445e+00
4.260540180590488113e+00
4.286616758866253818e+00
4.309830274872339828e+00
4.336015998432006135e+00
4.360546797734414781e+00
4.390085901776482835e+00
4.415885237350917869e+00
4.443103582839047938e+00
4.476621231788987743e+00
4.501260204198924697e+00
4.529669319709743291e+00
4.561564726027937944e+00
4.590872930331252100e+00
4.622878157825160983e+00
4.653137884057024110e+00
4.687045050159122539e+00
4.718955316521617149e+00
4.749806417159322613e+00
4.784350793663901591e+00
4.819513869182812549e+00
4.855341414766927599e+00
4.891710705135421833e+00
4.925703522730017880e+00
4.966292607198647069e+00
5.000850314952062448e+00
5.042157220981229315e+00
5.081561383035754886e+00
5.122138201525004320e+00
5.162321642261404442e+00
5.203177849919612186e+00
5.247010580362383436e+00
5.291601196283809649e+00
5.337084226026071576e+00
5.384036308564288831e+00
5.429650539150165045e+00
5.476380589782158914e+00
5.525413575299504387e+00
5.576765822630445513e+00
5.626832817388945251e+00
5.678161542742543588e+00
5.730609446246586636e+00
5.785994686231081374e+00
5.842707172142224792e+00
5.897668202716454644e+00
5.957014566266055411e+00
6.017224545739609631e+00
6.079641986682906563e+00
6.143143322838834131e+00
6.204854421004828424e+00
6.272846952564075984e+00
6.341087061916739209e+00
6.407496516399319830e+00
6.478157841934574890e+00
6.550158426228587238e+00
6.625884890813401817e+00
6.705617535590162603e+00
6.781313968977997320e+00
6.859756788876309130e+00
6.947034163341389679e+00
7.031696039048584979e+00
7.115932465954081465e+00
7.209428831841908192e+00
7.304425095615679986e+00
7.397130854322314875e+00
7.492301120057499375e+00
7.590332132349636218e+00
7.701837065613516664e+00
7.800727119040096191e+00
7.914042935187979744e+00
8.027912030180601732e+00
8.145076030971269532e+00
8.263741647849332850e+00
8.392533206198550033e+00
8.527705342505811359e+00
8.653583823103847550e+00
8.792384965629103988e+00
8.939024490146708857e+00
9.081473620651586032e+00
9.233928895120756764e+00
9.396915130638111791e+00
9.557815517929261873e+00
9.725804649922450196e+00
9.905638425603424224e+00
1.009077909538845219e+01
1.027998733237929763e+01
1.048469121624107991e+01
1.069286734535173977e+01
1.090726284807159274e+01
1.113741923776061959e+01
1.136401025563142753e+01
1.161848695020281674e+01
1.186946783865243660e+01
1.200000000000000000e+01
1.200000000000000000e+01
1.200000000000000000e+01
1.200000000000000000e+01
1.200000000000000000e+01
1.200000000000000000e+01
1.200000000000000000e+01
1.200000000000000000e+01
1.200000000000000000e+01
1.200000000000000000e+01
1.200000000000000000e+01
1.200000000000000000e+01
1.200000000000000000e+01
1.200000000000000000e+01
1.200000000000000000e+01
1.200000000000000000e+01
1.200000000000000000e+01
1.200000000000000000e+01
1.200000000000000000e+01
1.200000000000000000e+01
1.200000000000000000e+01
1.200000000000000000e+01
1.200000000000000000e+01
1.200000000000000000e+01
1.200000000000000000e+01
1.200000000000000000e+01
1.200000000000000000e+01
1.200000000000000000e+01
1.200000000000000000e+01
1.200000000000000000e+01
1.200000000000000000e+01
1.200000000000000000e+01
1.200000000000000000e+01
1.200000000000000000e+01
1.200000000000000000e+01
1.200000000000000000e+01
1.200000000000000000e+01
1.200000000000000000e+01
1.200000000000000000e+01
1.200000000000000000e+01
1.200000000000000000e+01
1.200000000000000000e+01
1.200000000000000000e+01
1.200000000000000000e+01
1.200000000000000000e+01
1.200000000000000000e+01
1.200000000000000000e+01
1.200000000000000000e+01
1.200000000000000000e+01
1.200000000000000000e+01
1.200000000000000000e+01
1.200000000000000000e+01
1.200000000000000000e+01
1.200000000000000000e+01
1.200000000000000000e+01
1.200000000000000000e+01
1.200000000000000000e+01
1.200000000000000000e+01
1.200000000000000000e+01
1.200000000000000000e+01
1.200000000000000000e+01
1.200000000000000000e+01
1.200000000000000000e+01
1.200000000000000000e+01
1.200000000000000000e+01
1.200000000000000000e+01
1.200000000000000000e+01
1.200000000000000000e+01
1.200000000000000000e+01
1.200000000000000000e+01
1.200000000000000000e+01
1.200000000000000000e+01
1.200000000000000000e+01
1.200000000000000000e+01
1.200000000000000000e+01
1.200000000000000000e+01
1.200000000000000000e+01
1.200000000000000000e+01
1.200000000000000000e+01
1.200000000000000000e+01
1.200000000000000000e+01
1.200000000000000000e+01
1.200000000000000000e+01
1.200000000000000000e+01
1.200000000000000000e+01
1.200000000000000000e+01
1.200000000000000000e+01
1.200000000000000000e+01
1.200000000000000000e+01
1.200000000000000000e+01
1.200000000000000000e+01
1.200000000000000000e+01
1.200000000000000000e+01
1.200000000000000000e+01
1.200000000000000000e+01
1.200000000000000000e+01
1.200000000000000000e+01
1.200000000000000000e+01
1.200000000000000000e+01
1.200000000000000000e+01
1.200000000000000000e+01
1.200000000000000000e+01
1.200000000000000000e+01
1.200000000000000000e+01
1.200000000000000000e+01
1.200000000000000000e+01
1.200000000000000000e+01
1.200000000000000000e+01
1.200000000000000000e+01
1.200000000000000000e+01
1.200000000000000000e+01
1.200000000000000000e+01
1.200000000000000000e+01
1.200000000000000000e+01
1.200000000000000000e+01
1.200000000000000000e+01
1.200000000000000000e+01
1.200000000000000000e+01
1.200000000000000000e+01
1.200000000000000000e+01
1.200000000000000000e+01
1.200000000000000000e+01
1.200000000000000000e+01
1.200000000000000000e+01
1.200000000000000000e+01
1.200000000000000000e+01
1.200000000000000000e+01
1.200000000000000000e+01
1.200000000000000000e+01
1.200000000000000000e+01
1.200000000000000000e+01
1.200000000000000000e+01
1.200000000000000000e+01
1.200000000000000000e+01
1.200000000000000000e+01
1.200000000000000000e+01
1.200000000000000000e+01
1.200000000000000000e+01
1.200000000000000000e+01
1.200000000000000000e+01
1.200000000000000000e+01
1.200000000000000000e+01
1.200000000000000000e+01
1.200000000000000000e+01
1.200000000000000000e+01
1.200000000000000000e+01
1.200000000000000000e+01
1.200000000000000000e+01
1.200000000000000000e+01
1.200000000000000000e+01
1.200000000000000000e+01
1.200000000000000000e+01
1.200000000000000000e+01
1.200000000000000000e+01
1.200000000000000000e+01
1.200000000000000000e+01
1.200000000000000000e+01
1.200000000000000000e+01
1.200000000000000000e+01
1.200000000000000000e+01
1.200000000000000000e+01
1.200000000000000000e+01
1.200000000000000000e+01
1.200000000000000000e+01
1.200000000000000000e+01
1.200000000000000000e+01
1.200000000000000000e+01
1.200000000000000000e+01
1.200000000000000000e+01
1.200000000000000000e+01
1.200000000000000000e+01
1.200000000000000000e+01
1.200000000000000000e+01
1.200000000000000000e+01
1.200000000000000000e+01
1.200000000000000000e+01
1.200000000000000000e+01
1.200000000000000000e+01
1.200000000000000000e+01
1.200000000000000000e+01
1.200000000000000000e+01
1.200000000000000000e+01
1.200000000000000000e+01
1.200000000000000000e+01
1.200000000000000000e+01
1.200000000000000000e+01
1.200000000000000000e+01
1.200000000000000000e+01
1.200000000000000000e+01
1.200000000000000000e+01
1.200000000000000000e+01
1.200000000000000000e+01
1.200000000000000000e+01
1.200000000000000000e+01
1.200000000000000000e+01
1.200000000000000000e+01
1.200000000000000000e+01
1.200000000000000000e+01
1.200000000000000000e+01
1.200000000000000000e+01
1.200000000000000000e+01
1.200000000000000000e+01
1.200000000000000000e+01
1.200000000000000000e+01
1.200000000000000000e+01
1.200000000000000000e+01
1.200000000000000000e+01
1.200000000000000000e+01
1.200000000000000000e+01
1.200000000000000000e+01
1.200000000000000000e+01
1.200000000000000000e+01
1.200000000000000000e+01
1.200000000000000000e+01
1.200000000000000000e+01
1.200000000000000000e+01
1.200000000000000000e+01
1.200000000000000000e+01
1.200000000000000000e+01
1.200000000000000000e+01
1.200000000000000000e+01
1.200000000000000000e+01
1.200000000000000000e+01
1.200000000000000000e+01
1.200000000000000000e+01
1.200000000000000000e+01
1.200000000000000000e+01
1.200000000000000000e+01
1.200000000000000000e+01
1.200000000000000000e+01
1.200000000000000000e+01
1.200000000000000000e+01
1.200000000000000000e+01
1.200000000000000000e+01
1.200000000000000000e+01
1.200000000000000000e+01
1.200000000000000000e+01
1.200000000000000000e+01
1.200000000000000000e+01
1.200000000000000000e+01
1.200000000000000000e+01
1.200000000000000000e+01
1.200000000000000000e+01
1.200000000000000000e+01
1.200000000000000000e+01
1.200000000000000000e+01
1.200000000000000000e+01
1.200000000000000000e+01
1.200000000000000000e+01
1.200000000000000000e+01
1.200000000000000000e+01
1.200000000000000000e+01
1.200000000000000000e+01
1.200000000000000000e+01
1.200000000000000000e+01
1.200000000000000000e+01
1.200000000000000000e+01
1.200000000000000000e+01
1.200000000000000000e+01
1.200000000000000000e+01
1.200000000000000000e+01
1.200000000000000000e+01
1.200000000000000000e+01
1.200000000000000000e+01
1.200000000000000000e+01
1.200000000000000000e+01
1.200000000000000000e+01
1.200000000000000000e+01
1.200000000000000000e+01
1.200000000000000000e+01
1.200000000000000000e+01
1.200000000000000000e+01
1.200000000000000000e+01
1.200000000000000000e+01
1.200000000000000000e+01
1.200000000000000000e+01
1.200000000000000000e+01
1.200000000000000000e+01
1.200000000000000000e+01
1.200000000000000000e+01
1.200000000000000000e+01
1.200000000000000000e+01
1.200000000000000000e+01
1.200000000000000000e+01
1.200000000000000000e+01
1.200000000000000000e+01
1.200000000000000000e+01
1.200000000000000000e+01
1.200000000000000000e+01
1.200000000000000000e+01
1.200000000000000000e+01
1.200000000000000000e+01
1.200000000000000000e+01
1.200000000000000000e+01
1.200000000000000000e+01
1.200000000000000000e+01
1.200000000000000000e+01
1.200000000000000000e+01
1.200000000000000000e+01
1.200000000000000000e+01
1.200000000000000000e+01
1.200000000000000000e+01
1.200000000000000000e+01
1.200000000000000000e+01
1.200000000000000000e+01
1.200000000000000000e+01
1.200000000000000000e+01
1.200000000000000000e+01
1.200000000000000000e+01
1.200000000000000000e+01
1.200000000000000000e+01
1.200000000000000000e+01
1.200000000000000000e+01
1.200000000000000000e+01
1.200000000000000000e+01
1.200000000000000000e+01
1.200000000000000000e+01
1.200000000000000000e+01
1.200000000000000000e+01
1.200000000000000000e+01
1.200000000000000000e+01
1.200000000000000000e+01
1.200000000000000000e+01
1.200000000000000000e+01
1.200000000000000000e+01
1.200000000000000000e+01
1.200000000000000000e+01
1.200000000000000000e+01
1.200000000000000000e+01
1.200000000000000000e+01
1.200000000000000000e+01
1.200000000000000000e+01
1.200000000000000000e+01
1.200000000000000000e+01
1.200000000000000000e+01
1.200000000000000000e+01
1.200000000000000000e+01
1.200000000000000000e+01
1.200000000000000000e+01
1.200000000000000000e+01
1.200000000000000000e+01
1.200000000000000000e+01
1.200000000000000000e+01
1.200000000000000000e+01
1.200000000000000000e+01
1.200000000000000000e+01
1.200000000000000000e+01
1.200000000000000000e+01
1.200000000000000000e+01
1.200000000000000000e+01
1.200000000000000000e+01
1.200000000000000000e+01
1.200000000000000000e+01
1.200000000000000000e+01
1.200000000000000000e+01
1.200000000000000000e+01
1.200000000000000000e+01
1.200000000000000000e+01
1.200000000000000000e+01
1.200000000000000000e+01
1.200000000000000000e+01
1.200000000000000000e+01
1.200000000000000000e+01
1.200000000000000000e+01
1.200000000000000000e+01
1.200000000000000000e+01
1.200000000000000000e+01
1.200000000000000000e+01
1.200000000000000000e+01
1.200000000000000000e+01
1.200000000000000000e+01
1.200000000000000000e+01
1.200000000000000000e+01
1.200000000000000000e+01
1.200000000000000000e+01
1.200000000000000000e+01
1.200000000000000000e+01
1.200000000000000000e+01
1.200000000000000000e+01
1.200000000000000000e+01
1.200000000000000000e+01
1.200000000000000000e+01
1.200000000000000000e+01
1.200000000000000000e+01
1.200000000000000000e+01
1.200000000000000000e+01
1.200000000000000000e+01
1.200000000000000000e+01
1.200000000000000000e+01
1.200000000000000000e+01
1.200000000000000000e+01
1.200000000000000000e+01
1.200000000000000000e+01
1.200000000000000000e+01
1.200000000000000000e+01
1.200000000000000000e+01
1.200000000000000000e+01
1.200000000000000000e+01
1.200000000000000000e+01
1.200000000000000000e+01
1.200000000000000000e+01
1.200000000000000000e+01
1.200000000000000000e+01
1.200000000000000000e+01
1.200000000000000000e+01
1.200000000000000000e+01
1.200000000000000000e+01
1.200000000000000000e+01
1.200000000000000000e+01
1.200000000000000000e+01
1.200000000000000000e+01
1.200000000000000000e+01
1.200000000000000000e+01
1.200000000000000000e+01
1.200000000000000000e+01
1.200000000000000000e+01
1.200000000000000000e+01
1.200000000000000000e+01
1.200000000000000000e+01
1.200000000000000000e+01
1.200000000000000000e+01
1.200000000000000000e+01
1.200000000000000000e+01
1.200000000000000000e+01
1.200000000000000000e+01
1.200000000000000000e+01
1.200000000000000000e+01
1.200000000000000000e+01
1.200000000000000000e+01
1.200000000000000000e+01
1.200000000000000000e+01
1.200000000000000000e+01
1.200000000000000000e+01
1.200000000000000000e+01
1.200000000000000000e+01
1.200000000000000000e+01
1.200000000000000000e+01
1.200000000000000000e+01
1.200000000000000000e+01
1.200000000000000000e+01
1.200000000000000000e+01
1.200000000000000000e+01
1.200000000000000000e+01
1.200000000000000000e+01
1.200000000000000000e+01
1.200000000000000000e+01
1.200000000000000000e+01
1.200000000000000000e+01
1.200000000000000000e+01
1.200000000000000000e+01
1.200000000000000000e+01
1.200000000000000000e+01
1.200000000000000000e+01
1.200000000000000000e+01
1.200000000000000000e+01
1.200000000000000000e+01
1.200000000000000000e+01
1.200000000000000000e+01
1.200000000000000000e+01
1.200000000000000000e+01
1.200000000000000000e+01
1.200000000000000000e+01
1.200000000000000000e+01
1.200000000000000000e+01
1.200000000000000000e+01
1.200000000000000000e+01
1.200000000000000000e+01
1.200000000000000000e+01
1.200000000000000000e+01
1.200000000000000000e+01
1.200000000000000000e+01
1.200000000000000000e+01
1.200000000000000000e+01
1.200000000000000000e+01
1.200000000000000000e+01
1.200000000000000000e+01
1.200000000000000000e+01
1.200000000000000000e+01
1.200000000000000000e+01
1.200000000000000000e+01
1.200000000000000000e+01
1.200000000000000000e+01
1.200000000000000000e+01
1.200000000000000000e+01
1.200000000000000000e+01
1.200000000000000000e+01
1.200000000000000000e+01
1.200000000000000000e+01
1.200000000000000000e+01
1.200000000000000000e+01
1.200000000000000000e+01
1.200000000000000000e+01
1.200000000000000000e+01
1.200000000000000000e+01
1.200000000000000000e+01
1.200000000000000000e+01
1.200000000000000000e+01
1.200000000000000000e+01
1.200000000000000000e+01
1.200000000000000000e+01
1.200000000000000000e+01
1.200000000000000000e+01
1.200000000000000000e+01
1.200000000000000000e+01
1.200000000000000000e+01
1.200000000000000000e+01
1.200000000000000000e+01
1.200000000000000000e+01
1.200000000000000000e+01
1.200000000000000000e+01
1.200000000000000000e+01
1.200000000000000000e+01
1.200000000000000000e+01
1.200000000000000000e+01
1.200000000000000000e+01
1.200000000000000000e+01
1.200000000000000000e+01
1.200000000000000000e+01
1.200000000000000000e+01
1.200000000000000000e+01
1.200000000000000000e+01
1.200000000000000000e+01
1.200000000000000000e+01
1.200000000000000000e+01
1.200000000000000000e+01
1.200000000000000000e+01
1.200000000000000000e+01
1.200000000000000000e+01
1.200000000000000000e+01
1.200000000000000000e+01
1.200000000000000000e+01
1.200000000000000000e+01
1.200000000000000000e+01
1.200000000000000000e+01
1.200000000000000000e+01
1.200000000000000000e+01
1.200000000000000000e+01
1.200000000000000000e+01
1.200000000000000000e+01
1.200000000000000000e+01
1.200000000000000000e+01
1.200000000000000000e+01
1.200000000000000000e+01
1.200000000000000000e+01
1.200000000000000000e+01
1.200000000000000000e+01
1.200000000000000000e+01
1.200000000000000000e+01
1.200000000000000000e+01
1.200000000000000000e+01
1.200000000000000000e+01
1.200000000000000000e+01
1.200000000000000000e+01
1.200000000000000000e+01
1.200000000000000000e+01
1.200000000000000000e+01
1.200000000000000000e+01
1.200000000000000000e+01
1.200000000000000000e+01
1.200000000000000000e+01
1.200000000000000000e+01
1.200000000000000000e+01
1.200000000000000000e+01
1.200000000000000000e+01
1.200000000000000000e+01
1.200000000000000000e+01
1.200000000000000000e+01
1.200000000000000000e+01
1.200000000000000000e+01
1.200000000000000000e+01
1.200000000000000000e+01
1.200000000000000000e+01
1.200000000000000000e+01
1.200000000000000000e+01
1.200000000000000000e+01
1.200000000000000000e+01
1.200000000000000000e+01
1.200000000000000000e+01
1.200000000000000000e+01
1.200000000000000000e+01
1.200000000000000000e+01
1.200000000000000000e+01
1.200000000000000000e+01
