3.059516587368636964e-01
1.034942364201047127e+00
1.154478835403874371e+01
1.703656230875609268e+01
3.138581829149424074e+00
9.018103023791995687e-01
9.444379098715227627e-01
9.223045943560059801e-01
9.131491498936470386e-01
9.527844725959260241e-01
9.417421578545072114e-01
9.453525369786448529e-01
9.308183365911996132e-01
9.501177959371444048e-01
9.598636979573016426e-01
9.729314358203804414e-01
9.781274432360648197e-01
9.809501060756535828e-01
9.280469894779279638e-01
9.626828222124171885e-01
9.871824240274770235e-01
9.321932560915415777e-01
9.502996317422227612e-01
9.472407013261535669e-01
9.544279730063257583e-01
9.621237968860691936e-01
9.703986699420695805e-01
9.793419464664891994e-01
9.890697715273285562e-01
9.997379225691072069e-01
1.011563883604096770e+00
1.024867868785497960e+00
1.040157578101819968e+00
1.058332377441275174e+00
1.081314529491142817e+00
1.115347897989580783e+00
1.128210032000680485e+00
1.126706202939305790e+00
1.108722521842627096e+00
1.127006091477814831e+00
1.102200652575111794e+00
1.102704227375524093e+00
1.105905279019574472e+00
1.103442817423545108e+00
1.101102628110852022e+00
1.100585283441295914e+00
1.102399603254486493e+00
1.129214399750620768e+00
1.120353220544405115e+00
1.142534516256116017e+00
1.089325424969898481e+00
1.154277030908186008e+00
1.123573756531066614e+00
1.099801988286030374e+00
1.080167896250507908e+00
1.121577673438098888e+00
1.090106553251184884e+00
1.065018042743582694e+00
1.094503401007499210e+00
1.115553166824513109e+00
1.116486862889568332e+00
1.100197717520799756e+00
1.115784743354744313e+00
1.089658751654160485e+00
1.095181537433931096e+00
1.132653560592594477e+00
1.109955844151770732e+00
1.093319426608456491e+00
1.100832756471890495e+00
1.109875472879309211e+00
1.098048969787908336e+00
1.151547375133487261e+00
1.111436754388948067e+00
1.118177873802928879e+00
1.103627137677683390e+00
1.099364759391669777e+00
1.101378150302731562e+00
1.137937290422097902e+00
1.124874311216848222e+00
1.134737757826485227e+00
1.133959519267712324e+00
1.136351289882377547e+00
1.153212924160682329e+00
1.159797741025290430e+00
1.179569883043450895e+00
1.214504614474894106e+00
1.237194623206158361e+00
1.249309725490046707e+00
1.252219363756292392e+00
1.299327220521752757e+00
1.292012058165808330e+00
1.317476663505732448e+00
1.323729520747476407e+00
1.313555429516081841e+00
1.332316263815853219e+00
1.340886313848735689e+00
1.305815678957357173e+00
1.338219995703718412e+00
1.356008680955119505e+00
1.320921126283821412e+00
1.323805669857025080e+00
1.326565208286778486e+00
1.295300235831129632e+00
1.286805910804052822e+00
1.291762056715052731e+00
1.302474836859525142e+00
1.299217811658718968e+00
1.292389525325969180e+00
1.293713267305492742e+00
1.315617551684438391e+00
1.304986880917890391e+00
1.286288650038177606e+00
1.321186547921730403e+00
1.293770710934565082e+00
1.305549433432855233e+00
1.311408516825692594e+00
1.314691373826259557e+00
1.287196629538485793e+00
1.329796473996472495e+00
1.301581512672686181e+00
1.319514154711216358e+00
1.334521590954941495e+00
1.312861030581088606e+00
1.304063852279258695e+00
1.330591413034503123e+00
1.303348100918238828e+00
1.311035209530715173e+00
1.326720230071243289e+00
1.335902368838816079e+00
1.340773433105850732e+00
1.326942549159773055e+00
1.338917361438268561e+00
1.377735747004043665e+00
1.372800340311142619e+00
1.355810055792766367e+00
1.373392270042026464e+00
1.394394222311613696e+00
1.421138533442623642e+00
1.461503229404158111e+00
1.511624506586265015e+00
1.532228621355253173e+00
1.571394670200363608e+00
1.594053577343193417e+00
1.690270573361280615e+00
1.718478202950031841e+00
1.775971900295885586e+00
1.919772960282835950e+00
1.999424962405031980e+00
2.027516126806998109e+00
2.065876787230179090e+00
2.203433887667731739e+00
2.234894756591761844e+00
2.280218451427388437e+00
2.318102962623072916e+00
2.331505235830452438e+00
2.002800327629497001e+00
2.016459344839404366e+00
2.011776007597328775e+00
2.010178597453582405e+00
2.008264887864109838e+00
2.034091696892221801e+00
2.067673567048911032e+00
2.121748060596152730e+00
2.010634484574881586e+00
2.004765740443872790e+00
2.003628269950406438e+00
1.907762787152280426e+00
1.944747341269611685e+00
1.957534001519150468e+00
1.923321853378827218e+00
1.978606412223359978e+00
2.005311625771395434e+00
1.987013486498788506e+00
1.930139760046914343e+00
1.925815550327597547e+00
1.916041831400569606e+00
1.981538830432501674e+00
1.901437773979807178e+00
1.933222397785623992e+00
1.920679948350142885e+00
1.975932366469999701e+00
1.924200346522008331e+00
1.961352606384698882e+00
1.982448797762849546e+00
1.999609456752696746e+00
2.019412664842616056e+00
2.042917557132216011e+00
2.072245488324102158e+00
2.113254502606986662e+00
2.173241129408523875e+00
2.083343328139328765e+00
2.133287677364833268e+00
2.125118806456693044e+00
2.107335182378440308e+00
2.087885842765397015e+00
2.146422652673605214e+00
2.124011095582318820e+00
2.109997104854529404e+00
2.111088442836549284e+00
2.119475622263510495e+00
2.126849474213452051e+00
2.137575304357830941e+00
2.151885906020560402e+00
2.124396987297756834e+00
2.090305096631741577e+00
2.098974505702577265e+00
2.105458898140996293e+00
2.066026513828826072e+00
2.128008139846786939e+00
2.093860048893668946e+00
2.114376589348076152e+00
2.142074786057345914e+00
2.179037066773548581e+00
2.249009239729786724e+00
2.231207498501527997e+00
2.278111596194863697e+00
2.268137382253073042e+00
2.261527637508454536e+00
2.231888326255736299e+00
2.226543065272132971e+00
2.295025457172902517e+00
2.261645053791982107e+00
2.245376039115033695e+00
2.246491601850868047e+00
2.253026728773470211e+00
2.264964110475584214e+00
2.287993351006501364e+00
2.349437847202723972e+00
2.321479499254825996e+00
2.339828725158584533e+00
2.369555653737153822e+00
2.352391492519636529e+00
2.084070037517645968e+00
2.164356570908337218e+00
2.222259674095568016e+00
2.191027032235920213e+00
2.178476162550650574e+00
2.196004432515584526e+00
2.236673518901203472e+00
2.240250277949074942e+00
2.270066269401481041e+00
2.311097129797936134e+00
2.338112504369561861e+00
2.367626624510775546e+00
2.291578682130559041e+00
2.316270635385253129e+00
2.354363554118901636e+00
2.306899824596181592e+00
2.307008256583622519e+00
2.242741765662656039e+00
2.198611967607944973e+00
2.183797036317030926e+00
2.193362768057859125e+00
2.164512929958581910e+00
2.147406261188708587e+00
2.221355066653524446e+00
2.196319378879585837e+00
2.161859479647304294e+00
2.178399120255066990e+00
2.140476407083705013e+00
2.153703950355018826e+00
2.213187367600071731e+00
2.170824704568306007e+00
2.197039641208411442e+00
2.238523502278234822e+00
2.271927675396607782e+00
2.246448727470760076e+00
2.267328204985072482e+00
2.109811971469244707e+00
2.171091255856186564e+00
2.138130804549592590e+00
2.122801998897386078e+00
2.123909692337316635e+00
2.115344010672131514e+00
2.118192081734478815e+00
2.079169029109749101e+00
2.064453066271460635e+00
2.059654922090905060e+00
2.057954049053041690e+00
2.065146013354419718e+00
2.088004923789130718e+00
2.035564206675780419e+00
2.042055668686562075e+00
2.065262967454950971e+00
2.059021257647257297e+00
2.039940959469405790e+00
2.094778616723809606e+00
2.026271905895431047e+00
2.111662287246641956e+00
2.027579897755446670e+00
2.109978317574387141e+00
2.024248852929028342e+00
2.063224830357730966e+00
2.008455871654991398e+00
2.032240666049480726e+00
2.063482068216046184e+00
2.005456616174893014e+00
2.036376439331018418e+00
2.034759596068789644e+00
2.016571347191918662e+00
2.041835234439847380e+00
2.067513445068605016e+00
2.059884322291301917e+00
2.070858315351443490e+00
2.006163688472268003e+00
1.966776982873503554e+00
1.953334513817186480e+00
1.958459349131825622e+00
1.905951346880629282e+00
1.892854462679246952e+00
1.930289758832704816e+00
1.946057056709034061e+00
1.970177875697023184e+00
1.978790504858687571e+00
1.981071271215977925e+00
1.970275656015269661e+00
1.984054496912511123e+00
1.955653143545742934e+00
1.989258557079104817e+00
1.970947186148951147e+00
1.954087479933451998e+00
1.996712593714259576e+00
2.022715228661803977e+00
2.008378291299103502e+00
2.014052749460791158e+00
1.954465570214484860e+00
1.967797395174069042e+00
1.930022512796496059e+00
1.902427781727139999e+00
2.134742527679251101e+00
2.128593564054826803e+00
2.163306526790826023e+00
2.207756540792086053e+00
2.225038778979924636e+00
2.199202572062668004e+00
2.228540388754927548e+00
2.200804502450412148e+00
2.151316371413883211e+00
2.118694220457791211e+00
2.180857141217019901e+00
2.185404825963969344e+00
2.222555590433969552e+00
2.163644377529644114e+00
2.128480940697198065e+00
2.101687159501765656e+00
2.102818707056677283e+00
2.060869015334629850e+00
2.044453688120792645e+00
2.043185371412617357e+00
2.055242457346157181e+00
2.086904921954856107e+00
2.014015200980437736e+00
1.973875367763600730e+00
1.945168523091215240e+00
1.922144892724575893e+00
1.902727405863543497e+00
1.911967440386548978e+00
2.396475335434506082e+00
2.388538379359641084e+00
2.376401514398458925e+00
2.383559860596020652e+00
2.336601092714556405e+00
2.324971254995892078e+00
2.345913938323876735e+00
2.369399419861836886e+00
2.362911539808049799e+00
2.276401588277540800e+00
2.237059683603842775e+00
2.208064296570094065e+00
2.184586101582931761e+00
2.164720737222634028e+00
1.913570759803948862e+00
1.788449039133543028e+00
1.732050754968309514e+00
1.674991296983783018e+00
1.653395317419638300e+00
1.653213595400535585e+00
1.674118657149130440e+00
1.662222899660999564e+00
1.647762233876040927e+00
1.601297244338819370e+00
1.567283224439504297e+00
1.585020667339277489e+00
1.621867550183469397e+00
1.562924096670678997e+00
1.576167888911978565e+00
1.580971011123066372e+00
1.584410121703424101e+00
1.599655929670275922e+00
1.609363654867535409e+00
1.551093032200062449e+00
1.556425817328610961e+00
1.622266232329524493e+00
1.561912931702223561e+00
1.550356864190851169e+00
1.589911922408290046e+00
1.545073216093272750e+00
1.526518716970068468e+00
1.527915174524820063e+00
1.538477699933455289e+00
1.539531153969792454e+00
1.557027565048454409e+00
1.533885450788167182e+00
1.529494328359099153e+00
1.563715676504868979e+00
1.531081059102556097e+00
1.526259698009031496e+00
1.560491222726043015e+00
1.532157245799020018e+00
1.528346636059646046e+00
1.530585939498291692e+00
1.528313673166066700e+00
1.536189100594703705e+00
1.555298616455484728e+00
1.485561738244298491e+00
1.560397690756767597e+00
1.482021053456035631e+00
1.481849412198679827e+00
1.488230033088369098e+00
1.495208284943326804e+00
1.509393899547748052e+00
1.518049481134940315e+00
1.524253794984121946e+00
1.505855623241525665e+00
1.479536879200127553e+00
1.523410342225353764e+00
1.501531263779263270e+00
1.520645970795555302e+00
1.474733331948721915e+00
1.424755501959851900e+00
1.431884351423538426e+00
1.433780569245390879e+00
1.438594811648923111e+00
1.465709710295311163e+00
1.491771034240635396e+00
1.434855565531089505e+00
1.454799207947787387e+00
1.441660305433868361e+00
1.378635339909570989e+00
1.388741659573634379e+00
1.438199474955442314e+00
1.408925073755985968e+00
1.406027125572131053e+00
1.397956480840611526e+00
1.433925385594562618e+00
1.397465782771897036e+00
1.428695308710766776e+00
1.416180422452899101e+00
1.429371685672135905e+00
1.415883376097754498e+00
1.404046501855011897e+00
1.359115664481708619e+00
1.331466280091057053e+00
1.332022937238993121e+00
1.293457145252167928e+00
1.280595878904658758e+00
1.263713314740489979e+00
1.311560337405586196e+00
1.280121260955839002e+00
1.273821067055493250e+00
1.329880884731333035e+00
1.295535283408229432e+00
1.283807463622536504e+00
1.297664868318646025e+00
1.313420151377771017e+00
1.331792088167464083e+00
1.354141149952538870e+00
1.381859511470804325e+00
1.390023088822678110e+00
1.398835399088983023e+00
1.408382513940965586e+00
1.418773761821385815e+00
1.430151572103071977e+00
1.442707470899526445e+00
1.456709716854459824e+00
1.472555017000914290e+00
1.490876439458278302e+00
1.512807427685031625e+00
1.540821112448805819e+00
1.565361160408759389e+00
1.577595662042190483e+00
1.591175799179242345e+00
1.606426890367279814e+00
1.623842898662648970e+00
1.644243224290770966e+00
1.669190407352199035e+00
1.702549596705625223e+00
1.767285757714671446e+00
1.778046660526249267e+00
1.789534066859348238e+00
1.802219631981432091e+00
1.816339528236124101e+00
1.832229387787156050e+00
1.850395400526353651e+00
1.871668795062972013e+00
1.897608415659718384e+00
1.931940521122092358e+00
1.973185294475853002e+00
1.989079563056077582e+00
2.007210963298955431e+00
2.028337930148581325e+00
2.053826981223015213e+00
2.086697522946001637e+00
2.137831993697627997e+00
9.201586860830439640e-01
9.225183469029275551e-01
9.128374621247029586e-01
8.919857793636055687e-01
9.239510856310487741e-01
8.821991302981695426e-01
8.519867957661222402e-01
8.316012005245846384e-01
8.154765649060614630e-01
8.124707147180952882e-01
8.205928094885623914e-01
8.293971295887476725e-01
8.390158712393136486e-01
8.496315485949017532e-01
8.615088644134718532e-01
8.750585476127861195e-01
8.909841719147272299e-01
9.107013657658690198e-01
9.381461401475199580e-01
9.281899308091323686e-01
9.766973780992463938e-01
9.472573779291262319e-01
9.343886455756665876e-01
9.471282621385848088e-01
9.612803319181080219e-01
9.296859130589067988e-01
9.468520196991747628e-01
9.584504966582719776e-01
8.981917513756541016e-01
9.276799763072868243e-01
9.295620689254010527e-01
9.379057217962644133e-01
9.128591083176189613e-01
9.157687133143159741e-01
9.534145287972779492e-01
9.258606112905496399e-01
9.090074156141784156e-01
9.151024093455347730e-01
9.570011244839852216e-01
9.353129676881928312e-01
9.346484909501675542e-01
8.954865004623879798e-01
9.442226146705745560e-01
9.286547769042448053e-01
9.136988903710507870e-01
9.112196035464800170e-01
9.269664943466495721e-01
9.462256358602504358e-01
9.721943978182350232e-01
1.031149605256519219e+00
9.186853323086475731e-01
9.794733029039262018e-01
9.313123908485307911e-01
1.187687115482298328e+00
1.142799410667091120e+00
1.116645374678537417e+00
1.096680816416708559e+00
1.080164759292142618e+00
1.065936442042778820e+00
1.053373687243262857e+00
1.042096558863359279e+00
1.031852683633529999e+00
1.022464211200623252e+00
1.013800178902859672e+00
1.005760818656128874e+00
9.982680427149948077e-01
9.912593702239383964e-01
9.846838848765240293e-01
9.784994498658463602e-01
9.726707324710511804e-01
9.671677677111983895e-01
9.619648913368098464e-01
9.570399322275278120e-01
9.523735909875041816e-01
9.479489547810934225e-01
9.437511135732403744e-01
9.397668530108536089e-01
9.359844060343049943e-01
9.323932500608648200e-01
9.289839399356536465e-01
9.257479692498423729e-01
9.226776543741441738e-01
9.197660368439793954e-01
9.170068006935617744e-01
9.238586071390604282e-01
9.119230089384767757e-01
9.095884493680960192e-01
9.248162927893079921e-01
9.242240282518293659e-01
9.148242977646223739e-01
9.015348641463918344e-01
9.198036144613291887e-01
9.364296857405244312e-01
9.412717615640185942e-01
9.463832906829692249e-01
9.517855372496971667e-01
9.575030682056584475e-01
1.060072650268733652e+00
1.076802392678591014e+00
1.155298863894908878e+00
1.182026208764686892e+00
1.956923802444077598e+00
1.887305362241930018e+00
1.852072121488121281e+00
1.825808332012839985e+00
1.779145476505417101e+00
1.732339842817601117e+00
1.702219884414550855e+00
1.678797036225899042e+00
1.635254831143881704e+00
1.604465873214468319e+00
1.580908967854153691e+00
1.561447236990528786e+00
1.544731428270347706e+00
1.530032256417683589e+00
1.516901949661393800e+00
1.489130920433314298e+00
1.447249479306074615e+00
1.419918901201375983e+00
1.398549607839619791e+00
1.380699485067537147e+00
1.365255776901173945e+00
1.351598938543734363e+00
1.339341528762016953e+00
1.328221925816130744e+00
1.308260072603559587e+00
1.281814955043327098e+00
1.264785089646596195e+00
1.276199299286706390e+00
1.304735983584027093e+00
1.289118108511319027e+00
1.305939145068913065e+00
1.292900312691431575e+00
1.220125104093176649e+00
1.250960023933713305e+00
1.252321301772581386e+00
1.256010411269896210e+00
1.294743660347095426e+00
1.312375908359708410e+00
1.313355010811409151e+00
1.307207556354946787e+00
1.299640514656479562e+00
1.293468286707699200e+00
1.275841009604138598e+00
1.283905813875107160e+00
1.277290730982382438e+00
1.333752873338005518e+00
1.279802912592620689e+00
1.342774114244634998e+00
1.328258447380211704e+00
1.336758849765675272e+00
1.341261874726098702e+00
1.346083371657668337e+00
1.355712109574461754e+00
1.356763781931468849e+00
1.362671607053034473e+00
1.368997073642555629e+00
1.375775932144049696e+00
1.383050499457424642e+00
1.390871421750215386e+00
1.399300106581905512e+00
1.408412164465216998e+00
1.418302425840435754e+00
1.429092518576894788e+00
1.440942815791777631e+00
1.454072306400116643e+00
1.489653143751463515e+00
1.524186562134360878e+00
1.536940479767576750e+00
1.551166997381802970e+00
1.567260699537570634e+00
1.585846208849323258e+00
1.608027773411674799e+00
1.636159182848257121e+00
1.677850140202830076e+00
1.739856003692021202e+00
1.753280207332204910e+00
1.768307807974244028e+00
1.785365482879188725e+00
1.805130314756246745e+00
1.828803951421929641e+00
1.858966855335292490e+00
1.904145900278105596e+00
1.960712052415275908e+00
1.976368472855380753e+00
1.994193961663099035e+00
2.014904447755796468e+00
2.039770172948324412e+00
2.071517940542375147e+00
2.119156294947525332e+00
2.169279374968372753e+00
2.118222560113028674e+00
2.113854138512917036e+00
2.138872075410698681e+00
2.221407466947228126e+00
2.203002486431886009e+00
2.189201963146579111e+00
2.261250625093063515e+00
2.241716078791463840e+00
2.227770525171789195e+00
2.154428124385217025e+00
2.073021322501637176e+00
2.066558055594897692e+00
2.155776338125801939e+00
2.042543096710915496e+00
2.052021494428703186e+00
2.063733133953373766e+00
2.043750001892077339e+00
2.065869457792144370e+00
2.050296906876215797e+00
2.054824500746702753e+00
2.139647192296662226e+00
2.051470061191152272e+00
2.135447879287868389e+00
2.062510674594137949e+00
2.133051396625251783e+00
2.105203481721954262e+00
2.041227855283760828e+00
2.081263332590305826e+00
2.175502707054820739e+00
2.082944433902864212e+00
2.177766221652218892e+00
2.062341427667848670e+00
2.148391562244063913e+00
2.042749859477905883e+00
2.103002197656202554e+00
2.037543045880971793e+00
2.092644283346468015e+00
2.193301665962462899e+00
2.018545564953997395e+00
2.057029371810659146e+00
2.141196458847796968e+00
2.117290275049162229e+00
2.129202453484908997e+00
2.166521540149251024e+00
2.085794974517880096e+00
2.175743963005116743e+00
2.179477325934313647e+00
2.090284840849684134e+00
2.179974149918070481e+00
2.134990534551195029e+00
1.999377207191702421e+00
1.965717999027503993e+00
2.023731534344090921e+00
2.006573577159743049e+00
2.006881122106685122e+00
2.046852460396646478e+00
2.027457395662263018e+00
1.990638824391764983e+00
1.968251856496141539e+00
1.975653926287064710e+00
1.939122868172645120e+00
1.947724078748666043e+00
1.946098117140393935e+00
1.932717358626929061e+00
1.912939191871332989e+00
1.907322947244145084e+00
1.888160789823914110e+00
1.902940039044630050e+00
1.938069233526818369e+00
1.871668795062972013e+00
1.897608415659718384e+00
1.931940521122092358e+00
1.973185294475854334e+00
1.989079563056080691e+00
2.007210963298961204e+00
2.028337930148587986e+00
2.053826981223015213e+00
2.086697522946001637e+00
2.137831993697627997e+00
2.090881573728552656e+00
2.110195433182784797e+00
2.089927887626405134e+00
2.092052817002056031e+00
2.128168648393425677e+00
2.115015090596136460e+00
2.107260555291864179e+00
2.106878918971357706e+00
2.114659761019184625e+00
2.102638205408709382e+00
1.995097312265962763e+00
1.969610996371740086e+00
2.015997611635126585e+00
1.989094184103540108e+00
2.076870752937614029e+00
2.047752988797332030e+00
2.002616330666606270e+00
2.027994491783274178e+00
2.048135195735192760e+00
2.009416394500116887e+00
1.970494156763971105e+00
2.014408451117112975e+00
2.118987189177399699e+00
2.160577044590427764e+00
2.173141477022123791e+00
2.164823341802613044e+00
2.111159337681943526e+00
2.077493973196725019e+00
2.051550754190635484e+00
2.006220794381848638e+00
1.990189436602980422e+00
1.954934090803377655e+00
1.982565409754849295e+00
1.961769904212202098e+00
1.920705071105804906e+00
1.928454692029046402e+00
1.953183073517648305e+00
1.991719574913004775e+00
1.920939210705848721e+00
2.195945693272990606e+00
2.176517048312864411e+00
2.174232294664437681e+00
2.195492693689823138e+00
2.218053810197929021e+00
2.143374136459665014e+00
2.203091683815740165e+00
2.139641155264108363e+00
2.299489966985565292e+00
2.284685989169870535e+00
2.207993600284318791e+00
2.228225602527934335e+00
2.205268657538213883e+00
2.211099864878117938e+00
2.240147396430681059e+00
2.210456497686756006e+00
2.228748332839765034e+00
2.186041730733796040e+00
2.139454779842264287e+00
2.107828276274618773e+00
2.082932987126425051e+00
2.062156962977479413e+00
2.044262466114398880e+00
2.013554427742943798e+00
2.004504491659212739e+00
1.994958195939908752e+00
2.005606941183553094e+00
2.032843542788558722e+00
2.026101144553501765e+00
1.974168273258704032e+00
2.023537651519264902e+00
2.010330044556246420e+00
2.006151062437112387e+00
2.035324710995438657e+00
1.970715013044844310e+00
1.935559242593265283e+00
1.936526604016988840e+00
1.966016764226313551e+00
1.885156721753235898e+00
1.885308124552645959e+00
1.882902979140308020e+00
1.885003435255782733e+00
1.884659345915524753e+00
1.889102726305889046e+00
1.906813169091270410e+00
1.922392399973624322e+00
1.860920161551036012e+00
1.874011658773711231e+00
1.895318339529938001e+00
1.900091253343924036e+00
1.845635415591388107e+00
1.900057316463876322e+00
1.875129087543651041e+00
1.847102174942975905e+00
1.871706782446006301e+00
1.873006212815322424e+00
1.893348778222287532e+00
1.866436027208644433e+00
1.867724507896482367e+00
1.908662281655931547e+00
1.865539910796080392e+00
1.873766231467517640e+00
1.956923802444053173e+00
2.226109628904342053e+00
2.232087064274060673e+00
2.241214076291571100e+00
2.250921489002315923e+00
2.258822734450888436e+00
2.226137919106679242e+00
2.202006778392424202e+00
2.189838300524554970e+00
2.227040094986033392e+00
2.184999324923265984e+00
2.165672569850629614e+00
2.162849877065960769e+00
2.109859399484353304e+00
2.128550649201474076e+00
2.101469025311499816e+00
2.063327355753825199e+00
2.021470396109718681e+00
1.991944130482955932e+00
1.968386909893955927e+00
1.840393467116897108e+00
2.063557583988646194e+00
2.016951089605033332e+00
2.063403421092839807e+00
2.015896614125116670e+00
2.016888524478516853e+00
2.038259306497589129e+00
2.054141661578727796e+00
2.030836573055695204e+00
2.053213716961899138e+00
2.068239142495833072e+00
2.034323105639024298e+00
2.077753660950832693e+00
2.068107747549104758e+00
2.038486435602365976e+00
1.993193811629074830e+00
1.962700866346932749e+00
1.938637618161191067e+00
1.918511353178199208e+00
1.762741996442035441e+00
1.715463280289165393e+00
1.686210326336900156e+00
1.607924257870970042e+00
1.584398708602826389e+00
1.572324536542520246e+00
1.563325808140017648e+00
1.555019486425994302e+00
1.547334389086016504e+00
1.540212262515815000e+00
1.552439887160052434e+00
1.577114249606624607e+00
2.197836845719487453e+00
2.150897497302653338e+00
2.119112559903283177e+00
2.094114295154137384e+00
2.073262859698878025e+00
2.055310068485606045e+00
2.039546696833722361e+00
2.025523453983144151e+00
2.012934309348609396e+00
1.986519714968155048e+00
1.956052087030180076e+00
1.932012577467539627e+00
1.911906836974541113e+00
1.894550395452209601e+00
1.879268670575112044e+00
1.865633659263894462e+00
1.853353477371027180e+00
1.835439675464530351e+00
1.817594218493850500e+00
1.801951436199101586e+00
1.788029783288205499e+00
1.775507668656136628e+00
1.764157619136774491e+00
1.753811727060974990e+00
1.744341917922848761e+00
1.735647932622499834e+00
1.727649627034694158e+00
1.720281830843487514e+00
1.713490796441548447e+00
1.707231675153662476e+00
1.701466679579836327e+00
1.696163717429064910e+00
1.690950319723803164e+00
1.653820378756843290e+00
1.627290613040639711e+00
1.605974865812714647e+00
1.587946227202629901e+00
1.572247999346142233e+00
1.558321625940090494e+00
1.545806970752551912e+00
1.534455600522987906e+00
1.524087517389670188e+00
1.514567354997770510e+00
1.505790292657709362e+00
1.497673234370632933e+00
1.490149028462654623e+00
1.483162536171076962e+00
1.476667873412295773e+00
1.470626424036420410e+00
1.465005376121169212e+00
1.459776622334271412e+00
1.454915919613090081e+00
1.450402237342091283e+00
1.446217245053538880e+00
1.442344905096728080e+00
1.438771145454811551e+00
1.435483594592055212e+00
1.432471364916012568e+00
1.348670380366014498e+00
1.329001580902577251e+00
1.314049091558737503e+00
1.318543596992285849e+00
1.331788901405319914e+00
1.292500690803902508e+00
1.311813783221153606e+00
1.319036460382250420e+00
1.305189928244453679e+00
1.314421506945361751e+00
1.391541196744761288e+00
1.357953035422000188e+00
1.346663696943376953e+00
1.341563320588365027e+00
1.341190544796886819e+00
1.349013676392994299e+00
1.360400198694443841e+00
1.386119274346158559e+00
1.334894417929173960e+00
1.352498791364715958e+00
1.374555599528826555e+00
1.379235454381072090e+00
1.371282345681527071e+00
1.370081051942768857e+00
1.361801006033940498e+00
1.411394774392126239e+00
1.357744697439161596e+00
1.323137228944550881e+00
1.305030916301867183e+00
1.279320625358177255e+00
1.262849041898561619e+00
1.248485977882214160e+00
1.235712046619834581e+00
1.248882904786714487e+00
1.281045567746956992e+00
1.233120551113057406e+00
1.247157139569158080e+00
1.290553771830780017e+00
1.302676783537092042e+00
1.131757178710667500e+00
1.254479738241582210e+00
1.289939631736560566e+00
1.076861028657997377e+00
1.282622573843920089e+00
1.051856749940214053e+00
1.041194323587359971e+00
1.031455311610289360e+00
9.066155065028740356e-01
9.002971456209484247e-01
8.971574486710144347e-01
9.203592948045560274e-01
9.157870601120076115e-01
9.230296727705920024e-01
9.121977282206790161e-01
9.115417716808548176e-01
9.161522482538978496e-01
9.383371072101164279e-01
9.006145390141837570e-01
9.082064762911346012e-01
9.312121733062638240e-01
9.307863729088435845e-01
9.229669981853252381e-01
9.247745256024040295e-01
9.379587171804357748e-01
9.175468536192884494e-01
9.215711466941791663e-01
9.174083817711295996e-01
9.134977588647176239e-01
8.986064518516336808e-01
9.260427008512751579e-01
9.580889752714601970e-01
9.608544467569142267e-01
9.547106641561503571e-01
9.264880209024092261e-01
9.375388259953350012e-01
9.353722266996982171e-01
9.376595025734931754e-01
9.533416340162091940e-01
9.448488438127844447e-01
9.520008607367496101e-01
9.263266503676932384e-01
9.876173529653902161e-01
1.046256768758637490e+00
1.018252343787213521e+00
9.978157616453280365e-01
9.812156697979166342e-01
9.670539050800139869e-01
9.851512830704634016e-01
9.452089029635033501e-01
9.165213990605763916e-01
9.480643420821084355e-01
9.242464731373444264e-01
9.557200720762611956e-01
9.282807941686661568e-01
9.703776728751744018e-01
9.143312256768564295e-01
9.475880267668783663e-01
9.537449077984292423e-01
9.879907989887916075e-01
9.586990167188488288e-01
9.146358366917566318e-01
