-1.535851505862482619e-13
-1.399999999460448175e+00
-1.814881737742705070e+01
-2.137529379196322665e+01
-3.135061688176126182e+00
1.947970381011523977e-01
1.920130295814592991e-01
1.948229868921624863e-01
1.942010288994739098e-01
1.979469186265744030e-01
1.948939259470990892e-01
1.952696056231031096e-01
1.940115070401886022e-01
1.939131565491905018e-01
1.945987923299604960e-01
1.956131324610768107e-01
1.922250146803329007e-01
1.939609392514488884e-01
1.948208143090524036e-01
1.935098070410332105e-01
1.956593894780744025e-01
1.956534802156539021e-01
1.958737735441787864e-01
1.955682622399249060e-01
1.932874249859798110e-01
1.936270053039955974e-01
1.954363298538533134e-01
1.955894490424714138e-01
1.970048773049939972e-01
1.951401706501063871e-01
1.978864050005756936e-01
1.966960059672183958e-01
1.978420865626797920e-01
1.983413498839770028e-01
1.978990710783218865e-01
1.977063942473044067e-01
1.985651420654551969e-01
1.979472832283648009e-01
1.998997454377902105e-01
2.008338786245865981e-01
1.986640226931944975e-01
2.002673137706844908e-01
2.008044599867253865e-01
2.003412660271670087e-01
2.004102264892047014e-01
2.030408144222488886e-01
1.993923803920474025e-01
2.002099341449428138e-01
2.001661138161640874e-01
2.027917966635680025e-01
2.027045281460551074e-01
1.982229255945671120e-01
2.017458242077911912e-01
2.020136589710058994e-01
2.035723955132630880e-01
2.041565228477459915e-01
2.022922422232917017e-01
2.043384088844104052e-01
2.040952954249116991e-01
2.060494036650213079e-01
2.043099518874622877e-01
2.048829635632382073e-01
2.045636052203662070e-01
2.064862820901361973e-01
2.042630036743360022e-01
2.071069547862791072e-01
2.078748389408227870e-01
2.061229077344463867e-01
2.064738700544035965e-01
2.086475351179696014e-01
2.104213525738833079e-01
2.088714797251849109e-01
2.073886187621298005e-01
2.104812313278378866e-01
2.115595515037770047e-01
2.117469824494910002e-01
2.094283250692224874e-01
2.098133472262191934e-01
2.131484505578274125e-01
2.113414830150329993e-01
2.138314938345836080e-01
2.136483883966724118e-01
2.127411535143171883e-01
2.113859438111795053e-01
2.130143965369873937e-01
2.147350142197332057e-01
2.172799705748370003e-01
2.159407705006785028e-01
2.147735701694712118e-01
2.161938487933290909e-01
2.156194873367854037e-01
2.195203023426907096e-01
2.172997782395399979e-01
2.165639539427191007e-01
2.174165759586501045e-01
2.201721253803824996e-01
2.207139279809323118e-01
2.201532438865227981e-01
2.216115776767602075e-01
2.160745261963986918e-01
2.181880156605358889e-01
2.216645637919406053e-01
2.223846637056265119e-01
2.253456724618926876e-01
2.221457662593656068e-01
2.235461671288307972e-01
2.236153415757526908e-01
2.258001866998738116e-01
2.225793979303521963e-01
2.264395079921046883e-01
2.261898448649148075e-01
2.253023449284961011e-01
2.256226170655618868e-01
2.299432257108119937e-01
2.281980018836547996e-01
2.276712210669463998e-01
2.295828409567645112e-01
2.288361255142760953e-01
2.312517173490311884e-01
2.286644153759835874e-01
2.313822441563244126e-01
2.330393733781312982e-01
2.341344907553939980e-01
2.307401433883531083e-01
2.352611694351897931e-01
2.349639056593391950e-01
2.354265178833361005e-01
2.356980976761265112e-01
2.358566602811147106e-01
2.379287546254632013e-01
2.355909236478135882e-01
2.372627075688135134e-01
2.345296259065816069e-01
2.366334319877896886e-01
2.384762703693885100e-01
2.374866966484178998e-01
2.397693265048924938e-01
2.411367117012682970e-01
2.378592720601410138e-01
2.415556197146009887e-01
2.406323118013249107e-01
2.420395424711068999e-01
2.408145227094118934e-01
2.418693824432996964e-01
2.410308269672419013e-01
2.425774176935500126e-01
2.403338298696532926e-01
2.396274958494118978e-01
2.436735695345995933e-01
2.411766764969162091e-01
2.457712918070354136e-01
2.451030946086233120e-01
2.436909939663544911e-01
2.480871998151573943e-01
2.474034567424761022e-01
2.479024948238056913e-01
2.469436706906261991e-01
2.485361089316787120e-01
2.451687020848614118e-01
2.475385561497518982e-01
2.458113693069292893e-01
2.454966501754194952e-01
2.494764298103193945e-01
2.497904912208920025e-01
2.525446547107911832e-01
2.445434443625603138e-01
2.518612352463899806e-01
2.520132654320307863e-01
2.509758174097326267e-01
2.548149542990830185e-01
2.500627359655193116e-01
2.535938138159899990e-01
2.522598829726457881e-01
2.526469658829956777e-01
2.545258424557423904e-01
2.559756702477765100e-01
2.496572280840914926e-01
2.536999251576591008e-01
2.558044100510187824e-01
2.534275277543640015e-01
2.579269243018332824e-01
2.545374432243914242e-01
2.533455982422812003e-01
2.542348541271077789e-01
2.586644781600758725e-01
2.556061662774855026e-01
2.552577824957655839e-01
2.549249019132779903e-01
2.587183541969546030e-01
2.555973652946880725e-01
2.542847802750843877e-01
2.554100540446859191e-01
2.508799889200430955e-01
2.564834827654723926e-01
2.539585953683636266e-01
2.554099465557067017e-01
2.518134067301900925e-01
2.486237514374450008e-01
2.500185727869378982e-01
2.552893796316766939e-01
2.462813268005761003e-01
2.513550243335089807e-01
2.514274627053658118e-01
2.516111315928579728e-01
2.533894345105378032e-01
2.521693119929798166e-01
2.513957215352172758e-01
2.543174533752038946e-01
2.553311334449021031e-01
2.471984988665484051e-01
2.503102491473452873e-01
2.491504534406706883e-01
2.499616397950100988e-01
2.480805575734381929e-01
2.532243102222129782e-01
2.530225980818254783e-01
2.499516377142600998e-01
2.516744449512215986e-01
2.551243918188453863e-01
2.533394404043983195e-01
2.470901318096141996e-01
2.494081936418796053e-01
2.523595330740009968e-01
2.517471696830450023e-01
2.463592326529560894e-01
2.480469720803288036e-01
2.524486235371943832e-01
2.529902859780301938e-01
2.549967891708569967e-01
2.565397712002244202e-01
2.518294074054822085e-01
2.515007429308475095e-01
2.548123294954190987e-01
2.501427204472220223e-01
2.526234469064940202e-01
2.605298876114988116e-01
2.534443738125294887e-01
2.564176237788198254e-01
2.577058662931446809e-01
2.553444289092948738e-01
2.581403468214157892e-01
2.586142184158565227e-01
2.589778802779347799e-01
2.579795780250150883e-01
2.597992537429055226e-01
2.603239367276090066e-01
2.582390978965777850e-01
2.614270677896086137e-01
2.623394415297394811e-01
2.626037111871715179e-01
2.670996983592989760e-01
2.582205459546397242e-01
2.623773216037892930e-01
2.651872260522556979e-01
2.656558380800759789e-01
2.644029330481523776e-01
2.645473927312119167e-01
2.658653085226863055e-01
2.694383320244326807e-01
2.642040276805968091e-01
2.707490683258024777e-01
2.713564638575395871e-01
2.708044604667316779e-01
2.740188408029253231e-01
2.759414272727108153e-01
2.754307768514160926e-01
2.764668947328590143e-01
2.743345154235155015e-01
2.796510450686183202e-01
2.806798182708157841e-01
2.801477884970136056e-01
2.768182056328851726e-01
2.771502985923212092e-01
2.869696999275516136e-01
2.794702726122008096e-01
2.840840476703386797e-01
2.895016546248566081e-01
2.905762256295664758e-01
2.872742528904824733e-01
2.912169178255352153e-01
2.894119014482773866e-01
2.912631822826304839e-01
2.893407201871228129e-01
2.834222567427482908e-01
2.879359110025219159e-01
2.918184665591257998e-01
2.870942754320647827e-01
2.854080076281481082e-01
2.847029574420211762e-01
2.832794863924379958e-01
2.813307869147338991e-01
2.841692759733278062e-01
2.831679500029559149e-01
2.842868297577867964e-01
2.857443589020935981e-01
2.818270678558795206e-01
2.814095655214615133e-01
2.819742021998519199e-01
2.836028131494475746e-01
2.756464579860806174e-01
2.795598014003383147e-01
2.778828949853870967e-01
2.793927348461812121e-01
2.760893648254941213e-01
2.840099796688180800e-01
2.757164179243151159e-01
2.786041280344241922e-01
2.785001230968248143e-01
2.793214340741621005e-01
2.768246660430851991e-01
2.748321130151747949e-01
2.778201491249243094e-01
2.766031657839362889e-01
2.782825118556396804e-01
2.782176324450847948e-01
2.761222109824443272e-01
2.760724448235495898e-01
2.675933551706626834e-01
2.736708379739701269e-01
2.721673800096501838e-01
2.743309534156627150e-01
2.750214130190800077e-01
2.746573394220180875e-01
2.703847281832296168e-01
2.755527836895748095e-01
2.739750280648173830e-01
2.738385064252600865e-01
2.700401032487789732e-01
2.695024273217729860e-01
2.703524169053607151e-01
2.703332683064806896e-01
2.687453352335807955e-01
2.699783992502828855e-01
2.702621943152597739e-01
2.656826856140290238e-01
2.635777910145418734e-01
2.706871985332514052e-01
2.685222184493257780e-01
2.682605657319965808e-01
2.648114243150515024e-01
2.649382702522350974e-01
2.685562843992707061e-01
2.668033327812842082e-01
2.645937909976072144e-01
2.622651354635350263e-01
2.638725798898368113e-01
2.619033917165821124e-01
2.656210163057394769e-01
2.622867301562789022e-01
2.610374874580435045e-01
2.639157632248222973e-01
2.638667831719760937e-01
2.601644320908523822e-01
2.622129157249932230e-01
2.594544213879683148e-01
2.606240829130421766e-01
2.622225885880362095e-01
2.583393720116493042e-01
2.611142019705444128e-01
2.595063034350071907e-01
2.612561581951369782e-01
2.603631863405772018e-01
2.588399781966996827e-01
2.589999842184841916e-01
2.583633482687484051e-01
2.537192409343121957e-01
2.591572001855010909e-01
2.565508554271999087e-01
2.545292931811383164e-01
2.577792702159670823e-01
2.560617121985290789e-01
2.573679470635295008e-01
2.553177701571222036e-01
2.555860262711143749e-01
2.545307228597956106e-01
2.542362843884500845e-01
2.555558148878100955e-01
2.525454087537760128e-01
2.518005173722788759e-01
2.498736535770882117e-01
2.500924761221504089e-01
2.509539279428609770e-01
2.540670703137073994e-01
2.488190866214962105e-01
2.493920838540737983e-01
2.502689249174134267e-01
2.481011589926321870e-01
2.522057610577230213e-01
2.512955273489593799e-01
2.500362155793666163e-01
2.487981667005144948e-01
2.464313421132202919e-01
2.462006909535466026e-01
2.455054504348364863e-01
2.478231449151535870e-01
2.440276069640122947e-01
2.447320027413658894e-01
2.443535002331581052e-01
2.467542503109182994e-01
2.443492032005387116e-01
2.430265343991034055e-01
2.418646202091611075e-01
2.411637661219238060e-01
2.398254043673337110e-01
2.403471431014244930e-01
2.412482327192377873e-01
2.400957341457098937e-01
2.414550839359413115e-01
2.403114395233406086e-01
2.410579301835298893e-01
2.404262757527285965e-01
2.386420114555702909e-01
2.378049050226777039e-01
2.375771313544415009e-01
2.348385312627462029e-01
2.370073166889913874e-01
2.339729959668281067e-01
2.350420332984941019e-01
2.319386962835064125e-01
2.356297450797318060e-01
2.323656726308117038e-01
2.335514296521984112e-01
2.316590395025422133e-01
2.348704370017717924e-01
2.281351583686941908e-01
2.293036671793735881e-01
2.288253598060976945e-01
2.248414104816890136e-01
2.293240206155718885e-01
2.284225538534793987e-01
2.253099920635986964e-01
2.284401836687967868e-01
2.222557065181109959e-01
2.269889786946777954e-01
2.239902734463566913e-01
2.242263475996758015e-01
2.236469318770729908e-01
2.219175971378758994e-01
2.263564653893591905e-01
2.210383494048969999e-01
2.191247141704170120e-01
2.232492083734103905e-01
2.205994638137118991e-01
2.193134399628414999e-01
2.194320412998276015e-01
2.203211068238606074e-01
2.203503089160555040e-01
2.203923315414345885e-01
2.185357487807418064e-01
2.137076515153538969e-01
2.164245355668749926e-01
2.144178174071934007e-01
2.161925365446130953e-01
2.173779716312332910e-01
2.185723468468752095e-01
2.170883939084153058e-01
2.154888371076763010e-01
2.154549337917247009e-01
2.131602753021002994e-01
2.129378726913155884e-01
2.111349982306046924e-01
2.091726453119102103e-01
2.105102893564572974e-01
2.149213429446850121e-01
2.138447937041463021e-01
2.131969153275105056e-01
2.077980389364433023e-01
2.136252281972206013e-01
2.111523737161445091e-01
2.107238822625870089e-01
2.091836604381528963e-01
2.126089421170402893e-01
2.110544946098213137e-01
2.084417446774504135e-01
2.122442237029737999e-01
2.087360278755469034e-01
2.074946090277756117e-01
2.058480770644399993e-01
2.068371337189144898e-01
2.061524833492195952e-01
2.060267445262009001e-01
2.039243775314613927e-01
2.050703866543089893e-01
2.041717242020353040e-01
2.078033442202986136e-01
2.048436960027543996e-01
2.026368332464950073e-01
2.051841180853331004e-01
2.017496309681965916e-01
2.011787015088951913e-01
2.035046801296006014e-01
2.048874660956679084e-01
2.033492971045932907e-01
2.043708780013669124e-01
2.002084304723165953e-01
2.014611420508503059e-01
2.024763930615484930e-01
2.018793656610471943e-01
2.025774629170377095e-01
2.026437506015019985e-01
2.005424104600065094e-01
2.024097306343708991e-01
2.013419921772617027e-01
2.007569386095736930e-01
2.006732692402410922e-01
1.967127499281713099e-01
1.998535732785232943e-01
2.007437316014404061e-01
1.991582291803896954e-01
1.980363902427144940e-01
1.976165636573705975e-01
1.976172986162040013e-01
1.967781008267145970e-01
1.952394832131915947e-01
1.973336879330307991e-01
1.983206077440395898e-01
1.984336984974952034e-01
1.965475949963932101e-01
1.971186189815374024e-01
1.958989949912950945e-01
1.967468752630593121e-01
1.918856629279953874e-01
1.960619294192388062e-01
1.966744644019129129e-01
1.949351950890960972e-01
1.931002612093344895e-01
1.963555924454404022e-01
1.974276199318789893e-01
1.964787125280902935e-01
1.972607810871641887e-01
1.922891271580187134e-01
1.961942578053411101e-01
1.951550843768183885e-01
1.946363218136543116e-01
1.960946697098568947e-01
1.965269360752150973e-01
1.936258821330500979e-01
1.943712883893909948e-01
1.957836181813301102e-01
1.945847689746363074e-01
1.944110286113285013e-01
1.937752231139460990e-01
1.927204270415747989e-01
1.937648278608342933e-01
1.947547950364376113e-01
1.945337839736601127e-01
1.938415228716731942e-01
1.958632414113626041e-01
1.947069652470934109e-01
1.948169070712126028e-01
1.938195481854493862e-01
1.960650797328545025e-01
1.907601430458071012e-01
1.953613716614787110e-01
1.952074238444894971e-01
1.957603255347458993e-01
1.947039639288337953e-01
1.945030456816795039e-01
1.941888419256901921e-01
1.954462786683545117e-01
1.950574634831231113e-01
1.955078956169720994e-01
1.941038997030959945e-01
1.941176775523260900e-01
1.936081814859205996e-01
1.940845563057254086e-01
1.955461467174736956e-01
1.916392060570019096e-01
1.952654628023993977e-01
1.926372840036600087e-01
1.943525779984890955e-01
1.962551562646613068e-01
1.968569824796786993e-01
1.976592176176281968e-01
1.958760526437111904e-01
1.953311789540075893e-01
1.916071159245018862e-01
1.953141446286092986e-01
1.963852140699920978e-01
1.963406546534658126e-01
1.938503056168766892e-01
1.940737638412838861e-01
1.937240033808967088e-01
1.962770858689532882e-01
1.970229552022713937e-01
1.956732698944599891e-01
1.928329615148255960e-01
1.961932723222040986e-01
1.947968244660421011e-01
1.945799983750697015e-01
1.948288172276206875e-01
1.969883367226032134e-01
1.939803654550091017e-01
1.963419626201124979e-01
1.971827844932949048e-01
1.980617148316158871e-01
1.937782321153637966e-01
1.964792280733017871e-01
1.954004406014860917e-01
1.969345460628751932e-01
1.924814373864610906e-01
1.957644748539008051e-01
1.963227727224924890e-01
1.963649047597391950e-01
1.971284589106430118e-01
1.955219548833546928e-01
1.937542903241644965e-01
1.949993188793411880e-01
1.953860393264559014e-01
1.940895758486808065e-01
1.959542001018270974e-01
1.938031896128918907e-01
1.978205784413872015e-01
1.957160075258604082e-01
1.943728112517505990e-01
1.931823209152370990e-01
1.968883451130256090e-01
1.967954008604267113e-01
1.960007742710286882e-01
1.929096090867011004e-01
1.948963968343180031e-01
1.973199408481685069e-01
1.947737760849277966e-01
1.952941940478916116e-01
1.961592559227917087e-01
1.947196038954676911e-01
1.950899565675983938e-01
1.933107459595163891e-01
1.960464178185704898e-01
1.943985470114339975e-01
1.938142580635962009e-01
1.932958874502863911e-01
1.942514693255482927e-01
1.948434009343766038e-01
1.966924565521395996e-01
1.940638539959254061e-01
1.924408416338564132e-01
1.975783818644930023e-01
1.918505938436967928e-01
1.963234871985941044e-01
1.970125408643025877e-01
1.953031424717192044e-01
1.958784099803725920e-01
1.935657770092512053e-01
1.976320178945238926e-01
1.954659531332245126e-01
1.949454083830045870e-01
1.957870303345990992e-01
1.928780978157358938e-01
1.962316725775541948e-01
1.963133555688043874e-01
1.964893751573087988e-01
1.956211300563691080e-01
1.948575952762952868e-01
1.936605122943161061e-01
1.933443806306709978e-01
1.968747055100301124e-01
1.954440199493583108e-01
1.946766439299819906e-01
1.941563029348054026e-01
1.955350857107440998e-01
1.946068280542752882e-01
1.942278574779781886e-01
1.936809886113949886e-01
1.954459256946773082e-01
1.956798572728880026e-01
1.942627105419467981e-01
1.936646068250696961e-01
1.939644722161908974e-01
1.946203030264490041e-01
1.979502640909875100e-01
1.922488959312395052e-01
1.959764856684219902e-01
1.957906165836804935e-01
1.969415559625012913e-01
1.942000356258455906e-01
1.957851681186998094e-01
1.950899968633010018e-01
1.928320451214481090e-01
1.937172833176523945e-01
1.958065975919572876e-01
1.971207371863127056e-01
1.935762849811644981e-01
1.976407225153918035e-01
1.968562283242362987e-01
1.979148183239538006e-01
1.889843898611033024e-01
1.973569722969243934e-01
1.943415919219466104e-01
1.972100378619610073e-01
1.940009894098100041e-01
1.955109728192019058e-01
1.946314192267341869e-01
1.966988005374175896e-01
1.962271591909640067e-01
1.971345094822231914e-01
1.969276071623790036e-01
1.939101548042193868e-01
1.945561522595656012e-01
1.972886180688462887e-01
1.948714453935316004e-01
1.947942030349724962e-01
1.964721268818487021e-01
1.934551748512204905e-01
1.963781140212602083e-01
1.967138129774121946e-01
1.959670767304594885e-01
1.950028303559513954e-01
1.972851301669172053e-01
1.992248180041275019e-01
1.976726289502838130e-01
1.981075084299180888e-01
1.970961289722996113e-01
2.002613459710111954e-01
1.964404251362354970e-01
1.995122938788986000e-01
1.981090592381138937e-01
1.935480258004657894e-01
1.978177038456503944e-01
1.963470913735440027e-01
1.957677957976960981e-01
1.980138751771791106e-01
1.980687962872557939e-01
1.965820899126035082e-01
1.987676455382972884e-01
2.004964869798487037e-01
1.981158570285734000e-01
1.962229534648070872e-01
1.974063329048506010e-01
1.957204058191238938e-01
1.987734408224690053e-01
1.989734799600980930e-01
1.999966704027399123e-01
1.988994773476359945e-01
1.992931455587605982e-01
1.977156440388888881e-01
1.984742298086573098e-01
1.987189674604755985e-01
2.005965149486841070e-01
1.969627623986520137e-01
2.009820179651216898e-01
1.930341344200642018e-01
1.964260230637316085e-01
1.967795571781945085e-01
1.981255578516633864e-01
1.948596060460927870e-01
1.958165590477816964e-01
1.968798535137918915e-01
1.977475032807659017e-01
1.967530619671306880e-01
1.994112638129487969e-01
1.940809826460137000e-01
1.965405088239652043e-01
1.975260549772236973e-01
1.983237325474176971e-01
1.970591600379411057e-01
1.934899761245164884e-01
1.938000242587649968e-01
1.990799978763028999e-01
1.994041229841476970e-01
1.966421529223532916e-01
1.976510896251628957e-01
1.986483732901287991e-01
1.980057121073532933e-01
1.991694562446608974e-01
1.957506493107719903e-01
1.990315159854310068e-01
1.990809024994474041e-01
1.960565223175620986e-01
1.985451848320811119e-01
1.970336303841817016e-01
1.976827214116657072e-01
1.988029249925805098e-01
1.987548421578690938e-01
1.957045934907933882e-01
2.018795479906410895e-01
1.999368906832064974e-01
1.993304569193299902e-01
2.007576711741066999e-01
1.955351227430223993e-01
1.999748527126400943e-01
2.017211837885654058e-01
1.994476958320741955e-01
2.001074240674612092e-01
1.993970048905878978e-01
2.015342879601793868e-01
1.997515261225576988e-01
2.003569609647790906e-01
2.015019958129259936e-01
2.019792351088680882e-01
1.965421889296017077e-01
1.969007343301373003e-01
2.016025863722747946e-01
1.993436889031285075e-01
1.977455783137442025e-01
2.014767459622620882e-01
2.015716824166667864e-01
1.988454862498746922e-01
2.007973644310417083e-01
1.994563153673118983e-01
2.007331469221299014e-01
2.010193253631613886e-01
2.025782998345952990e-01
2.014528533811044964e-01
2.028996844141736922e-01
2.005480679053578963e-01
2.024472435474738985e-01
2.017807161680137129e-01
1.994865759174166975e-01
2.009926329649570909e-01
2.010949565872550970e-01
2.021333202604873036e-01
1.979002670908940054e-01
2.048864108626975988e-01
1.987548481019829061e-01
2.043874634242021093e-01
2.036980906843819106e-01
1.998958367215731002e-01
2.019976433190195098e-01
2.032778472049704133e-01
2.038848641881771950e-01
2.029728310191477036e-01
2.031438168568807934e-01
2.008979225083944997e-01
1.991279321255561008e-01
2.034916194951600088e-01
2.037068157220046916e-01
2.046012639287964896e-01
2.014163582524766960e-01
2.008985805284236870e-01
2.024218776051917024e-01
2.008441782862356861e-01
2.049246075745725926e-01
1.993769647177562887e-01
1.973849374664969902e-01
2.027460696278582108e-01
1.958538774647330116e-01
1.973684782700647899e-01
2.014488969852133993e-01
2.012460904442902043e-01
1.972228474695197076e-01
1.950057979226753890e-01
2.029829261340420077e-01
1.988963969904437024e-01
1.990329890942169055e-01
1.998171293400609894e-01
1.990295204132571105e-01
1.992187616050407895e-01
1.998178771471398885e-01
2.005834464022498986e-01
2.009247388784639043e-01
1.980659221668865100e-01
1.995705319067269112e-01
1.973043562439167065e-01
1.965219595586877033e-01
1.970164121776095123e-01
1.943879589753186032e-01
1.996630332908428118e-01
1.988781226362529020e-01
1.999645469704695866e-01
2.008989312588631004e-01
1.937597322850465875e-01
1.988047570248555052e-01
1.959111051595540109e-01
1.925614671884481877e-01
1.984182854205795987e-01
1.974607027728274011e-01
1.952795930431439064e-01
2.003162953719344053e-01
1.975340591173702920e-01
1.944456550148248863e-01
2.008353648571228889e-01
1.954625580588316980e-01
1.952949147483639958e-01
1.968544385086297976e-01
1.994418770225696025e-01
1.948213633946186962e-01
1.958928533218677881e-01
1.990766572500687059e-01
1.964088730627376045e-01
1.966774721636629919e-01
1.998745883295497960e-01
1.953875313568267935e-01
1.945452706804481902e-01
1.940953090847740981e-01
1.909665452046266920e-01
1.967844189328732951e-01
1.979818647286271938e-01
1.926996441122403869e-01
1.950885087808587881e-01
1.983986574876979991e-01
1.958467183556338864e-01
1.957983915333104119e-01
1.976474554780126014e-01
1.946287671461230107e-01
1.981581687475686970e-01
1.984300952414244923e-01
1.973900445403223014e-01
1.931964508155590010e-01
1.992799810886561884e-01
1.973033759530793962e-01
1.991302927623697094e-01
1.949719368266691899e-01
1.969521007802091106e-01
1.970832751393991056e-01
1.978509930008666984e-01
1.943991311484913886e-01
1.976593177375770005e-01
1.936211722372956912e-01
1.966704894223648969e-01
1.950255628382915885e-01
1.970195875512190109e-01
1.990052319463976871e-01
1.974580710807810890e-01
1.953326787862331992e-01
1.984364440822393993e-01
1.994373341132072985e-01
1.982293699616121951e-01
1.971380035201515946e-01
1.964813232605829019e-01
1.967947460794955972e-01
1.983837910531628945e-01
1.964222337020110898e-01
1.973826296901191879e-01
1.969686135734879107e-01
1.959031535792361001e-01
1.954541312053904023e-01
1.969919603536922914e-01
1.941433488231278925e-01
1.980878439539678071e-01
1.960876022926592022e-01
1.954604914005416139e-01
1.968289298956779898e-01
1.957995273960559113e-01
1.951059673062155997e-01
1.951267401623955899e-01
1.966690103384299004e-01
1.973154776512217878e-01
1.940087282348957887e-01
1.973419964772689938e-01
1.974333605594986996e-01
1.952549166864291086e-01
1.959581035667803950e-01
1.965453968584472133e-01
1.975964190399114861e-01
1.958836153495009114e-01
1.950028438717779089e-01
1.946747904880191116e-01
1.945177258214836058e-01
1.942938239832913139e-01
1.947341634615472883e-01
1.975024214954952950e-01
1.933112653351246879e-01
1.966582054792009870e-01
1.944425895659472880e-01
1.958841550004969956e-01
1.941164870570019074e-01
1.963386758291356948e-01
1.955375924563887979e-01
1.936324504532294100e-01
1.949061810893867874e-01
1.960519777654801121e-01
1.940839577808597949e-01
1.943630904343794930e-01
1.947059745763368988e-01
1.943491206649441971e-01
1.938902200315058000e-01
1.943283048435001936e-01
1.967336419832136085e-01
1.972371518769963916e-01
1.955677647474939052e-01
1.932464149166290002e-01
1.945021702168316935e-01
1.918400310060373037e-01
1.942861697034951873e-01
1.980492023731761919e-01
1.952922969659260100e-01
1.944090351659522042e-01
1.944114874001791893e-01
1.935674531286747935e-01
1.961792422892681964e-01
1.927309310492099081e-01
1.970197410509764990e-01
1.938376060728911887e-01
1.956671829722833045e-01
1.956581693071589023e-01
1.948178927725434939e-01
1.947117969277701033e-01
1.957019938551373128e-01
1.955725905847376933e-01
1.970681840111981886e-01
1.957157124613171928e-01
1.951702039937759092e-01
1.966877043030146877e-01
1.952069586637348031e-01
1.941047582949932959e-01
1.924302031049230921e-01
1.938534975552017037e-01
1.954559077524664901e-01
1.948421178303351986e-01
1.952564052200957967e-01
1.970083101785798929e-01
1.946025474671823907e-01
1.958099053004559997e-01
1.959641308129654869e-01
1.918291881107520025e-01
1.946486618752663045e-01
1.949536599764760958e-01
1.965638875324322021e-01
1.954666582317595991e-01
1.947437030464380936e-01
1.947816291516089038e-01
1.951900826326795069e-01
1.939772934640008051e-01
1.964300075563351067e-01
1.955689253949293993e-01
1.938670801448199865e-01
1.965447857235217977e-01
1.959189118911149052e-01
1.938108927355267908e-01
1.945594598195327096e-01
1.928207486647733893e-01
1.973940006142937131e-01
1.943099916025126106e-01
1.942957450007090081e-01
1.962725418952643019e-01
1.932689635818249096e-01
1.951361936261467867e-01
1.944203777806589040e-01
1.946315453545701957e-01
1.939770936634852005e-01
1.928265916696343119e-01
1.935835485993099014e-01
1.937577350893605888e-01
1.919479299722098020e-01
1.945559273650744048e-01
1.945790335377582947e-01
1.943856788285568959e-01
1.929428610674976119e-01
1.957006109821833872e-01
1.929663407525218088e-01
1.924658069229449875e-01
1.937324460140238125e-01
1.918012387863385904e-01
1.931696613318913125e-01
1.954530149559887964e-01
1.941244933421696905e-01
1.927336742678960047e-01
1.912246237373584901e-01
1.944039635610927963e-01
1.959140354717744115e-01
1.940463967166662917e-01
1.946042688829764111e-01
1.942823493403521007e-01
1.957197950826713995e-01
1.908585651349072043e-01
1.931864450246119913e-01
1.957129849818848022e-01
1.952015056145940120e-01
1.935193868885035917e-01
1.927915467273758898e-01
1.950680982269044073e-01
1.949187986502295966e-01
1.939882510616688094e-01
1.946045353858829041e-01
1.945961975905186880e-01
1.960614876474001123e-01
1.933176550542015093e-01
1.955509964558649894e-01
1.953086522189551033e-01
1.943301525671949914e-01
1.949582012369426021e-01
1.931441238421320039e-01
1.932973684704804018e-01
1.941284507379356927e-01
1.959595469844095106e-01
1.941200770790930952e-01
1.954135410506324111e-01
1.955477173306555128e-01
1.942211052230410073e-01
1.940771421401698005e-01
1.956939586027401923e-01
1.940519712522877083e-01
1.949209042945534986e-01
1.934849648103605935e-01
