-8.942850850760101125e-12
-1.085456932911179617e+00
-1.819522470909259937e+01
-2.287195919690828916e+01
-3.139690617343254608e+00
1.962609377728251892e-01
1.969233831959762981e-01
1.953606261381108100e-01
1.959515249604694975e-01
1.933048270139630098e-01
1.982992605520774998e-01
1.973185027331363084e-01
1.964730408793257110e-01
1.977361863151237964e-01
1.994681223922135094e-01
1.958803782147900963e-01
1.987271621999633087e-01
1.974809272835693907e-01
2.012853474928726905e-01
2.008846823837472095e-01
2.013190455984426031e-01
1.967282174836041952e-01
2.011413154091135080e-01
1.985624604889122125e-01
2.019523290923498915e-01
1.981596194983797909e-01
1.998640575896113991e-01
2.005718708589636912e-01
2.031962046993325000e-01
2.023742234243346982e-01
1.995423717780467066e-01
2.039001065176891947e-01
2.032307933592960025e-01
2.041644572242440892e-01
2.085411349077609111e-01
2.052942966108433076e-01
2.012262975059757875e-01
2.060673254248228115e-01
2.050428470961740968e-01
2.064029925721529990e-01
2.072214058637482925e-01
2.057937848706239137e-01
2.091394917778741092e-01
2.123889087944847986e-01
2.076000565795783070e-01
2.103777060768685092e-01
2.112302753091215013e-01
2.136650111082885883e-01
2.111219686755518021e-01
2.070554906150998131e-01
2.119840120595984923e-01
2.132931961582630043e-01
2.158522571958089997e-01
2.126566324212273984e-01
2.173359781711410865e-01
2.178910708081681913e-01
2.158442344306097105e-01
2.192505394913170924e-01
2.212909957841137087e-01
2.197154586016979994e-01
2.218293035971125871e-01
2.212685882606978960e-01
2.229268416619356041e-01
2.215064817985810952e-01
2.239524140532437868e-01
2.259459903732619068e-01
2.284265923206635907e-01
2.294022306769956943e-01
2.279590408423174952e-01
2.237065611177561919e-01
2.304905038127925965e-01
2.315786931247207914e-01
2.294016101196580948e-01
2.345741805940332880e-01
2.361175873735752995e-01
2.381909792275470894e-01
2.350693454753874923e-01
2.380860583034765110e-01
2.401283836397138938e-01
2.398354014012945012e-01
2.436151518753278955e-01
2.445917496026047133e-01
2.422887999187444963e-01
2.494073423026585967e-01
2.428184952496663940e-01
2.521433952346068819e-01
2.538353649395898026e-01
2.564456478466330958e-01
2.571474476656653851e-01
2.588337602283966032e-01
2.606554585592782969e-01
2.621032354816872911e-01
2.656302703741423854e-01
2.635422177111658160e-01
2.678911890940027241e-01
2.737764566312113068e-01
2.731777460400330870e-01
2.692765367958542266e-01
2.721439346933480774e-01
2.783307277234614019e-01
2.778663414442218982e-01
2.821475163705478018e-01
2.879480333784029122e-01
2.925837082140462786e-01
2.919318154814373178e-01
2.906874565613917771e-01
2.977362229983371855e-01
2.949358928474326014e-01
2.971627511121295862e-01
2.953540845679040738e-01
2.942568320087443068e-01
2.992616909181152196e-01
2.978145015368979798e-01
2.964345589354294153e-01
2.988067885663898138e-01
3.008647733358623122e-01
2.984598421986244809e-01
3.044939897529426731e-01
3.030630106441827842e-01
3.013866323132369796e-01
3.016649998215235051e-01
3.054622637256508844e-01
3.039024252465521991e-01
3.093767108742920269e-01
3.056489799400026186e-01
3.089455787048583923e-01
3.092289569469813815e-01
3.107925361946726750e-01
3.108424291261008277e-01
3.099658898203032087e-01
3.109131806900644057e-01
3.120599158874851065e-01
3.161779198295321947e-01
3.125821520965654798e-01
3.152093641306513150e-01
3.143207024794585913e-01
3.149123443070783179e-01
3.178274161477023241e-01
3.187964339129715774e-01
3.196835705496043900e-01
3.243932294995371945e-01
3.217536701113773989e-01
3.231814107347114051e-01
3.264821447567627932e-01
3.289501900239537036e-01
3.271756774695397940e-01
3.263725484915238062e-01
3.325821314400945750e-01
3.289709405845722134e-01
3.324717277799658088e-01
3.370958527511659919e-01
3.349477855264968995e-01
3.368040133273255132e-01
3.380186325594581875e-01
3.420483027730399916e-01
3.411310782431571931e-01
3.457527631152073067e-01
3.429878589939365230e-01
3.472459600004916824e-01
3.518607968277966958e-01
3.535533179412881921e-01
3.515919176051406914e-01
3.564521838102048812e-01
3.560872045623734161e-01
3.623074543442253992e-01
3.633745265043196171e-01
3.682679853305081963e-01
3.671775386171776123e-01
3.734681327407189944e-01
3.698360222974358957e-01
3.755038312551592927e-01
3.821980191875730126e-01
3.824312998015865217e-01
3.865640801021189010e-01
3.864697783750541960e-01
3.948227221675736920e-01
3.958853324796490769e-01
4.002401462353455952e-01
4.067151622313857073e-01
4.087520419726943799e-01
4.066600091114854765e-01
4.125949737434824183e-01
4.175645159080754731e-01
4.218380593026909153e-01
4.237872528210451240e-01
4.267518776753165821e-01
4.288987915898364034e-01
4.309729607377016936e-01
4.327003410459446808e-01
4.323806371810079985e-01
4.351286093243806885e-01
4.385978029024673042e-01
4.438755239849141998e-01
4.439939281729957110e-01
4.410502665900317143e-01
4.472945361070498893e-01
4.481591627492707008e-01
4.481779666747530144e-01
4.515162302581622877e-01
4.509544311474888989e-01
4.511031221458050022e-01
4.497351512039609034e-01
4.440489594964133202e-01
4.401235039081665135e-01
4.429390656247078062e-01
4.346221535577243777e-01
4.367156254907061941e-01
4.324489069584717127e-01
4.313265764636851074e-01
4.274070363676183981e-01
4.234648161075306727e-01
4.220855672876180908e-01
4.217658189033783867e-01
4.191497026705093831e-01
4.178146816485969195e-01
4.100598121033898757e-01
4.192992638451956133e-01
4.125903392414705939e-01
4.106399934562581788e-01
4.057550199824765946e-01
4.113328132616786981e-01
4.037566359348209732e-01
4.027113099974857779e-01
4.029216108293919851e-01
3.998088146986694125e-01
4.000963230995115971e-01
3.987743512369129051e-01
3.944424126064137170e-01
3.991598493796694180e-01
3.930597190557960086e-01
3.938984301191461035e-01
3.979256827223731086e-01
3.874742993816179815e-01
3.910778450242364257e-01
3.926661488614980877e-01
3.879436705500615146e-01
3.909673657571883232e-01
3.879401396154573134e-01
3.860901944135713970e-01
3.853148516933171952e-01
3.850961301177954765e-01
3.853325383643977919e-01
3.896759867828041846e-01
3.829454597446930730e-01
3.825319030779353868e-01
3.787686404643467175e-01
3.853379871584032834e-01
3.796759186734388059e-01
3.752414734113755923e-01
3.757711591619661839e-01
3.772674815154672956e-01
3.748592217694995954e-01
3.719051153062223891e-01
3.769586505688832245e-01
3.751933124548333942e-01
3.756119959669982911e-01
3.719039344505979949e-01
3.758545998142373001e-01
3.736603144727788095e-01
3.736278475051946768e-01
3.728615272452481810e-01
3.718488355833717840e-01
3.695393293011071112e-01
3.722026693565042010e-01
3.741553154175535911e-01
3.729149595578659104e-01
3.754876323861566778e-01
3.723767127139155919e-01
3.728948703174390089e-01
3.693738038847074190e-01
3.723257444538348726e-01
3.698906056891901883e-01
3.737175294352588217e-01
3.736086281539092724e-01
3.738833400406799123e-01
3.731540415399379751e-01
3.798874470384200897e-01
3.682380297346043996e-01
3.725410562577771145e-01
3.756911386744388737e-01
3.724322338369295271e-01
3.717017122245940275e-01
3.741116635339908902e-01
3.755328690961527993e-01
3.745252468687507164e-01
3.777463777799204836e-01
3.730714803038858163e-01
3.749763892914754759e-01
3.739113559324911962e-01
3.744206954299066914e-01
3.785565640010742916e-01
3.748867187705068882e-01
3.816772494772885937e-01
3.766052010839662789e-01
3.831492601109782736e-01
3.806750054203431044e-01
3.789164831960440960e-01
3.833715607627043997e-01
3.869951482130196130e-01
3.854599607588873877e-01
3.828108988666448220e-01
3.841403754529422732e-01
3.820121045842216900e-01
3.883177455933035094e-01
3.904732423015715992e-01
3.883470051624394181e-01
3.946640909501735184e-01
3.868195748689006730e-01
3.964991535182033067e-01
3.974364288303978143e-01
3.938094476794714027e-01
3.907757205344959961e-01
4.005467195262221725e-01
3.964481427629796828e-01
4.009283020711725820e-01
3.995910838534669773e-01
4.026409464499914881e-01
4.022337326246718803e-01
4.077384274414612153e-01
4.058814651845019106e-01
4.065169883995120026e-01
4.073055722140030976e-01
4.089772006246271130e-01
4.126673129726642908e-01
4.079692178573949835e-01
4.162659722524658101e-01
4.182886587585951110e-01
4.200441139357348752e-01
4.187117126176708171e-01
4.236162711255980207e-01
4.248206809463236922e-01
4.293632484811505945e-01
4.296564598243103883e-01
4.326453337060832127e-01
4.337902851045106756e-01
4.453471185535767263e-01
4.418700300782232859e-01
4.374629744608096171e-01
4.409915686436848836e-01
4.450704083055749827e-01
4.363963119138972724e-01
4.374613674128449148e-01
4.366055865783363132e-01
4.303424563135384018e-01
4.263701591560983273e-01
4.295714495539361133e-01
4.207804971406604033e-01
4.292597304472203223e-01
4.235713031412647878e-01
4.270878483414404791e-01
4.148370101900142881e-01
4.190430474825094787e-01
4.121601966156239749e-01
4.080037035696768011e-01
4.104148575361484252e-01
4.132292023842201178e-01
4.081805557839841003e-01
4.066832387333650933e-01
4.066978408048709248e-01
4.064476289989654156e-01
4.000636372549677966e-01
3.967250296610759230e-01
4.014628568728134117e-01
3.961627464527978093e-01
3.994489156742174751e-01
3.988855608254299745e-01
3.966409483881772058e-01
3.972265338637002152e-01
3.932018971704879795e-01
3.884669123549051029e-01
3.913003654763176908e-01
3.909025767285184139e-01
3.864858568660565763e-01
3.883896279074983138e-01
3.875534477388932753e-01
3.883314349022226053e-01
3.853297818401454911e-01
3.842445023341968802e-01
3.813307623791661882e-01
3.807182782883787864e-01
3.796786098657711772e-01
3.776555843912495769e-01
3.747979406925976975e-01
3.758601029854491959e-01
3.730368952786841108e-01
3.688268440502917023e-01
3.667011824335139059e-01
3.649085475111242816e-01
3.647679840533202822e-01
3.613583909232662150e-01
3.607951109657622779e-01
3.569015543451459771e-01
3.589345114124961045e-01
3.485110758825969990e-01
3.502901965903748027e-01
3.452129901490860742e-01
3.444956402169226939e-01
3.418585561615359869e-01
3.390840888822913013e-01
3.409494089586952992e-01
3.379726624020161774e-01
3.368959572810739100e-01
3.330657147113958994e-01
3.297712896758676071e-01
3.286070942037849774e-01
3.256786954669165790e-01
3.240853078495699036e-01
3.191457417024300969e-01
3.233018360971953165e-01
3.200741337110237783e-01
3.165788909279110830e-01
3.193479243273378843e-01
3.135512762201969061e-01
3.144709098831612870e-01
3.116002090231079769e-01
3.065357070489099778e-01
3.080838384552586073e-01
3.071891680034021244e-01
3.046121945411842113e-01
3.047958702711526802e-01
3.005234312079677061e-01
3.035999879944489832e-01
3.014780482920406124e-01
2.958439497966617870e-01
2.977072555509885921e-01
2.967524014033591784e-01
2.943192117918864148e-01
2.958886709411716054e-01
2.919399988890160058e-01
2.897735836973917012e-01
2.920653077469810843e-01
2.891547870686160815e-01
2.879393392524962070e-01
2.913876971676961913e-01
2.885833261402079852e-01
2.870800465445891847e-01
2.863081010401412052e-01
2.821916820823691108e-01
2.835134924176859750e-01
2.804790862606493795e-01
2.827836926175870125e-01
2.818532483700337266e-01
2.800007743768095914e-01
2.821171239988349844e-01
2.781826351751677806e-01
2.780134108429077044e-01
2.766019059025996985e-01
2.745172717704680854e-01
2.733578246129105827e-01
2.744619190025965882e-01
2.745915362942772942e-01
2.738953671584918870e-01
2.719971516164216840e-01
2.741193095383910872e-01
2.703920497247749855e-01
2.680089316724479920e-01
2.692072271749867962e-01
2.692164373895633012e-01
2.642658752915453824e-01
2.658109166124209000e-01
2.650330932824346841e-01
2.655296438157561112e-01
2.636409900308482879e-01
2.598557101847577822e-01
2.615138144033996026e-01
2.617203624567328024e-01
2.583471352792247044e-01
2.623964972084830150e-01
2.591328979446670955e-01
2.576617614027001957e-01
2.550597163197569905e-01
2.551782969271160773e-01
2.566960788404982763e-01
2.515357212059995962e-01
2.546029313545762895e-01
2.550942496668199277e-01
2.522426261519478130e-01
2.516125891336823961e-01
2.512453341295891041e-01
2.547952318149098172e-01
2.503905326805127007e-01
2.509716488731666972e-01
2.494159524539694972e-01
2.511257710401935128e-01
2.497733729102563083e-01
2.498547660825710115e-01
2.483958221696183910e-01
2.473729421679977947e-01
2.489312690359992974e-01
2.421296159427976102e-01
2.485587661100299994e-01
2.456414508198938029e-01
2.447472640645257935e-01
2.422294631169477908e-01
2.449942581813978892e-01
2.452048015577837914e-01
2.460574369857886912e-01
2.451567145872803888e-01
2.422573171082657018e-01
2.428372944008276024e-01
2.423913024777497871e-01
2.432444190392872019e-01
2.423693647385493921e-01
2.404785210867859957e-01
2.425572892190505092e-01
2.371064181640467894e-01
2.394862638098902985e-01
2.417982765924442112e-01
2.372576043754472952e-01
2.389829049464423927e-01
2.400837247962575027e-01
2.398568017125871088e-01
2.377205004835523106e-01
2.376411826203108091e-01
2.389388637402120041e-01
2.369061488340201971e-01
2.395249772882606099e-01
2.353579299412565107e-01
2.368213355424353128e-01
2.369122638628131106e-01
2.365526560883695062e-01
2.363425148526054065e-01
2.348612266938865101e-01
2.378069671384707984e-01
2.325112316047462935e-01
2.342845676688674883e-01
2.366294479161578923e-01
2.359446680456362966e-01
2.330749815691587901e-01
2.362363805189200971e-01
2.324830209497459887e-01
2.342213897612593909e-01
2.307272326800816897e-01
2.320783186535801956e-01
2.342816551941045988e-01
2.341468728210782946e-01
2.326553957774308012e-01
2.310316041617375138e-01
2.351905239996658070e-01
2.329120860200014909e-01
2.332111182002760130e-01
2.313616036037018098e-01
2.354088310396227901e-01
2.335420419128703962e-01
2.344933582327778931e-01
2.347236866754212892e-01
2.352991415397842900e-01
2.353849364267789068e-01
2.349006026222263122e-01
2.312197836794414041e-01
2.307178048115967051e-01
2.344182134560142960e-01
2.342962738499224928e-01
2.353458403187747017e-01
2.347744554511690118e-01
2.341078242647477992e-01
2.317574427077838950e-01
2.368227657731762081e-01
2.334941898993239950e-01
2.337903605032737031e-01
2.338680825645579053e-01
2.348435971238858055e-01
2.334862237115638006e-01
2.373424449132618963e-01
2.350543479547342884e-01
2.346092095008590894e-01
2.369429095585570966e-01
2.339684326020770033e-01
2.348300951496826994e-01
2.347985444412538092e-01
2.387335214337786005e-01
2.368952474488131010e-01
2.371190062473519100e-01
2.378924433577248032e-01
2.398727048219568003e-01
2.365348419636179866e-01
2.376757378927293884e-01
2.390544102815626015e-01
2.394801864713382022e-01
2.358240316525500868e-01
2.404765135142248045e-01
2.385801931553508948e-01
2.381757153630952029e-01
2.411215005975690939e-01
2.405354013028710991e-01
2.404899444378179874e-01
2.408594647859473026e-01
2.427600077509206866e-01
2.393231361532466017e-01
2.419489305094414955e-01
2.406976184370240024e-01
2.395444333135696990e-01
2.393786358890852006e-01
2.374073085529939120e-01
2.387479097751880885e-01
2.320581563262318070e-01
2.350113953997153005e-01
2.229261168122491921e-01
2.290447380262589094e-01
2.242616765812107948e-01
2.328248431941226937e-01
2.302583652031900130e-01
2.253280459925290080e-01
2.248897887389885997e-01
2.253645826825086129e-01
2.286540006423826987e-01
2.260504919931607126e-01
2.239147447067630914e-01
2.258279433545566928e-01
2.168662007756420040e-01
2.228012751938593106e-01
2.192413878711358122e-01
2.217549032699744904e-01
2.230627501311643057e-01
2.209836001716080911e-01
2.182363149556950099e-01
2.181076825152032106e-01
2.154155019008117955e-01
2.165310100418879891e-01
2.148464577678982912e-01
2.143571291459795136e-01
2.110766044941339015e-01
2.151541914314850090e-01
2.140366323269629056e-01
2.126330917228121953e-01
2.082859685793105875e-01
2.123569923183281083e-01
2.136037243718021117e-01
2.150496631910044920e-01
2.102465025941371024e-01
2.105842260056204895e-01
2.106105070944704893e-01
2.089779663433659063e-01
2.054682105303478890e-01
2.019105204715966884e-01
2.065125577640936072e-01
2.057349650300588917e-01
2.057683454421105895e-01
2.065206120377184873e-01
2.075980271306482883e-01
2.077672170119518880e-01
2.043232467861804125e-01
2.027487667020198003e-01
2.063318019764485978e-01
2.039400112845649038e-01
2.072187593483220958e-01
2.064587603406584926e-01
2.080438939251665065e-01
2.058711303639627899e-01
2.040445148187665925e-01
2.058924282622313917e-01
2.054457431186395011e-01
2.077427879270125899e-01
2.031601130395324917e-01
2.025189078034088930e-01
2.012789791844634968e-01
2.037521660104346932e-01
1.999016753726768902e-01
2.023984247831036032e-01
2.003143314043321910e-01
1.978472753754619007e-01
2.047967065311598889e-01
1.983655517463158990e-01
2.007536637808720048e-01
2.026660702533716885e-01
2.039807344287425939e-01
2.043522781536125099e-01
2.015346598669993106e-01
2.014447466895931127e-01
2.068569920904141102e-01
2.013084315709441907e-01
2.007380293724310982e-01
1.986067021784719000e-01
2.020785604968816929e-01
1.989511344269508097e-01
2.046875295128953998e-01
2.010052795031825879e-01
1.997758490671656117e-01
2.018269604833813069e-01
1.996631497971856906e-01
2.014533378471239922e-01
2.033216680622721984e-01
2.002370102976284982e-01
2.030919546381096119e-01
2.011766533981168004e-01
1.982105205512973978e-01
1.998927067657965961e-01
2.036823698970648966e-01
2.039968867757087079e-01
2.070037887726524917e-01
2.042791965124818865e-01
2.069666760527459071e-01
2.049187786561232072e-01
2.059884744730512973e-01
1.999548802610744969e-01
2.024968510188505100e-01
2.084704278455757065e-01
2.063275547349507910e-01
2.054526643252694018e-01
2.087953317309250989e-01
2.051875634821553884e-01
2.100227235306781903e-01
2.080339168714938902e-01
2.096544004338717071e-01
2.095277083024298104e-01
2.085704308901686066e-01
2.059342146245642935e-01
2.102500323875471089e-01
2.079501576251149009e-01
2.117073688780826135e-01
2.097060740756556130e-01
2.100522188972409054e-01
2.111757040554038956e-01
2.126110454187641885e-01
2.168187028643666914e-01
2.134056522477904005e-01
2.111669587409331084e-01
2.137776397748933910e-01
2.126962255132374968e-01
2.154389573249584910e-01
2.172261909572086036e-01
2.195523430909930018e-01
2.181360603481675986e-01
2.196812654519144925e-01
2.191789358981864055e-01
2.162378669458948910e-01
2.210339510064406043e-01
2.189525535650312937e-01
2.236438704936137001e-01
2.203582152647330095e-01
2.193936710014929015e-01
2.248931622858897916e-01
2.265664367348698138e-01
2.286252807812854948e-01
2.266473065737590054e-01
2.276414038728938882e-01
2.271312027617908014e-01
2.279480190153126973e-01
2.316522798475617040e-01
2.306271189886034134e-01
2.312184250636840910e-01
2.318713676600553109e-01
2.332231123441803056e-01
2.332840460118401071e-01
2.380130877620653951e-01
2.376297564218352865e-01
2.354336387128435903e-01
2.430132669593914052e-01
2.428163295162006907e-01
2.411581544741515926e-01
2.453203024886964900e-01
2.465689207271108963e-01
2.458931220286620922e-01
2.490095399969534107e-01
2.504087528954851982e-01
2.555316650507418741e-01
2.485639057830626997e-01
2.547344418390605769e-01
2.554263491040827949e-01
2.598692857137956946e-01
2.591674532643808981e-01
2.621155736395254787e-01
2.640486661962339054e-01
2.671529198989340825e-01
2.687023392419071732e-01
2.672780986346814935e-01
2.708604510418298750e-01
2.751073280961084944e-01
2.771226496353341728e-01
2.783467664968176103e-01
2.806206006644101913e-01
2.827388373931781218e-01
2.879074734923799950e-01
2.883483456787070964e-01
2.925365208139317774e-01
2.961438180827580813e-01
2.995438441027523102e-01
3.013349453723007110e-01
3.072268372469725839e-01
3.087298300287132924e-01
3.125187340873407105e-01
3.184115097960669161e-01
3.202592627754861088e-01
3.266979456919082980e-01
3.341647927975454069e-01
3.375593230071485817e-01
3.411217243379037756e-01
3.432450385317079022e-01
3.525520528959529831e-01
3.585782007042790931e-01
3.588569665983198931e-01
3.598804763717529109e-01
3.616456216415355751e-01
3.645975832203174893e-01
3.668951289203118971e-01
3.612658057631923936e-01
3.619373794786852061e-01
3.624111586464867085e-01
3.616209430735197738e-01
3.622772556770854080e-01
3.611847245563464814e-01
3.637428252793626915e-01
3.627359271383649997e-01
3.610078087817131798e-01
3.673620265155557729e-01
3.693817884977012023e-01
3.661783310289881133e-01
3.585995118938123949e-01
3.720518518678520015e-01
3.663330170301626887e-01
3.718602434041187177e-01
3.694468776446925840e-01
3.689013842360805984e-01
3.726678015090088003e-01
3.729689656658485841e-01
3.699748159591894070e-01
3.739347941535989817e-01
3.756775948628223727e-01
3.748297932344843986e-01
3.748132220906147949e-01
3.736804795064023743e-01
3.709020624293116186e-01
3.738715708819397854e-01
3.664422238780922214e-01
3.678592679439103841e-01
3.648928908706512986e-01
3.634711764071433815e-01
3.687508913195148841e-01
3.619893845157969858e-01
3.614643467905722107e-01
3.590372530161906051e-01
3.557905717553337954e-01
3.583156588435070788e-01
3.561735370391259092e-01
3.613908082207237249e-01
3.510651971844429009e-01
3.511583482691358893e-01
3.556727917024997132e-01
3.471516929952115915e-01
3.542416201034950807e-01
3.495282645522980736e-01
3.515744647976615789e-01
3.431028393176142055e-01
3.475016275401417998e-01
3.445755704508196016e-01
3.451504325764058745e-01
3.441894733099943871e-01
3.415254837338090876e-01
3.423927095185457237e-01
3.327975400760606051e-01
3.269182749434330071e-01
3.243070759323086749e-01
3.190113687598724046e-01
3.151332307924339937e-01
3.064863674561116857e-01
3.075106693727848728e-01
3.029864957599209263e-01
2.996141646068185005e-01
2.980395263305745113e-01
2.955208391633136755e-01
2.933418041826356126e-01
2.880308912090144835e-01
2.882324122291807234e-01
2.801882928545276763e-01
2.795293806007391746e-01
2.777175839709197791e-01
2.727445310844641146e-01
2.715711199672347087e-01
2.721144254118353922e-01
2.698789623030858897e-01
2.652717356622218969e-01
2.611641754287956085e-01
2.595227387458624024e-01
2.600512885692589093e-01
2.562166094624326873e-01
2.564621856945907274e-01
2.541462079497238125e-01
2.519453244989618979e-01
2.520876726027835857e-01
2.515453660446856921e-01
2.477424699729147972e-01
2.432218526076604936e-01
2.483371755875428133e-01
2.438743172366074075e-01
2.458091667394876889e-01
2.408913367806611028e-01
2.426102841931598864e-01
2.385172146360199086e-01
2.345297134872764977e-01
2.362491552620095137e-01
2.376377967114119139e-01
2.313322004718960934e-01
2.325880243123671920e-01
2.322127324998967957e-01
2.329163202788241127e-01
2.305041990002283103e-01
2.261663264285257990e-01
2.291702865336238959e-01
2.247868341160162986e-01
2.246868255245668966e-01
2.254315255642506954e-01
2.242939651830506975e-01
2.264865507375385112e-01
2.186223253737329120e-01
2.235397108314527981e-01
2.220966615666354893e-01
2.159486020183825905e-01
2.125021218328921879e-01
2.201539554846337898e-01
2.205653405798994049e-01
2.172387732357768941e-01
2.179138776878682127e-01
2.156842568340673061e-01
2.156429499562280139e-01
2.115346886021265971e-01
2.146078094462182950e-01
2.134400032374318135e-01
2.117671614884651110e-01
2.132596942093031023e-01
2.103466314837627027e-01
2.083779188665537963e-01
2.091293728688148890e-01
2.129328967787194882e-01
2.098623126131367034e-01
2.074281634584053957e-01
2.074698045723797069e-01
2.092567331454492086e-01
2.079839692723607081e-01
2.053436459999574970e-01
2.092128036894990994e-01
2.074492154552831924e-01
2.063456030147761966e-01
2.055644316397151061e-01
2.010614787381297952e-01
2.057181839598725970e-01
2.067421855429029953e-01
2.021408678022053040e-01
2.045640838571269049e-01
2.005421994517954110e-01
2.042309552165532949e-01
2.045234868720942900e-01
2.052679952567522947e-01
2.052341276741785070e-01
2.044690999478794013e-01
1.987501570233723980e-01
2.003357884527401100e-01
2.019974338868558983e-01
2.006929572983708887e-01
2.034512297970205996e-01
1.994682350534046078e-01
1.978973732914325878e-01
2.029061794354652115e-01
2.014300013964654967e-01
2.000284233829228986e-01
2.000827871304337868e-01
2.003038971456291006e-01
1.979779303268646984e-01
1.983690237935868961e-01
2.001873411604229991e-01
1.983694892052005887e-01
2.006616436620715926e-01
2.006165402520118934e-01
1.954166167681966881e-01
2.004381562981107923e-01
2.007459618863902950e-01
1.978616628331834881e-01
2.005828932392806074e-01
2.004202529144462064e-01
1.944309849520902966e-01
1.961234545197003964e-01
1.969622668998786963e-01
1.991980162900635065e-01
1.993306468001372067e-01
1.986948290611295909e-01
1.986309708516880990e-01
1.988540615018694058e-01
1.983677101405897925e-01
1.969916259459837948e-01
1.982996517199095976e-01
1.988202079792948940e-01
1.995475907534106919e-01
1.973024201877675021e-01
1.997023036764767057e-01
1.977621542952884004e-01
2.001755265880079959e-01
1.991620213668160999e-01
1.972947528744281032e-01
1.980731045431252113e-01
1.986326507366293903e-01
1.982223909719607047e-01
2.017751840084177906e-01
1.987455815977912932e-01
1.990985624862509906e-01
1.963669071017963008e-01
1.981281714101408020e-01
1.995304638142587905e-01
2.002375251712812110e-01
1.994800370240168985e-01
2.011948788024577051e-01
1.982221884339624984e-01
1.994028751548407030e-01
1.963334226229095092e-01
2.020957245781578870e-01
2.008890627525146966e-01
1.979666882147944895e-01
1.978114618576551909e-01
2.030019686551051972e-01
1.997843298104914900e-01
2.016528027012378099e-01
1.999871341398813951e-01
1.966653241176314904e-01
2.005322136904109098e-01
1.992755933519251010e-01
2.008491289265653124e-01
2.007177034872633936e-01
1.997448675084214920e-01
2.030340763028317119e-01
2.026038081733599061e-01
1.950321342186616125e-01
2.044986745971303921e-01
2.037385173748700873e-01
2.039869674552098056e-01
2.041686037154565869e-01
2.007742339940334908e-01
1.976104092368863030e-01
2.065048618646204981e-01
2.044086770280152121e-01
1.986238929872707892e-01
2.052245779935434056e-01
2.056787202419901039e-01
2.061592382910729104e-01
2.034940887544046950e-01
1.997566722337248968e-01
2.038689842732568924e-01
2.030991815483917107e-01
2.052175341686164056e-01
2.033028969488921978e-01
2.036121957166265872e-01
2.034549888959155950e-01
2.016981707526216971e-01
2.044839406505991886e-01
1.990734287712501993e-01
2.012651971792727978e-01
2.012327925028931930e-01
1.990218002780989037e-01
2.000116224598174064e-01
2.007145282769974004e-01
1.981278065427392043e-01
1.996044084946259067e-01
1.974907233888074931e-01
1.996055497098447873e-01
1.992791739563946896e-01
2.001020857323513036e-01
1.978724686437886016e-01
1.972356355267314010e-01
1.972507837927867103e-01
1.972003611006216961e-01
1.975486384774872983e-01
1.963449321347763010e-01
1.968672500706477035e-01
1.948448827033942010e-01
1.979513797584135926e-01
1.975101502890609928e-01
1.963441175831067975e-01
1.963803374729617968e-01
1.974907966389070901e-01
1.942900603991166986e-01
1.980825343874068889e-01
1.980131564593025917e-01
1.944879956762244066e-01
1.971321301854876973e-01
1.991560942719685090e-01
1.961796877816240903e-01
1.935624160219041046e-01
1.981195035502130997e-01
1.962132307976302004e-01
1.976121781262321075e-01
1.957560012680766015e-01
1.934064045394729980e-01
1.952158899374455969e-01
1.984352424858955022e-01
1.965900525822950884e-01
1.957999496777783066e-01
1.958518169444805057e-01
1.961441070608775927e-01
