-8.942850850760101125e-12
-1.085456932911179617e+00
-2.011989531351558824e+01
-2.161385165349478399e+01
-3.141225680524081021e+00
1.959748235341735034e-01
1.963173871635494894e-01
1.947232412087860909e-01
1.944201577826374927e-01
1.951880540194813884e-01
1.942779347634608911e-01
1.946588686527782053e-01
1.935349584219097918e-01
1.946748876198790001e-01
1.954953383410462098e-01
1.962516868680828919e-01
1.957741675784303026e-01
1.972685649947346909e-01
1.983401270136866956e-01
1.934942277657512866e-01
1.929656221395353033e-01
1.960843170143493075e-01
1.955350236594063928e-01
1.967120072227132865e-01
1.987736139475305974e-01
1.968774255508415061e-01
1.970943347177755989e-01
1.942669265143597002e-01
1.981741132452153886e-01
1.974871270968054926e-01
1.986480641623954990e-01
1.941849473856689934e-01
1.977788465299288034e-01
1.989491387071770090e-01
1.974238505009734967e-01
1.997426229481598925e-01
1.986717349822796075e-01
1.947666550608496971e-01
1.973986458836652913e-01
2.012443731107962930e-01
1.982513010454950986e-01
1.984407083403317007e-01
1.990489125967734862e-01
1.963802644504084871e-01
2.028464101895731120e-01
2.006345570136520984e-01
2.017013055402132882e-01
2.011458932080431028e-01
2.016638047804079903e-01
2.022697650224674903e-01
2.021315316597273870e-01
1.999130809489640115e-01
2.014497403598413117e-01
2.023236729151189905e-01
2.038211948934353923e-01
2.017448698772678906e-01
2.011163879345228001e-01
2.015914391034381026e-01
2.013116808552228021e-01
2.032906566773557966e-01
2.038791280931218919e-01
2.066553023811935064e-01
2.040471339188379973e-01
2.030164554668965893e-01
2.053292773216073008e-01
2.041611068340500046e-01
2.068316648194716001e-01
2.055633096845300989e-01
2.049976159510852880e-01
2.060153611505635973e-01
2.090085580459238868e-01
2.081135578616739867e-01
2.059197919167060908e-01
2.053099228060895898e-01
2.063222539548562051e-01
2.100648089577812905e-01
2.067821578270480076e-01
2.103295167398631926e-01
2.075132171405822123e-01
2.109825857180502862e-01
2.081073970121999073e-01
2.130270844903719984e-01
2.111995420782585009e-01
2.137430710312478999e-01
2.134059797368045019e-01
2.159967590534715987e-01
2.116895076610998960e-01
2.137228442842080134e-01
2.135048532476289951e-01
2.177412833970880091e-01
2.163406331614967926e-01
2.174710384440740885e-01
2.189840770516116031e-01
2.156091306038165900e-01
2.147013481779959931e-01
2.206901616690674917e-01
2.187859274931455988e-01
2.166261516436235879e-01
2.205783437352182019e-01
2.191320982036454035e-01
2.193201524825205972e-01
2.195446171119208867e-01
2.197869061419006897e-01
2.216393356036676088e-01
2.187816271011089886e-01
2.244216385847492001e-01
2.212650296291641949e-01
2.251792736417186913e-01
2.232963720671559960e-01
2.237243578389666032e-01
2.262513297656361944e-01
2.278626223224023972e-01
2.250398510369298888e-01
2.274092255305557031e-01
2.306080794591933991e-01
2.272582963525955901e-01
2.314294612001452089e-01
2.267712471702374999e-01
2.293080842465226865e-01
2.325964628562831038e-01
2.338426028958578984e-01
2.327071220254607886e-01
2.280993323349191082e-01
2.356448035024865106e-01
2.339609707422868057e-01
2.376426427509525097e-01
2.350276287046466905e-01
2.371348199291883896e-01
2.365668909607545056e-01
2.377909263932148909e-01
2.407582822150372004e-01
2.407559480833630916e-01
2.416178468780063870e-01
2.413480913574574949e-01
2.399434378552627867e-01
2.438688682270122032e-01
2.448856219276659973e-01
2.439085387543623862e-01
2.456357833787614076e-01
2.480519550868235112e-01
2.491380046813755078e-01
2.480168435166973939e-01
2.521501478077641800e-01
2.500469410704067030e-01
2.546864370576181757e-01
2.488464442997805059e-01
2.530162692083010034e-01
2.534855305059054986e-01
2.573945059009736802e-01
2.609725916656345790e-01
2.595135035374034893e-01
2.628002272855256005e-01
2.636625556600600273e-01
2.629327050883741856e-01
2.660110559240163042e-01
2.690805629081143846e-01
2.676410703014567849e-01
2.713000619879424868e-01
2.712004206645399207e-01
2.730119147454311834e-01
2.713216508940359262e-01
2.741194624446157135e-01
2.778903558598638246e-01
2.793393761328477054e-01
2.828353969198296181e-01
2.832932924217979043e-01
2.858398511663822750e-01
2.862208971025558824e-01
2.882496356274090732e-01
2.924384877068723076e-01
2.904377607375908110e-01
2.929931703618183780e-01
2.953653254051190058e-01
2.970649904762451832e-01
3.016683931504003935e-01
3.013267550951886919e-01
3.027800034596699885e-01
3.041194312751215878e-01
3.085591698412313844e-01
3.074390315062435208e-01
3.133794326520799034e-01
3.136691670772970841e-01
3.183201164369551805e-01
3.164888588451640894e-01
3.193827935710562005e-01
3.180439919712186869e-01
3.248737759045570161e-01
3.244044481863144758e-01
3.282668458567741254e-01
3.269305417961705928e-01
3.327995754150515073e-01
3.353154159640350240e-01
3.390088557158731919e-01
3.385554632782558082e-01
3.416258381239328235e-01
3.435554146655311891e-01
3.467760532290546927e-01
3.513976389844614134e-01
3.484785214306262979e-01
3.482595294891758786e-01
3.585811197458544930e-01
3.581706743379354796e-01
3.608804926881510888e-01
3.679401099784023743e-01
3.688043431632985758e-01
3.733744507070074770e-01
3.771711074106705031e-01
3.816774404583905267e-01
3.836030313194390140e-01
3.890369015650801954e-01
3.924981959991147851e-01
3.982797879404634811e-01
4.040294354826343137e-01
4.038208284798148195e-01
4.118252317128843210e-01
4.166324788264775814e-01
4.228549394739041789e-01
4.239944852258301089e-01
4.313534816184118048e-01
4.366972918985728147e-01
4.436982688405403108e-01
4.507027244085045070e-01
4.588998521641169948e-01
4.674551653240890947e-01
4.720255868840965152e-01
4.760136070413403808e-01
4.843311221156971769e-01
4.828972479221845804e-01
4.896061310319920756e-01
4.848009134879698867e-01
4.935562261380179727e-01
4.892598356533665038e-01
4.990093661181612128e-01
5.016760011913513617e-01
5.089160895192522682e-01
5.093368927753751940e-01
5.088978600918178108e-01
5.124680941515715737e-01
5.191194925043370878e-01
5.179268485866075356e-01
5.227924459833053206e-01
5.228248569610746133e-01
5.250267129480707951e-01
5.266875368970654891e-01
5.288790058058575605e-01
5.265771709212908602e-01
5.161941287374710585e-01
5.066799025590830174e-01
4.937892799307663227e-01
4.890968696456530762e-01
4.859049399172645778e-01
4.756121468113824191e-01
4.749140344661325064e-01
4.634491701158997001e-01
4.595275553269769775e-01
4.533626194954670230e-01
4.502127329085420793e-01
4.447996250324880996e-01
4.426312438027010243e-01
4.330429043573482129e-01
4.301942890311643009e-01
4.286313408981636819e-01
4.269572422534209100e-01
4.234353731994683900e-01
4.223900415568205835e-01
4.143859571623242921e-01
4.144799012426920726e-01
4.089460753622108924e-01
4.056267377719248723e-01
4.056347399703785772e-01
4.006105812392998788e-01
3.986772818303661037e-01
3.979905821657465093e-01
3.947270442915469801e-01
3.918090951395803989e-01
3.889393194561635014e-01
3.883412427605169026e-01
3.851468441951508836e-01
3.867796707960033942e-01
3.797704952473150986e-01
3.830118699117864844e-01
3.810131778381273260e-01
3.773803460751449790e-01
3.762289239100516935e-01
3.728477827666509814e-01
3.697293623247495109e-01
3.694363480885177187e-01
3.695072851927915236e-01
3.647940659450276124e-01
3.640587026279977212e-01
3.639009437766128063e-01
3.660269551767881824e-01
3.596152115371529234e-01
3.603660565258918203e-01
3.607829996417591945e-01
3.539115722795290742e-01
3.543721633605669830e-01
3.572061309299113807e-01
3.551771483977766986e-01
3.549024485314338229e-01
3.515189641359596218e-01
3.504027420554357009e-01
3.529790871927068752e-01
3.525372824914941861e-01
3.481872820566663806e-01
3.502301731605951818e-01
3.470942436995413938e-01
3.479955297534236824e-01
3.441137987518952945e-01
3.449659085438718242e-01
3.460161046494029113e-01
3.452254890462815862e-01
3.461179320536955095e-01
3.382601948713032103e-01
3.421175715563912201e-01
3.410835424760323975e-01
3.424690361561834040e-01
3.426131580325408876e-01
3.409244405102653808e-01
3.402738998757888766e-01
3.377872783313605742e-01
3.391178246736685775e-01
3.384991402401985039e-01
3.329510022924930812e-01
3.345571900609707883e-01
3.354109255015352842e-01
3.314480968246183989e-01
3.336527837645260064e-01
3.295940353787013000e-01
3.345149654382669202e-01
3.311499286360721772e-01
3.304671728212972837e-01
3.330690462418668951e-01
3.298815791361123795e-01
3.273932323774866870e-01
3.304883457047647077e-01
3.250623980790114942e-01
3.321213563947592040e-01
3.263727041868506040e-01
3.264026178484408236e-01
3.244162455668088141e-01
3.206938250044504835e-01
3.231011871897954135e-01
3.243999353213850023e-01
3.227468428953086943e-01
3.224274394603020011e-01
3.212349853024943913e-01
3.219705838717493163e-01
3.194049277049986757e-01
3.277205007927511127e-01
3.256744383310680724e-01
3.221439363637927933e-01
3.218803586515249782e-01
3.205911205239608819e-01
3.269133271265498020e-01
3.166564290365356804e-01
3.157517166985028267e-01
3.147710277510505916e-01
3.210003465255586996e-01
3.192576377682890820e-01
3.221279831459841758e-01
3.209570823037288800e-01
3.149407799217032733e-01
3.182618294315684992e-01
3.153231528191204891e-01
3.172093919303387022e-01
3.181887709190858726e-01
3.191662384322734858e-01
3.234859889207393202e-01
3.180412417385580781e-01
3.143915287677391812e-01
3.154627894246818109e-01
3.231932804343110033e-01
3.152152287134549757e-01
3.188465814287033129e-01
3.205828221244287901e-01
3.214750030745173737e-01
3.227356755517467035e-01
3.187955093862517852e-01
3.207700288935614874e-01
3.173147259850567781e-01
3.163102465475162162e-01
3.209098244477429085e-01
3.197380032465034216e-01
3.110702210818144797e-01
3.203164600037644028e-01
3.172044935870687032e-01
3.191346353619762821e-01
3.269400777094916832e-01
3.228726659666458776e-01
3.215846798160649778e-01
3.312899967042847726e-01
3.243701942049574960e-01
3.305863437885739886e-01
3.259995048201425050e-01
3.284989676808152126e-01
3.249363598156940758e-01
3.243399834581259800e-01
3.230034306463058780e-01
3.284342104689830233e-01
3.237658443192447111e-01
3.221904546946054992e-01
3.315973967528718092e-01
3.236489121431391780e-01
3.266946866893533086e-01
3.286900246883083798e-01
3.247759091614321192e-01
3.239215628610399023e-01
3.293658521476324208e-01
3.232604833595169036e-01
3.261584137248224047e-01
3.214417699414852114e-01
3.234824872834786147e-01
3.214533221887118097e-01
3.236245908213709055e-01
3.232381222358046147e-01
3.202352880237702148e-01
3.239684806605347966e-01
3.243568487531089950e-01
3.185881168518125972e-01
3.233462847645744986e-01
3.254043438548706035e-01
3.220208433387580782e-01
3.219979687560897141e-01
3.198655577499009972e-01
3.218438708483455923e-01
3.218242433527958024e-01
3.215448711419680028e-01
3.180962660147199084e-01
3.193646401911636179e-01
3.221356963527635120e-01
3.220611384512918063e-01
3.181599592092340112e-01
3.165306286787417100e-01
3.204137469786513814e-01
3.213633599268069241e-01
3.155687744470940248e-01
3.112030824252526862e-01
3.122372480139012918e-01
3.103614472105249988e-01
3.113891915012784173e-01
3.105448974042566146e-01
3.106559865368268003e-01
3.044032756052983957e-01
3.083351597504481179e-01
3.046741738706406077e-01
3.085317903947779050e-01
3.038442470549919117e-01
3.042860628759739838e-01
3.047620324739175879e-01
3.037281492750238954e-01
2.968684527802220030e-01
2.995274290606403933e-01
3.011038512440000758e-01
2.969710372344577243e-01
2.981596483943699805e-01
2.988868899629025799e-01
2.957199904951088865e-01
2.955987089871762175e-01
2.965984315390070014e-01
2.906101038927283997e-01
2.954139973036531974e-01
2.917536128464038869e-01
2.910646468174120094e-01
2.914966300511795949e-01
2.904558271064914821e-01
2.870224216317787125e-01
2.853184071951195833e-01
2.890912490286743908e-01
2.903931072997161800e-01
2.881309110567356058e-01
2.849898687265864927e-01
2.869112678380669745e-01
2.858587049863969276e-01
2.828445188624579831e-01
2.839001212684877928e-01
2.817710126691349015e-01
2.792350220153322904e-01
2.744179998400343989e-01
2.771433784379900844e-01
2.719136876657368140e-01
2.698588051151160072e-01
2.725881354191576067e-01
2.644444234457081766e-01
2.651850757076033016e-01
2.569583107078027839e-01
2.554200243032959117e-01
2.536337928337418779e-01
2.572629987099785964e-01
2.565357720879419823e-01
2.506396416757163959e-01
2.515452152040936751e-01
2.508753382847130897e-01
2.464243364908293987e-01
2.506953103562111207e-01
2.472594008096216933e-01
2.432127783644131014e-01
2.386955911108006034e-01
2.418955084920159926e-01
2.384165007949496096e-01
2.389786444389944975e-01
2.362640116106967947e-01
2.352905304660400931e-01
2.324646689143224088e-01
2.294280750693536985e-01
2.334067897945137082e-01
2.346102132032699961e-01
2.333775672141090995e-01
2.326317946045060869e-01
2.274246129658795967e-01
2.293412682471072939e-01
2.238486089074299967e-01
2.291724252735669876e-01
2.248257915923174977e-01
2.259456165093108038e-01
2.237710035504434092e-01
2.232506774744980049e-01
2.272788050881709987e-01
2.205051209194758000e-01
2.211093652722080083e-01
2.169514089517677879e-01
2.155402979031817989e-01
2.190796871671767954e-01
2.166828082213504980e-01
2.162630906776115969e-01
2.147997267213949124e-01
2.149766366456186129e-01
2.141892827022529033e-01
2.129168068897444865e-01
2.116128366562697871e-01
2.124867315998651973e-01
2.112003048640609115e-01
2.108225079303645000e-01
2.118123447524357938e-01
2.049853214119403966e-01
2.104051035050532870e-01
2.081015402701117123e-01
2.111147652959695087e-01
2.087094956364481946e-01
2.095863009847835912e-01
2.084124888448470048e-01
2.013712572107438925e-01
2.031831625089892124e-01
2.078720971153679986e-01
2.030618466741639094e-01
2.012558003547832985e-01
2.072242682603770980e-01
2.054774577277790060e-01
1.982620469349243020e-01
2.033590581056838043e-01
2.056640199420466941e-01
1.974099000644176094e-01
2.010128139733504959e-01
2.023081535249131868e-01
2.036323511474616987e-01
2.007149452726194883e-01
2.022511956061658900e-01
1.965305098269695960e-01
2.037665269104143861e-01
2.012204224421665077e-01
2.031258026698362917e-01
2.003125094050643984e-01
2.006860042763931873e-01
2.021950760049185947e-01
1.992412346446582883e-01
2.012384904331465940e-01
2.006034304422633086e-01
2.010574198642869903e-01
1.990382032640476972e-01
1.976476015906538930e-01
1.996110402931449979e-01
1.969388497807091909e-01
1.938381554068618895e-01
2.014454271111408012e-01
1.993535550816946111e-01
1.971757995282157894e-01
2.018968390132747925e-01
2.006158860435262037e-01
1.997029266278063930e-01
1.968993103004595957e-01
1.954936059744017129e-01
1.994512463132218916e-01
2.018481224010172104e-01
1.993421710560724092e-01
1.957510343871119995e-01
2.015205874862734114e-01
1.972053679644386881e-01
2.004341840135973052e-01
2.000685476875025959e-01
1.990789888449601974e-01
1.954751006346552022e-01
1.974409196674798972e-01
2.021325502179824041e-01
1.988680288689415043e-01
1.962490862518670998e-01
1.975486351093239112e-01
1.993161437208844922e-01
2.018928132312624024e-01
2.002170027554247000e-01
1.920460502210608045e-01
1.963719713588057969e-01
1.991851090257303891e-01
2.021286012716103087e-01
2.020964219012834906e-01
2.022538908396883939e-01
1.993102273673239000e-01
2.012080223634032106e-01
2.004283211730142900e-01
2.011767474004824974e-01
2.012107022554494029e-01
2.038975219385180115e-01
2.019520023924558927e-01
2.017925505216731086e-01
2.045099176648602080e-01
2.037260487826300925e-01
2.045094436499700075e-01
2.071038351642587871e-01
2.046146794184756090e-01
2.030089358568973879e-01
2.058419083016606865e-01
2.041606199508052000e-01
2.047322336577659940e-01
2.074755256015194116e-01
2.073896726234470966e-01
2.065021909804888034e-01
2.053009324016850101e-01
2.083636012784534086e-01
2.073149660061971988e-01
2.089092119705469042e-01
2.091581110613567052e-01
2.099079316728408029e-01
2.045534058964827984e-01
2.090147187955259944e-01
2.074484717626101093e-01
2.095451128213423886e-01
2.066794225903796911e-01
2.069822608152007970e-01
2.082450589792441131e-01
2.078379846862435099e-01
2.064633681340410087e-01
2.075535061396455994e-01
2.021450514815789912e-01
2.056008132759127027e-01
2.086009861741278948e-01
2.069302129614219998e-01
2.068775691127099914e-01
2.050313711136891037e-01
2.049288206851740957e-01
2.069528434069499989e-01
2.030964763733192069e-01
2.034633056310559962e-01
2.026000118225035063e-01
2.023936560127407025e-01
2.009435529428237888e-01
2.057258855233317918e-01
2.031838937115054977e-01
1.983471081486151977e-01
2.032602122414916002e-01
1.975775204738368096e-01
2.018706067951749061e-01
2.049300919545734012e-01
2.017592638852467868e-01
2.025603927153379058e-01
2.035419261251510126e-01
1.998122108197540048e-01
1.982372509932653903e-01
1.989641728239233132e-01
1.976153431157464946e-01
2.042076600693712995e-01
1.974389882964887044e-01
1.993554848409805069e-01
2.003052899018278876e-01
1.998172531197368040e-01
2.015903310314753893e-01
1.995965520883097033e-01
1.952712639907986936e-01
2.001788654629133024e-01
1.989255430672227931e-01
2.022325858722892888e-01
2.011928592325435972e-01
2.018677397657021033e-01
2.010897490876905891e-01
2.013475129579100908e-01
2.012484517736130019e-01
2.009243047577672914e-01
2.043199885738274102e-01
1.998284128324357978e-01
2.027395384626519970e-01
2.003364848666943088e-01
2.011524242718256972e-01
2.019566416551651922e-01
2.002054913536309988e-01
2.045163787242613995e-01
2.028594036189322880e-01
2.045480939932803055e-01
2.052758480986695000e-01
2.034235494339874939e-01
1.993133733440750066e-01
1.983677166543343917e-01
2.068685515273372133e-01
2.001522145320575041e-01
2.021143056394336113e-01
2.048773936854423050e-01
2.047674794842629098e-01
2.096028649573314084e-01
2.071168678047521083e-01
2.049575616697273950e-01
2.065083702764475004e-01
2.020630738766008017e-01
2.066291486979164871e-01
2.067255696962768119e-01
2.058182467514224068e-01
2.118698707268387993e-01
2.052001655382952872e-01
2.116961099823412018e-01
2.137535098660797994e-01
2.094297389054579905e-01
2.078821850588052911e-01
2.134405561376394866e-01
2.117716823914823909e-01
2.100193211278827132e-01
2.124639094637734982e-01
2.123269336169346100e-01
2.109979059318148054e-01
2.101246048013644951e-01
2.138374048363702040e-01
2.157031464080043093e-01
2.180727942350386972e-01
2.170023884078232934e-01
2.173302316654772970e-01
2.111703201941327879e-01
2.171335049801632888e-01
2.192563205862320119e-01
2.201367324890977084e-01
2.158040657363752002e-01
2.198998837902222947e-01
2.230028979428470004e-01
2.206282589304761066e-01
2.200717784445568870e-01
2.220756586068612093e-01
2.294254303172975906e-01
2.264529960724767088e-01
2.282030616914728915e-01
2.262088858923037016e-01
2.297720458413221867e-01
2.317366600938164933e-01
2.315636380180597087e-01
2.319276045472727088e-01
2.318967358685203872e-01
2.307022571633152996e-01
2.345036433827220879e-01
2.331067210529461919e-01
2.395511222903803916e-01
2.355482666673893999e-01
2.411832347929487030e-01
2.424740910599199051e-01
2.469998571316315006e-01
2.440477980453460982e-01
2.499062034713838976e-01
2.466405534886497997e-01
2.498055636134464963e-01
2.510004176404229126e-01
2.520268723711204806e-01
2.521294382429861147e-01
2.595940402136711067e-01
2.575435411057420132e-01
2.568079271485815274e-01
2.642168387625770110e-01
2.629921343865859740e-01
2.626065689222030208e-01
2.659126572170720237e-01
2.653607609627582908e-01
2.723699528832113081e-01
2.714040184108980069e-01
2.754258252167405274e-01
2.803876290043229025e-01
2.801562777121939796e-01
2.829992138444533123e-01
2.895193127661092047e-01
2.848199933088093050e-01
2.896720365310342937e-01
2.929689308354574973e-01
2.919415733477023767e-01
3.004799902404545753e-01
3.042436685196840962e-01
3.138671696660769728e-01
3.098197256172205982e-01
3.187854416341148744e-01
3.225231242653491259e-01
3.304094220998677889e-01
3.310259211516544120e-01
3.352363743278513053e-01
3.401732064455901816e-01
3.469032004239270828e-01
3.563969144283816726e-01
3.574516240296802816e-01
3.545913123244955889e-01
3.575187430930784060e-01
3.558757529386927798e-01
3.569852252555164029e-01
3.571464761406442090e-01
3.564062066355767056e-01
3.607445060067039910e-01
3.565024996780705169e-01
3.591171858488316215e-01
3.630193145640654984e-01
3.555505402677435756e-01
3.567222208443107112e-01
3.570779557716691754e-01
3.583501975390638861e-01
3.606371226355467030e-01
3.533114644106373770e-01
3.626878683130697056e-01
3.639362212974593946e-01
3.637579662633217970e-01
3.594995721097539176e-01
3.672855522265571770e-01
3.653945480270093804e-01
3.612633791507054992e-01
3.654985426917914948e-01
3.671514440804189983e-01
3.730955246018937133e-01
3.716200873062990850e-01
3.667631304072203058e-01
3.676007376366401957e-01
3.713231410902426144e-01
3.722158427647451751e-01
3.747212972835133882e-01
3.772952309817116934e-01
3.750884777912341095e-01
3.761131220545680942e-01
3.741577485320087271e-01
3.764872352666596145e-01
3.813861161517250187e-01
3.803287907403283818e-01
3.776464293806018890e-01
3.797059096255079869e-01
3.793620689243167865e-01
3.925615455753604932e-01
3.850847910466148050e-01
3.837560686424448808e-01
3.909601679680541064e-01
3.896274829264264050e-01
3.840315546422448101e-01
3.836252704430508920e-01
3.816184245821052090e-01
3.859439520319870032e-01
3.769723706559580112e-01
3.739502102321234922e-01
3.681011341160047023e-01
3.549560670098310111e-01
3.513325471442617087e-01
3.409501128323412789e-01
3.340689513754743767e-01
3.319137684551469181e-01
3.229045541140778131e-01
3.212397018799043047e-01
3.189426638137931036e-01
3.153068663778567093e-01
3.083895115144061894e-01
3.041977788673430050e-01
3.013324067403458928e-01
2.979024374427874933e-01
2.943444489171567202e-01
2.938549496011020890e-01
2.890696355995551747e-01
2.875166218664274020e-01
2.819575691575049170e-01
2.770777708629545977e-01
2.752013677128901104e-01
2.795523002599084039e-01
2.671905285463059831e-01
2.672429214572309975e-01
2.680719276364932901e-01
2.673515016121227883e-01
2.651686585086585057e-01
2.651091942230546783e-01
2.613432407262497037e-01
2.631708862469696042e-01
2.583496162395736984e-01
2.523364872502465994e-01
2.505342715541041820e-01
2.533918417944912016e-01
2.518328457498101858e-01
2.472114360492460028e-01
2.484992584907345925e-01
2.482915844375075121e-01
2.486298336286013877e-01
2.421242519410498062e-01
2.435110738601792002e-01
2.431848198601357924e-01
2.404643929137280089e-01
2.379628417944175123e-01
2.374009722520253052e-01
2.372329320384209961e-01
2.348689913750985070e-01
2.324693678603091951e-01
2.304015784892647911e-01
2.335488396978666059e-01
2.336424668379988023e-01
2.302846689763083099e-01
2.287884567812915049e-01
2.295131749743186955e-01
2.238100692552918991e-01
2.265652557877939066e-01
2.272783803534114966e-01
2.212570436937560947e-01
2.213587997932217888e-01
2.236507762253767961e-01
2.257582226154646876e-01
2.232677358348285068e-01
2.235081666788427956e-01
2.210140553253135964e-01
2.157084935301450124e-01
2.193419795127850014e-01
2.186103158858520024e-01
2.167908941112172139e-01
2.187408677734425100e-01
2.156071159798209069e-01
2.138450278107441038e-01
2.181879317960936926e-01
2.102591285437976909e-01
2.115834327887637922e-01
2.128165175807260889e-01
2.103047187343078106e-01
2.144949094684659996e-01
2.060376786484144906e-01
2.117157406868606095e-01
2.097300823127768998e-01
2.107701874166262035e-01
2.063956872306403900e-01
2.094064135723525122e-01
2.086012214819772947e-01
2.115539148983044127e-01
2.086532771876623005e-01
2.040533611135388892e-01
2.072447573156762923e-01
2.036387639562688978e-01
2.011013664252568889e-01
2.069250811012181002e-01
2.050927545854464018e-01
2.056610120852258028e-01
2.060332189565682870e-01
2.029728573037272998e-01
2.032798195568082944e-01
2.043747646288545938e-01
1.995782663806340007e-01
2.041049578195835990e-01
2.033905976131173965e-01
2.032574904170542096e-01
2.036712358520990085e-01
2.019647619994527077e-01
2.022891935660892926e-01
2.051068512696496982e-01
2.020825289041764949e-01
2.018670991697286976e-01
2.013327872133960916e-01
1.985329006369475902e-01
1.997915475934393947e-01
2.022653518210933976e-01
2.032564322192167983e-01
1.964027317288040975e-01
2.016023243851368107e-01
1.983894174771737018e-01
1.979189197696508973e-01
2.027091818557522074e-01
2.020769942992876045e-01
1.983700005971471003e-01
2.014193858010371041e-01
2.020301695779951889e-01
2.035164365864511882e-01
2.003687431689401000e-01
2.002342833277742096e-01
2.020307403627822906e-01
1.989491966645793863e-01
2.006218521340173977e-01
1.963906186380622865e-01
2.018351836782256992e-01
2.002509972660249105e-01
1.995127481201499908e-01
1.964575682554046965e-01
1.982214724653660887e-01
1.980973661664988950e-01
1.997101170196073916e-01
2.007907093865665127e-01
2.000061347726153071e-01
2.002811733087586921e-01
1.992874487432788055e-01
2.011961588350520969e-01
2.030334929498557872e-01
2.012865303410071027e-01
1.996518783198603098e-01
2.028612941601453945e-01
2.004899546304637903e-01
1.997034532544283980e-01
1.986604295916354068e-01
1.984187338465507877e-01
1.993808149262779883e-01
1.970509397829814935e-01
2.028928523673715900e-01
1.950984460756191863e-01
1.977415019459571877e-01
1.966863864298525888e-01
1.979267072716126008e-01
1.967482940794827995e-01
1.999011805663366004e-01
1.963630219905125873e-01
1.982009254793223874e-01
2.002813878356418109e-01
2.003479780155431877e-01
2.016021004463575961e-01
2.008865479129370024e-01
1.958115354458813129e-01
1.979780526407574071e-01
1.972251221168974944e-01
1.977518035855931056e-01
1.927741995615070980e-01
2.051988846659374977e-01
1.996473992847498102e-01
1.979572182973816097e-01
2.034510179231072968e-01
2.017226078609715978e-01
2.012880036608473977e-01
2.029099826425952990e-01
2.007592648022769877e-01
1.985073412030380069e-01
2.030814644046939899e-01
2.033397521127296992e-01
2.014395431840123041e-01
2.047499605683684998e-01
2.017053421319462136e-01
2.027339919991124062e-01
2.049375061519717878e-01
2.024488957993879901e-01
2.033511475143141012e-01
2.007589791055897910e-01
1.995428844944618918e-01
2.020543217546729997e-01
1.998522472270395922e-01
2.029074331536983022e-01
1.980845509585529018e-01
1.993410148979357088e-01
2.014658704494899921e-01
2.003341464485731971e-01
2.009884527118322994e-01
2.009799456978662024e-01
1.979870591490469067e-01
1.989708881808811003e-01
1.979154324539749987e-01
1.998173150681226973e-01
1.990025755809219921e-01
1.978935491824223014e-01
1.977801977531835897e-01
1.972577338737671049e-01
1.969690173678121103e-01
1.984702275161858986e-01
1.969544944080844073e-01
1.974466955955984926e-01
1.986315540119681922e-01
1.970149344301810046e-01
1.981120298643667121e-01
1.954643484331874959e-01
1.966584912059105017e-01
1.991316154267384064e-01
1.955106392685087013e-01
1.960535615021480882e-01
1.975980983456321893e-01
1.982859902566065924e-01
1.989674038448205062e-01
1.953835954605334102e-01
1.929401685736110983e-01
1.964064723296428117e-01
1.966503991938509943e-01
1.955599327838435930e-01
1.923653898423320907e-01
1.956644229168869042e-01
1.950985916852631952e-01
1.940289785655238963e-01
1.946549382405516893e-01
1.926822245250728038e-01
1.958797639323419937e-01
1.950217470084344984e-01
1.940756107556929899e-01
1.961877520407052100e-01
1.926447171230536992e-01
